================================================================
ESTADISTICAS DE USO DE CPLEX
Job: 13
================================================================

ESTADISTICAS GLOBALES:
  Individuos evaluados:     8032
  Llamadas totales a CPLEX: 102483
  Tiempo total usado:       5745,000 segundos
  Porcentaje configurado:   10,0% del baseline por instancia
  NOTA: El presupuesto se calcula por instancia como: baseline_instancia × 10,0%
  Promedio llamadas/indiv:  12,76
  Promedio tiempo/indiv:    0,715 segundos
  Promedio tiempo/llamada:  0,056 segundos

ESTADISTICAS POR GENERACION:
Gen        Individuos      Llamadas        Tiempo Total (s)     Prom. Tiempo/Indiv  
--------------------------------------------------------------------------------
0          134             1552            20,047               0,150               
1          107             473             3,172                0,030               
2          102             870             17,063               0,167               
3          103             799             7,750                0,075               
4          90              499             6,453                0,072               
5          95              441             9,531                0,100               
6          88              254             8,313                0,094               
7          82              591             20,906               0,255               
8          81              1063            32,031               0,395               
9          82              892             30,984               0,378               
10         87              991             33,813               0,389               
11         87              842             13,453               0,155               
12         89              1151            42,641               0,479               
13         77              1234            42,828               0,556               
14         85              1258            61,719               0,726               
15         78              862             42,422               0,544               
16         81              602             26,531               0,328               
17         83              391             18,922               0,228               
18         82              946             62,047               0,757               
19         78              1067            54,422               0,698               
20         79              912             55,344               0,701               
21         82              1125            64,672               0,789               
22         77              823             45,203               0,587               
23         75              792             54,359               0,725               
24         89              1351            85,750               0,963               
25         79              746             45,281               0,573               
26         81              932             60,313               0,745               
27         80              1439            90,422               1,130               
28         80              1043            64,688               0,809               
29         76              761             34,891               0,459               
30         80              994             69,578               0,870               
31         77              1022            64,813               0,842               
32         83              887             48,891               0,589               
33         78              1151            71,547               0,917               
34         82              920             53,047               0,647               
35         81              1275            72,703               0,898               
36         83              653             38,938               0,469               
37         80              1158            74,156               0,927               
38         82              1262            74,594               0,910               
39         77              1365            103,906              1,349               
40         81              1645            108,891              1,344               
41         88              1284            82,422               0,937               
42         72              767             39,953               0,555               
43         84              955             53,516               0,637               
44         75              886             53,609               0,715               
45         79              839             46,250               0,585               
46         76              955             49,953               0,657               
47         79              1023            69,719               0,883               
48         78              1200            71,703               0,919               
49         73              1091            74,250               1,017               
50         80              2017            154,016              1,925               
51         71              882             49,391               0,696               
52         71              907             46,703               0,658               
53         72              965             57,141               0,794               
54         73              834             46,484               0,637               
55         82              1250            78,672               0,959               
56         78              1150            72,391               0,928               
57         90              1037            58,250               0,647               
58         72              810             43,906               0,610               
59         71              955             52,094               0,734               
60         75              550             24,313               0,324               
61         90              986             60,281               0,670               
62         82              1522            99,063               1,208               
63         78              708             40,828               0,523               
64         70              471             24,453               0,349               
65         70              838             54,891               0,784               
66         74              1362            86,031               1,163               
67         75              1302            78,391               1,045               
68         80              1086            67,188               0,840               
69         76              908             45,188               0,595               
70         77              826             40,031               0,520               
71         87              1063            57,453               0,660               
72         73              970             60,875               0,834               
73         81              1239            69,016               0,852               
74         78              911             44,656               0,573               
75         69              936             48,000               0,696               
76         82              1274            72,547               0,885               
77         77              894             57,547               0,747               
78         82              1179            67,359               0,821               
79         79              1226            67,625               0,856               
80         67              1333            84,969               1,268               
81         72              1199            87,375               1,214               
82         74              1108            65,813               0,889               
83         77              1239            81,469               1,058               
84         79              933             50,609               0,641               
85         80              1469            98,641               1,233               
86         83              1597            95,688               1,153               
87         79              1205            72,500               0,918               
88         76              822             51,688               0,680               
89         80              1450            88,156               1,102               
90         79              1152            72,344               0,916               
91         82              1313            71,766               0,875               
92         74              669             36,984               0,500               
93         75              1138            66,078               0,881               
94         76              920             48,141               0,633               
95         88              1094            68,813               0,782               
96         76              1111            64,781               0,852               
97         66              1034            70,141               1,063               
98         83              1449            90,672               1,092               
99         74              1156            75,188               1,016               

================================================================
