Cost matrix;
0.00	0.19	9.91	12.85	87.68	51.14	56.90	9.02	51.91	24.66	13.67	50.96	41.24	22.05	43.88	18.85	11.39	30.72	23.45	48.41	0.79
0.19	0.00	9.90	12.34	69.23	48.15	53.83	7.99	44.87	28.21	14.55	46.15	45.60	25.79	39.42	19.03	13.27	38.90	28.92	44.55	0.77
8.96	8.42	0.00	4.55	76.67	40.01	44.84	6.79	49.99	28.73	14.33	53.55	55.58	21.66	40.78	24.29	23.04	42.45	33.31	50.29	9.10
11.78	11.12	4.96	0.00	69.08	38.30	36.82	5.59	54.87	28.32	12.46	39.82	52.62	29.40	42.79	31.30	27.01	45.39	27.71	41.18	11.43
82.09	78.08	80.81	67.43	0.00	29.55	25.39	67.42	100.83	81.17	59.95	64.93	128.18	97.68	107.60	81.54	90.81	118.66	80.11	77.33	71.30
48.40	57.90	43.95	43.73	27.90	0.00	0.20	41.94	77.85	51.34	37.07	43.93	98.21	65.83	76.65	69.52	67.79	86.28	45.24	49.11	47.46
54.35	53.79	47.24	42.90	30.22	0.24	0.00	44.03	81.78	53.23	44.53	37.70	88.64	66.57	73.74	65.72	64.55	88.06	54.46	48.45	48.11
9.07	8.84	5.27	5.89	67.72	42.70	39.87	0.00	46.74	25.58	8.87	41.34	53.73	32.66	49.05	27.75	19.60	47.35	27.30	37.61	8.37
45.64	43.11	47.95	45.55	95.83	87.92	78.59	58.38	0.00	66.95	54.34	107.00	58.65	25.67	12.70	56.51	39.38	42.16	70.05	97.41	48.06
23.59	26.87	28.86	29.50	79.83	45.91	53.82	27.46	79.31	0.00	18.23	26.65	49.16	46.44	59.58	24.71	30.19	44.17	0.43	20.22	29.40
14.77	12.23	15.38	13.92	71.90	36.22	43.54	7.77	65.74	19.10	0.00	34.84	55.32	39.44	49.34	24.11	22.03	46.25	16.84	34.11	14.33
50.31	48.72	47.43	41.38	66.67	36.93	37.93	43.44	103.43	28.61	37.20	0.00	72.80	77.41	86.09	44.44	62.21	76.83	28.79	14.95	52.34
38.18	40.94	51.88	62.32	130.87	105.66	90.98	49.78	57.05	48.52	55.78	81.73	0.00	37.80	55.52	31.23	31.87	10.11	47.01	61.56	45.84
24.95	23.68	22.62	31.36	89.02	68.87	63.15	26.01	25.24	54.44	34.84	76.04	39.82	0.00	20.22	27.74	20.94	29.17	54.25	71.84	25.09
45.18	45.78	34.54	42.98	101.56	83.05	70.84	50.18	13.31	66.05	60.10	95.52	58.16	23.10	0.00	50.42	36.33	42.33	63.57	81.30	37.80
18.74	17.51	25.70	29.99	91.12	62.83	70.50	27.82	61.05	22.63	22.73	54.87	28.34	33.29	56.80	0.00	10.45	24.97	23.12	47.80	18.01
12.04	12.28	21.88	23.54	86.56	69.72	62.77	20.93	45.48	28.68	23.79	51.86	28.51	18.09	42.06	11.05	0.00	22.75	33.60	52.32	11.91
35.46	35.30	45.46	45.90	107.30	86.31	77.24	38.98	49.23	53.39	50.89	84.15	9.18	30.46	44.72	26.27	22.47	0.00	52.21	60.47	38.75
27.99	23.51	33.63	26.15	85.95	55.60	53.44	22.44	68.80	0.47	15.48	25.80	47.71	46.09	73.78	26.24	28.79	50.26	0.00	18.66	29.78
43.91	49.75	42.01	41.42	75.21	57.26	47.48	43.31	88.11	16.92	33.16	14.81	72.62	67.00	79.42	38.48	45.50	58.19	21.27	0.00	48.88
0.75	0.88	7.97	13.07	71.63	57.81	49.04	10.39	51.68	26.46	16.01	43.44	45.14	20.64	37.71	16.24	12.97	32.20	27.07	39.92	0.00
~
Delivery quantities;
14 0 8 8 8 1 0 1 1 4 2 0 2 1 4 1 4 4 0 1 
~
Pick-up quantities;
42 12 0 18 0 0 12 0 0 4 4 12 4 0 4 0 4 0 8 12 
~
Vehicle capacity; 
120 120 
~
