Cost matrix;
0.00	123.28	14.33	13.77	72.03	15.56	40.28	85.23	114.50	88.69	27.00	74.42	86.16	98.32	55.82	34.86	41.34	42.13	81.70	84.84	69.61
103.37	0.00	90.96	95.50	31.34	111.34	111.66	34.40	22.91	37.42	109.96	32.54	37.10	25.21	155.52	135.35	143.57	79.59	65.30	26.41	47.49
15.34	94.00	0.00	12.47	59.96	26.98	45.39	73.91	102.09	69.43	39.60	60.49	71.96	101.33	74.58	44.19	43.12	42.09	67.14	74.16	60.79
13.91	93.84	13.51	0.00	61.03	20.47	28.49	65.06	96.26	66.59	31.57	65.60	60.84	93.23	64.82	47.41	49.04	25.80	91.38	73.79	71.47
87.85	33.25	61.89	58.95	0.00	81.87	61.40	13.31	38.30	13.21	85.31	1.47	0.52	30.47	136.01	115.62	103.06	48.07	62.05	26.81	32.40
16.44	112.22	27.05	18.67	84.90	0.00	27.74	76.43	111.48	84.44	18.75	80.58	88.53	111.38	49.99	39.53	36.85	36.26	111.07	103.93	80.57
36.65	105.45	40.31	31.61	75.42	29.58	0.00	70.66	104.87	64.16	21.54	68.01	61.17	98.56	72.00	62.08	75.71	15.54	102.29	98.87	81.79
75.40	37.32	79.59	65.21	11.99	83.78	68.26	0.00	39.75	0.58	89.77	12.63	13.09	43.91	124.22	106.72	128.38	51.26	68.81	39.14	36.38
106.77	25.34	89.72	105.01	37.06	122.19	90.94	48.75	0.00	43.22	126.24	35.46	32.29	0.02	150.29	143.61	130.95	75.90	53.82	11.09	30.29
71.52	31.56	62.96	62.68	13.33	89.84	60.18	0.70	48.71	0.00	85.50	12.47	11.91	41.18	128.86	133.05	125.64	53.44	77.54	37.90	46.32
30.43	131.08	37.82	28.43	84.35	15.37	23.59	88.66	119.63	76.92	0.00	84.53	82.33	107.83	60.85	53.68	52.22	30.86	114.08	102.61	103.18
83.82	30.94	60.06	63.39	1.50	87.93	67.18	12.45	31.28	12.44	94.34	0.00	1.41	36.86	132.43	111.97	101.76	55.59	54.45	27.16	28.40
78.78	33.60	65.01	64.49	0.53	91.78	70.82	12.18	35.29	11.79	86.62	1.33	0.00	33.42	122.23	118.55	104.85	54.32	59.56	28.65	27.96
114.27	22.64	100.34	91.42	34.46	112.46	99.46	38.21	0.02	38.18	106.70	32.80	35.73	0.00	155.47	136.71	130.30	84.04	50.53	10.10	29.10
60.31	149.69	71.41	61.85	141.56	50.16	82.52	141.56	139.67	152.50	69.42	117.73	138.16	142.44	0.00	17.31	18.36	88.28	143.63	145.15	128.90
41.87	160.65	46.36	45.51	117.76	39.70	70.87	113.31	153.60	113.67	57.21	112.47	124.90	131.23	18.17	0.00	0.77	75.10	125.48	115.24	123.26
37.52	152.40	54.74	52.80	123.51	37.51	62.05	131.56	148.70	106.87	48.93	108.53	103.81	131.70	18.17	0.76	0.00	69.11	122.70	121.96	98.89
39.50	82.65	34.59	29.20	52.90	38.63	17.22	51.97	92.53	50.68	39.48	43.43	46.12	91.21	84.72	72.86	73.05	0.00	83.49	81.05	65.25
81.32	72.23	74.26	92.57	57.35	107.58	106.11	69.34	52.47	81.26	111.22	62.32	59.83	46.59	117.50	113.47	132.17	82.46	0.00	45.62	28.78
98.16	27.86	71.27	84.19	25.48	106.65	86.95	39.65	10.50	40.76	108.10	28.57	23.93	11.80	140.14	120.64	120.53	73.95	39.11	0.00	20.00
69.35	47.08	67.03	65.21	25.77	95.19	75.45	41.75	35.93	44.96	93.10	25.60	28.38	29.39	124.27	99.64	115.43	60.53	35.06	19.01	0.00
~
Delivery quantities;
0 1 0 0 4 2 4 0 2 2 1 0 2 2 0 1 1 2 2 1 
~
Pick-up quantities;
20 0 32 18 0 12 0 8 0 6 0 12 0 8 12 8 0 8 0 6 
~
Vehicle capacity; 
120 120 
~

