Cost matrix;
0.00	21.68	0.52	110.53	67.47	73.67	94.42	84.46	11.46	66.65	51.16	61.25	46.99	43.61	42.83	35.69	51.75	69.95	50.75	107.92	94.63
20.56	0.00	19.41	74.47	53.68	51.06	72.80	51.12	35.00	40.34	64.68	70.45	65.83	45.99	52.70	60.41	71.58	56.14	69.80	77.81	93.30
0.51	21.27	0.00	112.50	72.29	83.72	108.91	69.19	13.15	60.12	49.47	57.53	44.37	37.23	38.04	34.72	59.31	78.63	50.90	90.47	98.74
111.99	74.26	102.14	0.00	33.40	32.57	8.73	40.64	118.02	51.41	164.18	150.60	165.24	118.94	133.80	123.33	145.80	33.92	152.79	41.44	0.63
75.93	53.96	76.97	33.60	0.00	3.10	36.14	3.12	86.47	17.87	127.55	139.39	128.01	103.04	121.51	130.36	120.81	1.78	129.38	27.17	35.73
75.98	50.98	82.19	34.23	3.49	0.00	31.79	0.21	92.65	20.27	106.18	135.87	110.86	104.83	117.90	109.22	137.20	2.74	118.46	29.25	34.65
97.46	74.12	85.26	8.20	32.87	32.97	0.00	38.23	98.50	48.33	140.24	144.41	136.76	125.01	139.41	130.76	154.20	35.54	142.54	48.25	8.00
68.23	58.17	75.77	39.52	3.28	0.20	36.68	0.00	87.30	22.24	128.17	132.79	105.50	102.76	123.66	105.22	115.81	2.76	133.61	31.99	33.43
11.02	36.25	12.27	112.83	95.90	81.43	117.94	89.40	0.00	72.78	40.73	37.85	31.79	37.11	36.69	27.74	43.02	83.74	39.22	98.22	131.30
69.21	46.62	68.28	51.28	21.12	19.04	54.73	22.41	71.26	0.00	96.46	107.52	107.00	83.89	118.29	93.27	103.87	19.92	108.88	31.32	57.44
50.81	70.74	50.12	139.02	129.08	122.67	140.04	116.14	42.56	86.23	0.00	41.14	9.20	14.86	60.16	36.80	38.61	116.28	38.12	141.16	145.39
54.00	70.91	61.61	161.95	125.31	133.27	138.79	129.20	39.27	104.36	39.25	0.00	35.95	56.54	32.32	16.02	0.63	121.29	0.31	139.00	175.18
51.10	59.45	45.56	158.41	115.82	112.46	140.51	123.34	31.91	112.57	8.77	33.14	0.00	19.13	47.66	35.32	31.38	116.87	32.99	118.44	129.74
39.40	49.54	39.54	141.13	110.07	108.87	113.25	97.14	35.54	85.73	15.40	51.92	22.12	0.00	55.66	46.05	52.80	102.70	56.04	131.31	125.42
41.99	62.11	41.61	147.97	106.09	108.80	143.42	111.51	31.40	102.00	53.32	31.03	50.62	57.06	0.00	18.93	34.07	103.54	29.51	142.27	154.97
43.22	56.84	42.66	134.95	101.76	111.20	128.99	127.10	27.99	114.01	45.27	16.19	33.79	43.80	21.05	0.00	15.40	119.41	16.64	151.81	132.44
51.47	84.08	50.90	147.28	141.33	127.21	160.55	117.90	42.65	118.96	45.13	0.63	28.05	50.78	33.73	15.91	0.00	137.95	0.33	139.15	154.39
83.81	56.33	81.41	34.41	1.88	2.79	37.66	2.68	85.55	19.21	106.50	117.86	107.44	112.32	121.78	102.70	141.67	0.00	139.84	29.97	35.17
48.27	75.95	60.98	143.97	134.48	118.43	147.98	113.80	37.18	103.64	44.61	0.30	27.93	50.45	33.35	16.03	0.31	129.00	0.00	147.08	156.86
91.18	81.49	105.85	43.20	30.56	27.92	53.53	31.24	114.34	33.51	116.78	166.02	134.88	120.91	134.13	123.75	142.65	31.69	134.84	0.00	46.40
112.50	81.39	92.83	0.70	35.06	36.61	9.12	35.59	122.24	57.05	142.62	158.42	133.51	116.74	121.38	157.58	155.58	38.46	152.19	48.76	0.00
~
Delivery quantities;
0 12 7 3 7 1 0 4 3 8 0 2 4 2 1 4 4 4 4 2 
~
Pick-up quantities;
8 16 24 0 4 0 18 4 4 4 4 8 0 8 0 0 12 8 0 0 
~
Vehicle capacity; 
120 120 
~
