Cost matrix;
0.00	19.55	11.10	8.90	15.85	24.66	8.91	66.97	85.40	77.42	50.60	50.80	29.39	25.57	25.36	8.99	29.04	8.39	16.43	16.66	10.17
17.30	0.00	8.63	8.43	10.22	33.61	10.75	62.07	63.29	49.79	30.79	33.39	31.99	23.99	36.72	9.32	48.75	8.68	12.66	23.41	9.34
10.89	8.57	0.00	5.12	4.92	23.79	1.58	59.26	70.27	67.55	39.60	41.18	33.19	19.17	27.71	5.75	38.76	3.75	8.12	19.35	1.38
8.57	9.30	5.14	0.00	10.10	33.29	5.78	73.12	71.59	58.70	38.72	44.18	27.68	21.75	27.86	0.26	35.34	2.22	15.23	14.77	4.48
14.15	11.92	4.64	11.43	0.00	23.14	5.16	63.70	63.67	59.33	39.60	38.93	32.43	15.19	34.30	9.47	47.93	8.44	3.27	28.45	6.46
24.58	37.70	28.76	26.64	24.22	0.00	25.08	81.66	82.18	66.75	46.67	45.57	52.72	14.21	51.92	28.87	53.88	30.27	21.24	38.49	24.80
10.73	9.52	1.36	4.73	4.90	24.99	0.00	65.43	61.97	56.68	40.93	42.18	29.48	20.99	33.70	6.18	37.40	2.88	8.15	21.80	0.44
71.39	59.03	68.42	77.93	69.11	81.91	60.31	0.00	5.95	7.37	22.57	22.33	82.14	63.29	96.02	66.67	112.04	72.76	56.58	90.80	65.44
77.52	64.10	57.34	69.34	59.20	73.99	60.79	5.19	0.00	2.62	23.70	24.99	79.61	59.06	99.32	75.30	111.23	71.99	55.92	91.08	58.76
82.64	51.90	57.14	62.32	66.64	65.38	58.78	8.01	2.84	0.00	23.68	23.09	80.92	52.60	93.07	65.44	106.45	56.89	60.09	86.27	57.21
50.76	32.65	42.87	46.90	37.01	45.89	43.80	26.18	25.58	21.04	0.00	0.40	61.71	36.37	67.68	40.21	87.42	43.41	33.35	61.44	44.50
54.28	36.25	36.76	38.49	39.47	53.00	41.67	25.00	26.01	21.20	0.35	0.00	57.32	32.59	73.20	40.67	75.49	40.65	36.06	54.65	40.15
26.00	26.80	31.91	23.50	31.35	47.09	33.53	86.23	73.62	70.63	65.12	68.82	0.00	50.88	10.34	22.85	25.29	30.09	43.59	13.31	28.33
28.02	25.29	20.27	25.46	12.46	13.36	20.26	63.67	55.98	65.76	39.21	37.07	49.08	0.00	52.99	27.80	55.77	23.41	12.01	35.08	20.79
20.48	28.59	27.20	27.08	34.04	45.50	28.78	80.26	93.72	78.29	72.81	66.78	10.02	47.15	0.00	23.83	14.06	26.23	41.48	8.02	27.30
9.50	8.99	5.94	0.27	10.80	30.04	5.69	64.21	75.67	71.45	41.97	40.38	24.36	23.67	23.00	0.00	35.76	2.10	12.92	15.56	5.35
30.44	39.09	42.51	37.90	39.35	53.62	41.09	91.74	94.52	100.14	74.44	81.53	24.44	58.59	14.06	33.35	0.00	34.11	43.72	20.00	42.41
10.45	9.00	3.06	2.29	8.48	26.59	3.63	73.20	62.79	62.94	47.27	42.90	28.98	24.68	27.53	2.26	39.63	0.00	11.19	17.71	2.98
17.16	14.72	8.81	12.45	3.17	21.58	9.41	66.09	55.56	64.81	33.69	34.95	35.37	12.13	34.49	15.24	44.00	11.64	0.00	28.05	8.18
14.57	27.48	21.81	18.11	27.82	41.10	21.04	75.62	73.04	75.71	60.78	60.17	12.45	37.88	8.42	16.09	21.59	17.80	28.95	0.00	21.08
9.17	10.55	1.11	4.75	5.45	26.85	0.43	58.22	68.71	70.87	39.89	38.05	27.71	18.58	28.62	5.19	37.81	3.11	9.14	20.18	0.00
~
Delivery quantities;
1 4 4 3 1 14 0 4 0 2 0 0 2 1 1 2 2 2 0 2 
~
Pick-up quantities;
0 0 42 42 0 0 6 8 8 16 18 4 6 0 0 0 8 0 4 6 
~
Vehicle capacity; 
120 120 
~

