Cost matrix;
0.00	16.72	16.93	89.54	51.27	78.91	39.55	81.77	70.69	22.76	54.32	62.56	12.06	29.41	39.96	28.76	45.60	68.31	31.65	55.29	16.15
18.43	0.00	8.87	82.47	62.50	59.87	46.65	51.70	65.71	25.75	35.57	62.36	5.20	41.50	32.29	32.78	60.60	91.38	47.88	61.24	35.16
16.77	9.95	0.00	75.99	69.59	53.01	48.57	56.08	58.67	15.75	36.66	68.44	8.44	41.64	43.18	19.91	72.30	90.40	37.99	62.89	26.57
105.04	94.27	92.48	0.00	125.30	37.18	122.52	39.11	33.19	85.15	60.49	127.75	91.87	148.68	108.99	85.43	129.67	155.22	94.90	153.38	109.94
51.38	69.21	64.06	131.11	0.00	118.29	18.13	112.97	111.32	75.10	87.22	14.91	56.11	38.63	41.91	90.86	27.96	75.02	84.98	0.32	59.77
72.20	59.54	65.41	35.99	100.46	0.00	93.56	2.65	0.30	67.35	22.76	88.77	54.62	94.34	69.84	69.68	122.72	125.14	97.29	115.89	87.73
40.60	44.33	56.40	138.81	14.95	93.52	0.00	94.72	95.23	58.94	78.40	24.33	50.70	32.96	28.64	72.80	22.71	56.04	79.36	15.49	53.00
68.53	56.35	62.58	40.71	115.46	2.70	104.18	0.00	3.09	65.53	27.28	100.49	59.60	109.27	61.55	76.15	125.02	124.92	86.32	104.30	93.27
66.33	53.18	66.86	33.62	108.97	0.30	81.85	2.53	0.00	74.97	22.65	109.14	67.76	114.75	62.96	73.38	109.63	132.40	78.21	108.50	96.53
20.60	23.65	16.68	100.80	78.42	80.76	56.76	78.11	62.37	0.00	49.39	93.74	24.28	55.46	60.54	4.58	70.12	85.60	18.28	85.15	20.43
53.69	37.27	40.23	47.68	90.25	21.20	72.83	24.05	26.04	52.20	0.00	75.35	44.05	81.47	49.59	56.31	100.86	130.16	60.03	89.81	64.07
57.46	55.77	66.21	123.25	14.72	106.36	25.92	93.57	89.82	89.71	78.82	0.00	69.14	49.86	34.20	80.78	39.74	87.63	88.94	14.39	75.05
11.62	5.41	8.93	97.86	63.01	61.88	40.31	69.49	57.17	21.02	36.66	67.79	0.00	36.53	29.13	29.62	56.74	75.50	37.61	63.61	31.99
27.70	45.44	41.76	135.49	38.30	93.03	28.75	113.82	103.43	48.84	87.49	56.58	40.20	0.00	47.97	51.09	20.16	34.31	56.97	42.79	29.53
42.21	31.23	38.27	98.13	45.78	55.83	29.28	55.53	63.54	57.18	42.70	36.08	28.64	46.98	0.00	60.46	59.96	91.97	71.37	40.49	51.30
26.15	28.81	23.45	105.59	75.11	71.95	75.36	78.17	66.43	4.72	52.06	91.42	25.08	58.74	53.81	0.00	65.68	69.35	14.38	78.16	24.42
42.03	52.27	63.29	158.97	28.84	120.17	26.50	118.88	123.81	61.72	95.70	41.40	63.40	18.89	46.48	66.30	0.00	36.50	82.85	27.23	51.19
64.06	74.07	88.26	151.28	71.15	141.14	56.32	126.71	144.52	79.38	105.38	81.74	84.95	33.79	96.54	86.41	37.69	0.00	77.22	59.70	52.24
30.57	42.56	34.54	109.97	102.58	91.37	71.38	92.75	93.57	19.97	62.66	98.88	37.59	50.54	69.14	14.05	65.22	72.99	0.00	85.99	26.18
54.40	60.86	65.87	145.73	0.40	101.35	18.53	99.95	100.73	88.02	91.33	13.83	65.89	42.97	42.86	86.45	26.27	59.77	85.49	0.00	61.26
16.38	32.20	28.41	106.73	74.93	97.41	52.76	85.95	100.52	22.49	64.12	69.66	25.94	27.83	51.15	26.73	52.11	55.61	25.48	73.73	0.00
~
Delivery quantities;
10 0 8 0 1 3 8 2 2 2 0 2 0 4 2 0 0 4 1 2 
~
Pick-up quantities;
0 24 0 28 0 0 12 6 0 12 6 6 6 4 0 4 12 12 0 0 
~
Vehicle capacity; 
120 120 
~
