Cost matrix;
0.00	5.90	110.15	0.82	82.89	5.05	11.08	122.76	50.94	47.20	93.62	0.67	8.00	36.38	49.47	45.69	117.36	47.04	37.88	62.06	92.13
5.40	0.00	92.29	5.45	69.19	3.25	3.90	109.86	46.35	51.19	83.48	5.38	2.75	40.39	55.07	48.36	115.63	47.46	47.68	63.00	83.17
104.09	91.36	0.00	114.05	46.84	94.28	103.72	52.40	70.28	70.91	76.87	104.54	110.82	105.90	142.80	159.04	0.36	123.96	155.21	148.91	28.36
0.97	6.59	95.05	0.00	65.82	6.36	10.94	114.95	54.81	51.48	95.71	0.66	7.80	38.59	47.70	42.55	114.95	43.54	38.12	58.85	80.63
76.97	75.90	46.39	75.46	0.00	63.61	61.51	37.22	21.10	24.48	28.44	66.21	64.00	76.41	107.50	115.34	57.31	99.03	117.62	157.24	24.41
5.13	3.12	102.28	5.83	73.02	0.00	6.60	120.38	46.84	45.80	106.01	4.91	5.14	29.52	53.83	47.44	90.43	40.42	46.47	69.81	80.09
10.55	4.31	93.88	10.13	60.80	6.43	0.00	91.00	37.17	43.39	84.38	9.36	1.35	39.52	55.49	58.57	100.43	40.43	52.52	77.65	80.86
102.60	112.57	56.81	98.12	35.96	113.14	102.12	0.00	61.31	65.91	17.84	99.41	91.22	116.14	143.75	143.68	62.02	129.32	137.64	158.91	44.05
57.43	46.76	70.79	57.21	23.32	42.46	46.64	57.69	0.00	0.19	50.70	50.90	42.09	67.48	103.48	90.07	69.16	71.92	94.53	119.93	37.99
55.08	49.55	62.74	46.66	25.80	47.14	36.20	58.79	0.22	0.00	55.87	45.92	40.67	68.29	93.34	77.22	59.14	77.99	83.32	124.62	36.29
87.36	106.46	77.14	92.20	30.97	105.47	91.24	16.48	46.02	46.32	0.00	101.48	91.61	109.62	144.87	113.24	73.97	103.63	134.95	152.30	42.97
0.57	4.67	114.19	0.69	83.99	4.67	8.90	105.91	47.43	56.96	97.14	0.00	8.46	31.07	41.56	45.48	107.09	46.18	41.33	68.81	85.52
9.83	2.78	112.61	7.79	67.18	5.24	1.37	93.49	46.56	44.51	81.66	8.39	0.00	40.43	54.41	45.73	111.75	40.00	47.74	65.34	80.59
32.80	38.60	109.86	34.25	79.32	34.85	36.45	137.24	72.48	73.92	112.98	32.29	38.66	0.00	68.06	83.13	93.30	67.84	48.32	81.16	82.92
42.39	53.02	171.41	42.14	118.06	44.87	54.98	148.59	83.68	101.54	122.12	48.55	49.24	73.55	0.00	19.89	149.61	28.13	33.04	28.30	133.11
45.75	56.14	132.59	45.78	107.73	58.20	55.28	141.22	78.03	88.95	120.17	45.67	53.89	76.49	21.44	0.00	133.17	14.27	47.08	46.23	132.57
121.48	106.51	0.33	110.61	55.52	108.47	110.65	60.66	66.84	66.05	74.57	112.57	94.65	112.27	140.80	146.31	0.00	148.04	159.62	169.09	26.37
38.63	41.17	123.17	42.39	102.50	45.23	40.47	115.20	73.10	65.33	98.25	45.52	45.66	70.04	32.95	14.79	130.64	0.00	58.11	63.81	102.71
40.72	47.24	155.46	38.18	110.46	40.11	48.86	132.61	86.68	96.83	138.73	38.57	52.76	41.66	35.20	52.41	152.64	53.14	0.00	34.51	111.70
66.95	68.87	180.91	68.78	135.43	77.86	74.08	154.15	105.69	123.02	180.82	73.50	67.50	68.52	28.79	45.60	175.06	61.31	31.90	0.00	133.56
91.25	87.02	25.07	98.06	26.67	89.57	81.10	44.95	42.75	44.14	39.99	93.85	79.56	100.54	125.41	127.33	26.05	112.32	114.22	150.95	0.00
~
Delivery quantities;
5 7 8 0 7 18 0 1 0 4 2 3 0 2 6 1 0 6 2 1 
~
Pick-up quantities;
16 32 18 24 36 0 12 16 30 12 12 6 8 0 0 0 8 0 8 0 
~
Vehicle capacity; 
100 100 100 
~
