Cost matrix;
0.00	33.86	12.65	14.37	33.35	32.58	10.70	71.60	13.25	16.76	22.68	0.49	8.69	8.16	50.64	54.07	36.41	23.50	37.76	40.18	50.45
35.99	0.00	45.75	47.85	59.60	61.51	47.46	93.78	23.50	41.23	57.10	33.60	39.10	40.28	29.33	13.91	5.99	16.89	8.77	0.53	23.54
10.12	43.71	0.00	8.53	24.33	19.55	1.92	68.91	24.78	7.98	19.92	12.41	7.22	3.22	62.21	56.21	49.07	32.87	39.83	42.62	56.94
13.91	43.84	8.14	0.00	20.90	17.21	6.75	57.52	26.37	12.92	11.40	14.74	15.72	9.37	59.02	62.74	50.73	33.29	52.72	44.10	59.91
32.56	72.47	23.62	18.75	0.00	10.88	24.40	52.83	49.47	21.07	25.14	37.92	31.60	28.16	79.16	81.39	66.29	55.84	65.43	70.93	81.18
28.25	63.72	19.54	18.85	10.41	0.00	20.05	49.38	36.27	11.05	29.70	29.18	25.83	23.55	69.66	79.13	53.84	42.77	69.95	59.43	65.91
12.40	39.27	1.73	5.94	22.83	16.53	0.00	68.05	26.46	8.09	19.00	12.33	8.45	4.42	58.24	59.78	53.15	29.20	50.54	38.97	52.27
66.52	94.66	64.13	65.22	46.73	40.08	62.57	0.00	82.08	63.11	72.66	76.85	60.96	61.44	105.60	94.85	97.48	78.71	92.06	97.44	95.59
13.19	21.44	21.17	27.30	50.26	39.50	26.26	91.73	0.00	25.53	35.24	13.82	16.77	17.91	28.95	31.23	26.15	8.38	23.54	23.75	37.53
18.33	40.88	7.25	11.13	21.37	10.65	7.29	48.72	31.50	0.00	23.55	18.54	13.78	10.88	57.56	63.47	52.10	33.60	44.60	44.79	53.75
20.31	55.92	19.25	12.99	21.60	27.59	21.53	68.18	32.50	23.06	0.00	23.96	24.30	22.10	70.46	69.02	65.41	48.41	63.99	63.20	74.72
0.59	38.37	9.80	15.75	30.39	32.90	10.76	78.69	13.69	21.21	21.17	0.00	8.88	9.51	46.24	50.32	42.92	22.69	40.76	31.96	54.57
8.11	34.75	6.79	14.84	26.85	24.91	7.83	59.50	17.62	12.07	24.27	8.85	0.00	4.22	46.17	50.31	38.63	23.96	40.66	33.17	51.01
7.91	42.92	2.84	10.16	28.68	23.44	5.11	68.09	18.00	9.49	20.63	9.44	3.95	0.00	53.47	46.33	44.93	29.82	40.90	34.70	51.48
39.45	25.90	56.27	56.27	80.24	80.13	56.58	117.35	28.99	66.96	61.34	40.25	49.98	52.73	0.00	21.78	32.24	24.89	18.57	30.69	45.67
42.02	13.14	50.30	53.59	68.69	68.61	60.10	116.57	35.62	61.43	76.02	48.83	45.87	48.75	21.11	0.00	12.92	23.18	10.68	14.88	30.72
39.02	4.98	46.71	55.19	76.21	55.17	49.18	91.62	24.05	44.75	59.67	42.78	44.04	42.31	33.37	13.82	0.00	23.38	11.48	4.77	19.27
21.51	13.97	28.62	36.03	54.17	54.12	35.90	95.37	8.33	41.40	49.51	21.39	22.20	25.21	23.71	25.30	19.21	0.00	15.81	14.06	34.38
34.66	10.12	48.74	50.06	64.40	62.29	46.07	93.35	23.68	55.04	54.15	35.74	39.55	45.52	17.44	8.79	12.45	16.88	0.00	8.42	30.51
37.07	0.45	36.91	42.66	59.07	53.90	46.62	82.87	23.69	50.90	57.02	40.47	38.06	43.76	28.31	13.87	4.72	17.65	8.52	0.00	26.29
52.93	27.77	51.16	56.70	81.85	62.79	50.72	96.07	44.95	60.78	83.97	48.57	51.83	57.32	48.66	33.00	22.61	43.13	36.68	24.26	0.00
~
Delivery quantities;
0 1 9 3 1 1 10 1 3 2 0 0 2 3 3 3 2 2 2 0 
~
Pick-up quantities;
54 0 42 28 0 12 0 4 6 4 18 4 12 18 8 8 8 0 18 12 
~
Vehicle capacity; 
100 100 100 
~

