Cost matrix;
0.00	5.95	14.85	14.07	76.80	9.83	80.67	116.02	103.25	97.06	42.42	28.75	26.71	39.40	9.98	72.97	54.12	58.77	88.98	123.92	0.90
5.55	0.00	9.09	18.51	77.10	4.50	62.12	86.29	102.80	96.22	32.14	28.20	24.86	33.59	3.60	64.22	57.51	59.03	90.67	105.77	6.07
16.01	9.43	0.00	29.75	60.29	11.96	57.88	80.43	88.44	76.55	37.21	38.33	22.90	35.90	6.30	67.29	61.92	60.23	78.96	102.87	14.57
12.06	18.75	28.80	0.00	78.29	19.41	96.84	119.84	130.54	106.90	46.10	28.83	41.27	45.62	23.65	60.56	40.00	62.74	112.52	123.59	13.90
69.87	66.75	66.24	79.41	0.00	59.26	0.51	32.95	32.79	31.95	62.02	86.35	51.90	47.49	73.51	111.19	116.74	80.45	28.10	35.31	67.41
9.80	5.39	9.73	23.21	71.58	0.00	72.57	105.58	105.80	101.19	28.20	27.38	17.00	33.40	5.56	58.82	42.55	48.96	81.97	91.44	9.48
76.91	75.61	58.04	99.52	0.62	67.19	0.00	33.94	32.79	29.70	60.98	79.34	60.03	42.84	68.93	102.80	110.04	94.69	30.22	33.89	84.44
104.90	100.84	95.12	113.18	33.72	100.76	31.63	0.00	0.70	2.56	105.69	106.73	88.95	89.38	84.69	148.96	154.44	111.36	48.65	33.09	100.89
115.43	101.45	80.24	128.97	34.93	90.04	32.68	0.56	0.00	3.05	86.42	111.21	91.15	92.70	83.83	147.86	121.75	127.68	47.52	37.00	98.38
89.30	105.33	90.78	124.89	34.74	83.64	37.67	2.79	2.85	0.00	104.25	105.36	82.44	72.31	99.84	143.04	126.75	132.97	43.68	32.38	91.30
36.61	33.64	32.46	44.22	63.87	27.42	68.89	85.86	106.15	90.48	0.00	21.24	17.70	14.86	37.94	37.60	39.73	24.65	76.05	99.83	35.07
24.23	27.55	34.68	25.74	80.40	27.69	72.76	122.87	101.19	112.72	25.40	0.00	28.37	35.45	28.92	37.24	26.80	29.65	95.82	122.72	24.57
27.81	23.50	23.01	43.74	48.58	20.39	58.71	89.84	76.49	78.20	19.39	32.63	0.00	11.96	20.67	49.43	49.27	42.03	82.22	84.48	25.62
36.13	40.28	34.87	57.04	45.60	32.51	44.98	78.30	89.21	72.91	16.29	39.05	10.81	0.00	38.53	54.88	54.05	35.75	63.01	76.38	39.54
8.81	3.56	5.73	19.86	65.54	5.56	60.80	99.42	106.34	92.95	35.94	34.17	23.03	30.73	0.00	72.62	58.37	53.23	86.42	105.06	10.25
61.50	69.92	66.66	60.72	99.12	53.40	94.30	124.98	142.79	147.12	38.60	40.31	54.37	54.91	73.68	0.00	33.95	11.18	112.92	129.16	55.69
43.18	49.00	59.91	39.33	117.85	45.94	116.83	149.65	135.99	129.29	45.37	21.98	59.02	55.40	51.64	31.41	0.00	34.04	124.81	132.18	43.45
56.34	53.63	63.82	56.19	90.05	44.65	86.74	129.14	129.32	117.13	23.40	30.98	44.97	44.61	56.52	11.39	30.08	0.00	86.02	115.60	52.44
109.02	97.35	76.97	101.99	28.12	94.40	27.17	50.75	46.06	45.13	69.76	92.39	73.04	63.16	79.94	101.16	119.10	96.91	0.00	19.69	109.82
107.01	115.04	86.42	130.27	36.08	114.58	41.91	36.97	30.50	36.28	84.49	124.44	93.21	87.02	95.70	140.11	141.70	126.13	18.48	0.00	101.19
0.97	6.34	15.44	11.32	67.96	8.61	75.10	110.89	98.13	104.74	38.55	28.74	26.58	35.84	9.03	60.62	42.78	60.14	97.62	118.40	0.00
~
Delivery quantities;
5 0 6 0 8 3 0 8 4 2 2 1 6 2 0 0 1 1 2 4 
~
Pick-up quantities;
0 12 60 24 48 0 18 0 20 4 0 0 18 12 12 12 0 12 12 6 
~
Vehicle capacity; 
100 100 100 
~

