Cost matrix;
0.00	12.91	35.00	0.86	11.86	1.12	69.55	80.59	75.03	106.21	95.35	117.74	43.39	66.60	109.05	17.98	47.71	90.87	89.22	76.62	88.37
11.03	0.00	47.46	13.48	6.73	10.45	69.10	65.40	71.96	101.04	104.87	90.26	48.42	48.55	77.24	24.83	37.68	82.37	85.45	61.18	85.25
33.69	46.91	0.00	36.68	48.09	33.97	124.93	103.36	102.16	135.52	156.26	129.40	36.98	103.03	116.63	24.45	72.95	140.79	115.77	110.70	134.26
0.83	11.05	37.08	0.00	13.15	0.32	76.08	78.97	84.11	117.27	119.07	98.15	38.38	56.93	108.73	19.50	50.40	106.60	98.13	73.01	102.07
11.40	6.29	44.74	13.78	0.00	10.85	69.76	61.46	63.30	97.14	101.50	91.59	37.66	47.34	90.25	28.58	36.72	88.45	77.84	67.24	80.95
1.10	12.32	38.44	0.40	13.51	0.00	69.27	68.18	71.57	109.75	114.37	117.94	38.68	67.51	84.93	17.32	48.05	96.99	107.59	80.25	80.39
69.04	62.44	115.79	71.65	61.43	74.10	0.00	2.68	2.18	36.61	42.08	34.07	107.28	20.15	18.22	95.44	46.64	35.05	21.06	5.08	24.52
67.53	65.44	113.99	69.80	63.90	78.60	2.29	0.00	0.57	38.15	46.36	37.32	89.36	22.71	18.41	98.31	39.86	33.93	21.39	3.37	23.86
78.42	64.46	124.70	71.60	67.40	86.10	1.88	0.48	0.00	34.55	43.00	40.08	90.40	17.42	20.15	103.32	37.32	34.86	18.47	4.19	28.35
99.38	103.19	140.28	124.47	100.53	125.01	34.81	32.92	34.06	0.00	26.62	25.72	151.70	53.49	15.54	137.19	67.52	33.89	14.02	39.21	36.90
121.39	93.31	135.15	103.42	98.53	97.04	39.74	41.28	46.30	22.90	0.00	4.62	145.34	57.60	24.82	124.64	67.27	12.09	26.86	41.34	66.67
95.14	85.30	155.83	108.45	93.82	102.11	33.09	34.53	37.02	22.87	5.34	0.00	120.28	60.99	19.59	122.99	60.24	7.79	22.80	37.27	56.26
35.92	42.42	39.67	38.50	43.31	37.66	93.37	113.83	98.87	138.17	121.37	125.88	0.00	78.86	125.32	43.34	89.32	144.73	114.48	97.80	109.24
64.81	48.72	107.94	62.07	46.41	56.35	21.36	20.88	21.31	52.45	57.29	55.01	91.30	0.00	42.50	80.19	42.31	54.02	37.59	18.07	28.45
103.14	81.95	117.32	95.79	83.66	108.89	18.83	22.02	19.73	16.49	28.09	23.44	135.10	35.95	0.00	120.32	58.27	21.84	0.51	22.28	36.15
18.65	23.91	24.47	17.66	30.77	16.99	100.63	102.84	93.92	126.85	109.49	122.88	43.98	77.74	121.17	0.00	55.33	114.29	98.47	85.44	116.97
42.69	37.77	90.13	49.06	41.36	53.61	44.96	38.34	42.72	75.54	56.49	51.31	88.85	42.55	57.57	63.72	0.00	54.13	51.48	35.04	60.28
107.77	95.07	136.49	86.40	83.44	96.00	31.52	36.60	36.95	33.48	11.54	7.41	135.16	56.53	26.42	99.00	46.59	0.00	23.02	34.00	51.04
94.23	89.91	120.39	106.06	92.90	98.62	22.27	19.01	20.46	14.16	23.90	20.60	123.35	35.76	0.51	113.28	57.12	22.04	0.00	21.67	31.60
68.25	65.50	106.09	71.92	61.63	77.40	6.13	3.46	3.48	36.02	43.46	41.42	94.99	21.61	20.27	80.50	35.65	35.14	21.90	0.00	31.34
85.09	76.93	140.04	101.55	78.16	102.92	22.28	27.00	24.45	35.10	57.98	53.58	116.70	24.46	36.86	94.89	68.55	61.65	34.18	32.45	0.00
~
Delivery quantities;
0 4 0 6 8 1 2 1 2 2 0 6 1 1 3 0 0 2 1 0 
~
Pick-up quantities;
12 48 32 18 16 0 18 6 8 12 4 12 0 4 12 12 6 12 0 12 
~
Vehicle capacity; 
100 100 100 
~

