Cost matrix;
0.00	65.62	51.75	54.57	15.07	12.59	65.91	76.17	90.78	96.73	81.61	76.58	100.36	99.25	99.88	31.22	47.33	46.94	52.95	50.71	55.26
65.17	0.00	18.10	33.73	58.04	63.45	89.32	91.11	121.73	111.91	114.09	85.67	120.44	107.21	66.85	82.07	87.29	31.83	10.36	11.07	0.58
61.99	14.29	0.00	15.55	62.27	58.63	59.62	65.36	108.83	90.96	96.53	76.07	85.86	89.20	61.88	57.08	90.46	42.25	27.75	23.33	16.73
59.99	31.17	16.37	0.00	54.85	52.03	51.23	52.73	86.95	71.24	78.09	45.83	85.74	77.73	51.81	48.94	64.56	51.34	37.93	36.26	31.12
13.81	63.31	57.40	54.43	0.00	6.63	68.37	65.24	89.74	73.67	66.41	57.83	113.64	100.95	92.46	18.93	35.18	50.36	55.17	64.37	66.35
10.81	65.37	46.37	48.26	5.93	0.00	66.28	59.72	85.90	77.56	82.73	59.48	111.58	97.29	76.38	21.77	34.42	54.19	49.71	60.62	67.89
82.65	86.96	55.78	42.45	69.08	68.96	0.00	1.88	36.84	31.09	24.40	3.65	36.94	40.37	31.86	41.64	65.71	93.12	94.33	84.52	83.07
71.27	86.60	57.21	48.49	73.49	71.01	2.04	0.00	34.99	28.51	26.46	2.83	34.80	40.09	31.49	43.98	65.60	106.42	91.05	95.33	74.49
108.35	99.34	106.62	90.61	90.48	79.00	32.74	31.06	0.00	7.20	14.70	27.63	24.86	38.74	56.82	69.16	74.47	128.22	115.74	110.76	111.69
88.41	104.82	95.31	66.16	76.70	77.19	28.81	25.00	6.23	0.00	6.20	27.78	25.83	41.29	54.01	57.13	57.08	110.32	104.54	108.76	100.28
96.76	116.09	77.98	70.94	74.72	68.71	27.42	22.94	11.35	6.81	0.00	22.36	35.85	42.88	51.86	61.06	51.97	104.36	99.60	114.54	99.37
72.48	92.24	74.15	49.83	70.44	71.91	3.79	2.47	29.48	24.67	18.65	0.00	34.01	39.09	36.08	46.64	57.08	88.17	83.07	87.45	74.48
104.24	119.08	95.95	71.99	90.93	111.49	34.61	33.09	26.01	30.95	32.25	32.56	0.00	10.37	40.17	74.65	91.91	140.40	121.96	114.06	106.57
99.26	118.58	94.34	80.58	108.90	99.94	33.59	37.65	37.94	40.55	36.99	33.75	11.06	0.00	34.80	82.65	90.52	113.87	126.90	102.35	106.40
90.05	74.99	56.73	46.80	77.62	90.95	27.48	29.23	58.72	45.34	55.47	31.55	42.54	34.20	0.00	67.42	87.92	91.68	80.92	78.90	82.57
31.65	80.24	55.81	50.72	23.07	20.20	42.40	51.47	58.92	53.00	58.05	53.80	85.47	83.16	72.36	0.00	19.61	64.46	64.87	65.67	69.15
49.80	85.45	79.33	79.12	36.76	42.19	51.10	54.77	68.70	60.25	59.62	62.77	92.60	91.75	89.37	23.67	0.00	88.85	96.86	84.68	82.56
42.42	30.26	37.79	49.96	49.01	44.12	81.50	92.69	139.02	129.58	118.18	87.40	115.98	130.42	107.41	59.47	95.47	0.00	19.87	18.63	33.99
51.54	11.02	27.34	40.80	58.61	62.31	88.08	94.49	123.43	106.47	102.94	98.00	120.61	119.65	82.97	72.46	92.61	20.19	0.00	0.52	11.42
59.74	9.44	23.67	41.47	60.01	53.68	82.56	98.88	129.84	125.12	95.73	90.72	112.39	114.86	84.12	77.53	99.33	20.01	0.55	0.00	11.88
52.31	0.53	17.28	29.75	69.88	56.57	78.67	82.79	106.50	101.17	97.36	75.08	108.37	94.03	78.11	65.28	96.28	35.74	10.64	11.54	0.00
~
Delivery quantities;
0 1 14 8 1 4 0 0 0 1 4 4 0 3 0 2 4 1 2 0 
~
Pick-up quantities;
12 20 36 40 4 4 8 6 6 12 12 0 12 12 4 0 4 0 18 12 
~
Vehicle capacity; 
100 100 100 
~

