Cost matrix;
0.00	13.78	13.70	0.85	14.17	5.37	8.96	75.01	68.81	73.57	49.16	56.20	38.49	88.21	71.62	16.11	112.78	58.29	105.44	93.02	103.11	30.56	36.72	32.48	56.31	26.49	12.39	17.68	57.00	35.63	53.10
13.38	0.00	5.03	14.83	9.45	8.46	5.02	57.03	61.72	53.65	53.87	50.47	52.52	68.36	69.08	25.71	96.43	51.44	91.76	94.36	84.67	39.53	35.41	39.33	34.78	35.23	26.49	11.46	65.12	37.59	52.51
12.57	5.54	0.00	11.49	3.05	8.39	3.43	64.51	56.16	66.91	53.11	57.39	39.81	69.46	61.71	31.35	103.52	58.14	101.86	86.97	87.53	32.80	27.47	35.30	36.25	29.21	26.45	7.08	64.06	31.48	48.22
0.84	13.85	14.15	0.00	11.70	6.58	10.40	81.38	79.60	73.22	56.60	47.08	38.10	84.22	83.15	18.11	107.53	58.50	107.42	104.89	100.49	33.08	36.47	30.92	46.19	25.12	13.58	18.04	57.44	37.09	41.75
11.96	7.57	2.69	11.80	0.00	9.45	5.40	63.57	70.49	69.77	40.89	52.89	37.12	75.64	65.84	26.89	99.27	53.21	85.64	83.97	89.42	32.07	26.44	37.51	39.10	26.24	22.04	6.22	55.68	31.37	49.37
5.14	8.87	8.98	6.09	9.75	0.00	6.25	76.92	65.83	64.11	56.68	50.78	39.82	84.17	80.51	22.15	91.58	57.94	111.73	93.05	100.62	29.62	34.39	34.77	49.44	33.95	18.52	16.95	63.36	40.42	52.44
10.94	5.90	3.00	10.16	4.41	6.57	0.00	66.13	63.33	71.60	49.04	52.93	40.87	63.27	74.48	27.92	109.58	47.76	86.19	83.93	85.86	32.50	36.99	36.72	41.09	33.36	22.91	10.61	60.57	33.25	59.39
81.95	62.84	64.67	82.24	62.24	67.40	59.26	0.00	2.97	2.45	60.01	83.47	97.71	10.45	9.01	81.29	42.93	89.61	35.24	34.37	57.55	73.29	51.99	98.88	22.89	79.13	92.41	64.85	109.89	70.41	118.79
83.16	65.19	64.40	84.82	59.09	61.43	57.04	2.80	0.00	0.28	57.60	92.14	95.75	13.56	13.60	93.80	39.19	85.73	32.54	32.36	51.46	85.38	45.30	85.02	26.48	89.33	97.51	57.23	104.42	69.90	105.48
73.40	68.17	69.87	81.59	70.02	72.50	63.08	2.87	0.29	0.00	71.88	86.92	97.21	14.09	14.14	82.67	42.45	82.61	41.10	29.37	54.16	73.52	45.57	82.76	23.38	78.49	88.91	63.49	89.44	67.57	98.88
57.36	55.88	43.32	51.33	51.69	52.09	52.66	70.43	70.58	57.20	0.00	22.04	40.73	58.38	54.80	65.92	98.43	24.61	113.43	93.60	101.60	32.50	21.19	99.77	46.32	41.92	57.35	40.62	34.34	18.20	57.96
48.50	50.45	46.62	48.15	51.93	53.02	60.89	79.74	91.85	84.99	26.77	0.00	23.06	92.71	78.44	62.13	126.02	0.34	114.67	131.07	121.45	22.49	39.00	85.03	67.55	26.43	53.73	48.35	12.84	25.00	28.81
40.57	45.19	46.79	39.99	41.71	46.85	43.34	96.68	83.49	84.99	43.00	20.03	0.00	82.30	101.97	51.10	120.34	19.70	119.02	133.10	120.80	11.44	50.33	73.72	76.77	15.33	38.48	38.58	27.46	27.99	11.94
74.58	64.11	75.27	79.47	74.20	84.01	63.21	9.63	12.27	14.23	61.61	77.71	100.05	0.00	0.17	101.60	42.45	89.12	46.42	43.67	57.65	86.11	45.70	92.43	30.16	77.13	94.06	70.27	105.42	54.83	94.86
88.04	73.37	68.55	87.14	65.57	79.64	72.29	10.31	11.99	11.74	60.05	74.04	98.12	0.19	0.00	83.82	42.53	82.00	43.88	42.11	58.09	83.76	48.86	97.84	29.77	95.38	105.00	57.23	93.71	60.85	107.80
18.40	26.22	30.71	16.02	32.81	22.53	26.30	88.23	99.73	99.31	73.27	65.65	53.42	87.01	87.63	0.00	111.95	62.72	102.59	113.49	113.32	39.58	56.95	26.58	73.87	40.33	9.21	32.29	73.23	49.33	55.64
120.02	87.65	90.05	120.79	98.84	100.72	105.02	47.19	38.72	45.83	116.81	111.83	126.33	50.75	53.27	133.25	0.00	139.20	5.07	7.65	22.09	124.42	80.65	104.47	52.29	135.43	132.29	87.82	144.15	103.23	131.97
58.74	58.50	48.73	53.43	55.72	51.45	58.74	79.65	76.03	97.50	22.28	0.33	21.62	88.94	75.61	70.92	129.55	0.00	107.18	114.23	152.45	26.27	37.66	89.95	64.22	32.24	60.46	53.54	13.41	28.33	33.71
109.76	101.74	98.19	96.94	90.67	91.83	90.80	33.39	41.33	40.51	92.00	126.89	121.53	47.91	38.77	115.28	4.42	116.47	0.00	4.42	23.07	107.17	89.27	96.39	60.53	124.06	128.22	82.23	118.13	87.96	124.78
92.08	85.19	79.90	93.38	80.51	83.17	95.22	31.44	32.35	35.26	109.21	120.56	128.73	38.11	42.50	105.29	8.03	125.09	4.92	0.00	22.94	122.38	81.82	99.85	45.39	111.91	108.91	94.58	128.26	106.34	125.61
118.10	88.88	100.05	107.33	86.52	110.65	88.34	61.04	53.59	59.95	128.24	150.32	154.66	61.35	65.76	113.02	19.62	119.57	26.12	26.54	0.00	134.42	96.80	107.34	68.83	113.84	111.43	99.96	164.31	116.87	163.35
33.20	40.80	32.12	31.39	29.19	31.31	37.10	72.30	76.37	91.51	38.94	25.24	11.61	86.95	82.58	37.79	134.88	23.24	109.95	108.99	109.35	0.00	36.13	61.59	68.06	4.41	36.39	30.12	33.59	21.06	26.33
43.57	37.83	31.70	42.46	27.22	39.73	29.72	51.49	50.94	42.62	21.92	38.37	46.87	49.08	45.60	55.94	85.87	39.39	75.81	80.02	92.96	38.99	0.00	67.16	29.18	35.50	50.22	21.53	54.23	17.06	55.05
38.63	38.12	44.31	38.60	42.37	33.06	37.60	94.69	84.70	83.95	81.18	80.69	80.87	90.52	108.71	26.00	106.86	82.26	113.85	99.36	92.35	62.94	70.63	0.00	60.52	52.97	33.30	43.13	105.33	76.39	70.72
50.07	33.53	35.39	53.80	44.61	46.18	38.46	23.03	23.20	22.50	47.52	68.25	77.89	27.61	29.51	74.16	63.51	67.75	57.28	49.57	61.04	62.14	34.38	59.52	0.00	61.59	61.79	35.22	89.94	41.00	81.04
26.49	37.09	28.16	23.42	25.10	34.49	27.82	86.89	73.33	90.39	38.49	25.67	16.64	78.42	81.98	43.27	135.33	31.54	106.78	116.15	121.20	4.88	42.76	53.11	66.71	0.00	26.15	30.97	33.51	22.47	25.36
11.14	27.73	26.97	13.29	28.28	19.15	22.09	96.21	79.41	83.70	69.37	63.00	42.84	97.86	95.88	10.11	115.83	63.42	123.22	106.10	127.18	32.70	48.88	33.75	64.48	31.86	0.00	27.21	66.08	50.44	39.23
18.07	10.68	6.74	17.78	5.40	17.01	9.58	64.03	56.55	54.39	44.06	48.64	45.35	54.80	57.50	40.17	98.41	50.98	88.15	85.38	93.03	30.85	25.16	44.83	34.70	25.71	33.24	0.00	66.22	26.81	57.71
70.94	66.33	57.59	66.06	62.10	65.26	58.25	87.73	87.52	86.02	36.37	12.37	25.27	93.15	107.72	66.97	152.49	11.76	122.96	121.22	132.78	37.63	49.57	87.58	85.03	33.27	61.03	54.11	0.00	36.24	30.53
36.70	35.93	33.59	36.75	28.13	39.91	36.16	65.52	64.09	69.32	15.80	23.86	28.84	59.81	62.00	60.61	97.38	23.84	89.83	100.86	105.79	20.21	17.29	69.98	41.29	24.91	42.60	22.63	39.20	0.00	45.03
42.56	52.97	53.76	48.95	51.93	56.05	46.96	114.25	115.12	109.83	46.63	31.45	13.89	114.68	93.45	55.67	144.23	33.38	156.31	123.80	159.44	25.40	65.74	81.74	85.42	25.46	47.45	53.29	27.97	44.72	0.00
~
Delivery quantities;
1 8 1 0 0 8 1 2 0 6 1 1 6 4 1 1 2 0 1 2 4 4 1 2 0 0 4 0 2 2 
~
Pick-up quantities;
0 48 0 16 12 0 0 18 4 0 0 0 0 8 8 0 0 8 6 8 6 8 0 4 6 8 12 6 0 0 
~
Vehicle capacity; 
120 120 
~

