Cost matrix;
0.00	6.21	6.25	87.81	73.46	88.75	75.95	83.75	75.89	82.75	45.37	50.60	56.84	57.11	105.85	110.81	84.30	72.36	44.93	47.58	49.10	44.38	59.52	43.89	60.12	47.07	14.54	40.46	51.45	124.96	125.37
4.90	0.00	0.41	79.37	78.93	71.38	73.19	74.11	78.11	74.99	49.52	51.65	43.76	45.20	110.53	109.47	83.64	64.04	45.00	46.60	51.75	52.67	63.68	43.53	66.53	58.26	19.51	34.26	57.41	114.65	99.25
5.11	0.41	0.00	67.99	69.22	79.60	81.39	81.88	75.52	72.13	42.46	49.97	48.62	42.68	108.66	110.78	77.47	72.29	50.75	54.93	50.70	56.41	61.96	41.39	69.89	54.50	17.82	33.96	55.46	113.54	97.40
79.27	64.92	65.76	0.00	0.47	1.11	1.28	13.58	13.38	13.17	25.59	30.22	27.01	23.85	35.80	33.57	0.73	2.89	108.60	97.23	128.10	104.99	90.57	90.91	108.34	125.92	76.79	70.81	65.71	38.98	36.79
68.47	72.52	79.60	0.46	0.00	0.60	0.79	12.05	12.38	13.41	26.96	24.80	26.52	28.79	33.45	30.39	0.55	2.79	109.28	111.27	112.53	121.05	100.00	100.15	118.47	128.61	94.43	58.12	68.09	32.57	34.23
85.11	81.60	69.72	0.97	0.55	0.00	0.26	10.59	10.82	11.96	30.43	27.75	25.21	30.96	33.33	32.77	0.66	2.47	134.03	106.16	127.57	112.61	92.12	107.59	98.18	124.11	93.70	61.60	66.81	37.90	30.59
75.84	83.76	81.11	1.22	0.75	0.22	0.00	11.53	10.54	11.52	25.36	30.37	29.26	26.43	37.73	29.21	0.68	2.27	115.92	120.53	111.96	121.57	112.24	87.98	108.45	128.72	86.04	72.50	69.08	38.31	34.37
75.83	79.88	67.67	12.56	11.94	10.96	12.81	0.00	0.48	0.31	31.95	30.48	33.58	27.54	31.98	30.81	13.44	10.52	106.12	118.39	100.56	97.41	100.58	90.42	99.91	120.24	82.39	67.57	67.44	36.68	28.79
72.32	66.94	82.06	11.69	12.01	10.87	10.21	0.48	0.00	0.29	33.28	31.84	27.85	31.92	30.40	30.77	10.48	9.19	122.60	108.74	105.17	97.60	89.74	91.36	103.52	110.45	95.91	63.46	64.90	40.61	34.57
75.07	77.40	80.12	11.74	12.24	12.64	12.48	0.30	0.33	0.00	31.30	35.01	30.34	34.45	29.72	34.19	11.48	10.63	125.33	95.88	105.91	117.50	85.09	87.92	113.55	125.81	89.47	58.16	60.51	36.60	34.62
56.46	51.33	45.65	25.18	29.75	24.86	29.67	29.71	28.97	27.24	0.00	0.38	0.37	0.18	66.27	61.46	29.01	23.36	92.61	93.70	88.36	74.99	91.07	74.61	89.33	103.14	56.56	46.00	52.30	62.49	67.99
49.36	49.83	48.46	26.09	30.17	29.61	26.73	32.59	31.29	27.65	0.44	0.00	0.72	0.20	64.05	60.47	26.57	26.90	95.26	85.62	96.46	92.25	81.10	70.95	76.80	92.30	64.47	40.29	50.49	56.51	63.01
48.84	45.00	49.69	23.94	24.13	26.79	25.94	28.26	30.75	30.81	0.34	0.73	0.00	0.47	60.98	53.93	30.20	26.22	102.32	92.94	89.98	82.09	93.12	76.37	99.41	81.19	66.57	51.93	47.52	65.36	61.68
48.63	42.69	47.73	29.73	24.16	27.51	28.89	27.70	32.24	32.59	0.15	0.21	0.53	0.00	52.79	62.48	27.61	23.72	92.42	95.05	89.85	78.28	74.15	65.40	97.08	103.89	54.49	41.69	53.57	61.62	58.79
104.08	103.42	117.27	38.16	38.35	31.37	35.63	28.49	31.25	30.39	54.74	55.65	57.88	59.93	0.00	10.73	33.99	35.98	149.56	126.76	128.47	117.65	111.08	110.60	143.54	154.75	128.03	86.70	92.82	31.88	10.51
117.70	116.80	110.19	31.57	35.92	36.83	32.39	32.24	35.95	30.62	54.22	65.09	68.39	67.25	11.45	0.00	33.66	30.78	141.51	151.88	158.08	129.93	133.19	132.86	150.35	152.02	120.95	85.43	95.21	20.42	0.18
89.17	67.88	68.95	0.66	0.44	0.61	0.58	13.08	11.46	13.58	24.68	25.40	26.42	27.25	34.57	30.46	0.00	3.10	132.23	107.90	126.96	108.73	92.64	88.25	119.23	109.63	82.85	72.70	66.36	33.80	32.85
83.71	76.81	75.54	2.97	2.39	2.44	2.65	10.26	9.22	8.87	29.17	25.51	27.63	23.37	36.03	36.89	2.97	0.00	129.80	98.42	101.36	103.91	101.06	90.75	117.72	105.63	77.04	64.18	60.37	39.27	38.24
47.77	46.23	55.11	118.32	116.77	121.95	132.62	116.44	110.76	119.40	84.34	82.96	103.68	85.09	159.82	148.06	129.19	106.09	0.00	22.98	10.03	20.26	52.94	27.41	37.96	10.64	33.50	60.85	61.36	156.13	138.95
45.77	47.96	46.03	103.43	123.14	101.25	124.19	109.57	101.73	115.68	93.55	95.49	75.81	95.86	136.47	126.42	96.82	103.06	20.93	0.00	13.75	0.67	30.24	11.46	15.92	14.78	34.57	45.84	49.42	127.04	125.70
48.03	57.13	53.14	123.20	125.47	109.41	109.83	102.07	105.65	101.63	81.55	94.32	93.55	103.32	145.96	157.28	109.66	121.42	11.07	13.91	0.00	13.60	50.07	25.01	31.42	0.41	33.16	57.53	65.24	160.65	135.08
46.70	48.50	52.26	111.12	119.40	100.15	98.28	117.81	94.36	97.28	90.70	88.51	96.75	83.79	132.07	150.50	103.52	117.88	20.38	0.54	12.14	0.00	31.45	12.16	15.31	14.61	30.12	40.74	54.27	139.44	154.10
57.08	70.86	63.63	102.24	113.06	102.77	98.76	103.49	102.41	100.64	88.11	83.68	80.88	77.73	130.39	137.34	101.94	100.12	55.20	29.43	44.23	32.58	0.00	24.70	14.31	43.27	47.17	41.49	35.71	145.74	134.88
42.96	42.06	40.80	91.37	97.08	104.19	106.75	85.38	83.00	83.19	68.20	74.47	72.06	80.00	117.51	130.95	86.15	90.89	33.48	12.47	24.15	12.92	27.90	0.00	17.31	22.08	27.09	34.20	42.29	141.79	119.00
53.55	64.17	57.87	118.56	120.91	116.98	94.83	94.13	111.02	100.01	96.89	88.53	98.68	93.69	141.17	121.67	113.47	107.27	40.75	15.27	25.29	17.00	14.93	16.66	0.00	25.47	42.13	45.02	47.82	147.44	149.79
50.36	54.53	54.29	125.18	122.44	122.63	125.37	130.11	124.01	122.11	98.42	99.66	103.52	97.85	150.52	161.42	108.31	106.54	9.84	12.37	0.37	12.32	45.20	22.66	27.17	0.00	38.03	50.07	66.43	166.25	146.77
16.08	19.75	17.70	89.95	96.33	77.89	86.99	78.00	76.88	79.44	55.04	56.26	54.41	61.77	106.30	109.47	81.07	79.74	34.63	31.98	33.27	31.50	53.58	25.07	44.06	37.37	0.00	28.97	51.64	106.26	131.43
34.73	34.29	38.61	66.27	71.22	63.14	59.88	59.80	62.16	61.87	48.74	47.23	52.07	49.01	88.18	102.91	62.06	64.44	61.80	46.87	47.98	41.38	37.87	27.81	43.73	51.97	31.61	0.00	18.99	100.74	92.08
60.68	49.24	54.76	66.58	62.12	64.81	59.65	64.50	64.01	53.91	46.49	48.03	57.77	56.83	77.92	91.58	68.79	56.75	77.97	52.64	59.28	58.98	35.77	40.00	43.91	62.38	54.79	16.38	0.00	105.79	82.24
102.44	119.84	93.81	39.64	34.67	39.07	33.20	38.71	45.43	38.43	66.45	57.97	65.78	67.27	30.06	23.87	35.40	42.05	150.63	145.56	141.28	148.18	124.43	149.45	129.07	137.23	135.11	111.99	98.79	0.00	20.74
107.42	115.94	93.86	36.49	29.78	32.57	34.50	36.37	35.62	32.48	54.20	66.69	67.65	67.73	11.03	0.15	32.42	38.14	142.81	149.90	150.92	135.83	122.84	142.09	126.62	156.40	119.40	106.38	85.39	22.78	0.00
~
Delivery quantities;
6 1 0 1 2 6 2 1 2 0 6 2 2 1 0 2 4 1 0 2 1 2 4 2 1 1 1 2 1 2 
~
Pick-up quantities;
24 0 8 0 0 24 4 0 4 12 6 0 0 4 6 6 0 12 4 4 0 12 0 4 0 8 4 12 6 6 
~
Vehicle capacity; 
120 120 
~
