Cost matrix;
0.00	10.66	17.89	9.08	52.61	46.02	31.97	106.95	50.02	106.23	64.94	74.83	45.30	29.62	83.76	17.94	112.30	13.22	52.75	46.13	61.55	36.93	51.82	15.32	12.06	13.99	12.34	12.14	87.26	22.06	36.55
10.37	0.00	10.54	3.35	39.61	45.67	21.32	83.86	43.52	94.30	57.43	64.38	35.20	19.25	70.69	26.90	100.23	8.63	64.31	50.15	72.30	50.83	59.91	26.98	1.69	23.85	1.55	1.54	98.20	16.94	25.81
18.69	9.91	0.00	9.45	37.73	35.69	13.82	84.45	30.82	104.32	52.44	53.06	23.87	12.55	65.03	36.94	94.45	17.80	54.44	38.28	56.14	39.09	62.10	38.34	9.44	33.33	7.50	7.66	82.34	24.85	22.20
10.53	3.00	8.97	0.00	48.04	42.71	22.40	88.39	47.24	92.05	49.85	60.85	30.77	18.22	75.12	28.41	94.04	10.51	55.94	40.63	57.23	38.28	57.17	25.88	3.75	23.30	3.97	3.53	100.84	20.00	27.13
48.48	46.96	33.71	42.24	0.00	1.34	18.57	42.37	1.66	62.09	35.32	34.68	34.25	35.82	38.46	69.62	65.80	39.72	93.99	82.25	89.35	79.40	95.40	62.22	44.61	70.84	38.90	39.79	53.20	34.62	25.29
51.79	42.93	35.11	37.33	1.33	0.00	19.76	48.40	0.33	64.37	40.70	37.74	34.28	32.77	35.04	69.12	62.02	40.94	94.85	67.73	94.02	81.20	101.83	59.94	38.48	70.56	38.96	35.49	51.54	38.39	26.73
30.87	21.74	14.11	24.83	22.71	22.89	0.00	62.77	22.14	75.63	38.25	40.20	22.51	15.26	53.19	51.49	69.35	23.73	66.91	51.42	69.74	55.60	70.68	41.96	17.83	43.11	21.38	19.10	77.80	26.92	18.89
93.93	77.88	86.87	98.49	46.57	45.20	62.96	0.00	42.67	14.31	67.30	46.76	61.70	69.50	41.87	113.57	23.86	86.35	112.19	110.98	115.69	128.00	138.66	115.21	88.22	114.74	75.53	85.25	24.14	84.77	68.01
51.77	41.29	37.67	47.65	1.67	0.39	20.57	50.20	0.00	58.89	43.09	33.95	27.56	33.91	40.10	72.71	57.80	41.19	87.86	70.48	85.42	80.20	92.95	62.48	42.62	68.53	36.17	36.36	52.83	35.53	27.90
113.08	102.14	87.95	104.64	54.14	55.35	81.93	15.68	64.20	0.00	66.52	52.35	84.02	99.37	53.60	129.03	23.68	90.77	144.05	123.53	118.18	131.69	136.76	117.79	104.96	134.62	112.23	113.34	28.10	85.75	81.48
71.34	58.99	42.19	55.59	42.93	42.63	39.04	59.12	35.73	77.33	0.00	16.10	22.91	40.56	20.74	77.31	52.08	64.20	64.09	57.25	66.91	59.41	89.65	84.07	57.64	70.05	58.46	53.57	67.99	60.70	52.11
72.20	72.84	49.72	56.19	36.50	36.83	41.62	39.95	30.89	51.70	18.15	0.00	32.62	47.29	3.08	89.42	38.19	60.70	78.50	87.10	74.08	82.43	90.74	95.11	62.04	85.32	67.76	70.29	65.39	66.51	58.53
39.00	36.31	23.44	31.44	35.46	33.08	17.63	62.49	27.34	80.04	24.55	33.39	0.00	14.44	39.28	55.76	76.89	36.22	65.85	43.00	60.10	42.37	66.58	63.80	35.06	48.13	35.10	31.08	74.03	39.03	42.18
31.16	19.45	11.74	16.95	31.08	31.54	12.24	72.56	29.12	95.59	40.05	41.69	12.41	0.00	42.48	45.73	83.14	27.35	61.60	44.63	58.72	44.76	60.64	44.54	17.57	43.82	17.74	17.20	75.09	33.09	30.49
81.41	72.76	57.33	64.88	36.79	35.15	50.55	47.94	36.62	56.35	19.94	2.82	35.76	50.62	0.00	83.65	44.06	68.93	77.71	80.58	76.37	78.30	96.52	90.16	65.87	78.01	64.46	66.88	60.98	71.61	62.10
16.27	24.76	31.37	28.46	68.00	73.23	44.42	97.79	70.46	116.10	90.33	82.67	53.12	51.56	105.75	0.00	119.09	21.78	60.39	45.93	69.67	54.08	52.38	0.46	30.48	11.33	24.14	27.92	113.79	28.77	40.94
116.28	101.71	81.79	96.46	58.99	53.96	71.05	24.01	67.43	22.58	60.14	42.50	64.94	92.41	37.09	122.09	0.00	88.24	114.05	129.31	113.99	121.02	159.67	111.54	109.61	128.66	100.07	110.57	50.92	109.29	94.55
15.42	7.36	15.97	11.74	40.15	42.47	24.64	90.79	36.99	93.37	66.80	70.52	39.91	30.32	80.22	24.61	109.01	0.00	64.95	58.05	72.48	47.70	60.60	21.17	8.35	24.10	8.22	8.11	93.56	9.97	23.37
64.93	67.68	64.22	51.69	95.04	98.13	72.15	119.67	84.29	121.71	60.95	87.08	62.60	58.51	91.62	69.28	119.98	64.25	0.00	16.82	16.54	16.74	28.41	67.12	69.32	54.89	69.40	57.55	131.77	73.40	78.15
41.37	44.44	47.18	38.55	65.40	80.17	53.89	118.51	69.59	138.36	69.76	75.62	44.09	45.68	90.08	47.61	117.16	54.56	16.77	0.00	24.49	0.50	26.92	53.55	45.92	40.85	44.84	49.16	108.53	65.87	76.60
71.41	69.24	65.23	55.77	85.26	83.78	67.16	108.95	75.90	133.35	54.68	75.72	51.64	56.02	79.11	66.92	117.37	76.46	14.69	28.68	0.00	25.87	45.16	80.32	62.24	74.01	61.28	69.20	143.40	89.59	78.06
38.15	48.58	42.63	39.11	67.65	75.80	57.83	109.73	74.68	142.37	67.05	82.33	43.81	47.09	87.52	46.38	121.09	49.92	15.06	0.63	27.66	0.00	23.06	56.07	49.91	43.71	42.50	46.84	111.90	58.49	72.33
42.58	49.64	55.16	46.95	97.75	86.48	76.95	127.29	100.35	149.49	81.78	92.87	61.38	61.24	102.35	56.23	152.85	55.55	31.61	22.63	40.32	27.69	0.00	49.64	49.51	38.07	49.22	49.33	127.53	68.28	70.57
16.92	24.82	35.39	24.51	58.06	56.99	42.28	111.07	64.54	130.32	79.03	90.79	65.56	42.33	81.12	0.48	133.19	25.01	65.35	53.48	73.11	52.39	46.20	0.00	25.90	10.77	24.85	28.73	119.19	33.75	38.97
11.73	1.56	9.09	4.55	45.19	41.26	20.02	96.93	40.44	101.22	55.20	66.58	36.86	17.99	74.67	27.50	87.13	7.93	65.34	48.91	60.04	41.13	53.54	26.37	0.00	23.30	0.29	1.04	83.20	19.97	22.40
13.05	23.33	29.00	21.41	60.37	70.06	41.29	114.15	63.35	125.81	84.18	76.18	53.91	36.44	77.57	9.14	127.86	22.62	53.53	46.01	70.41	39.41	35.70	9.69	21.28	0.00	22.88	26.17	119.24	34.02	39.81
10.85	1.66	7.84	4.17	34.85	39.88	19.53	88.56	38.14	107.63	53.52	55.35	31.20	18.36	70.40	23.94	91.64	7.51	63.92	48.89	63.71	50.94	59.96	23.60	0.32	22.82	0.00	0.75	86.82	16.84	24.46
11.95	1.66	8.36	3.64	37.31	43.70	19.44	83.95	41.47	98.08	60.05	56.69	32.02	17.01	71.73	25.67	90.59	8.69	59.69	46.43	68.25	41.70	50.04	25.80	0.87	23.38	0.73	0.00	76.28	16.37	26.88
89.82	96.57	77.90	79.35	52.04	49.49	76.12	22.81	46.17	27.30	74.15	67.91	70.09	79.44	64.69	103.26	46.14	77.96	133.38	110.11	146.70	111.69	139.10	97.46	96.32	102.13	95.27	85.64	0.00	76.88	64.06
26.34	16.20	22.49	21.15	38.05	36.40	24.75	79.71	37.63	101.30	69.14	63.84	48.60	32.70	78.86	33.38	86.98	10.00	87.93	58.67	73.03	64.22	71.70	30.74	18.82	32.11	19.87	18.87	71.38	0.00	13.76
34.24	28.28	23.03	27.18	24.96	26.35	20.87	66.64	26.85	88.85	52.70	60.92	36.06	34.50	64.43	46.75	87.37	22.89	75.48	62.14	93.65	71.61	84.31	41.95	26.06	46.04	23.28	27.27	61.96	14.12	0.00
~
Delivery quantities;
8 7 12 4 3 2 1 8 4 4 0 0 0 0 2 1 1 0 0 2 2 2 2 0 2 1 2 2 2 0 
~
Pick-up quantities;
0 20 0 18 0 0 8 12 8 12 12 6 12 8 8 0 0 4 4 12 0 0 6 4 0 0 6 12 0 8 
~
Vehicle capacity; 
120 120 
~

