Cost matrix;
0.00	18.28	11.69	79.64	69.33	66.00	32.12	41.60	38.77	49.35	55.93	23.22	17.31	11.61	99.85	67.58	17.83	12.70	43.69	69.68	53.32	60.21	13.05	0.82	17.67	48.04	29.58	48.48	43.19	37.99	43.18
18.57	0.00	12.18	57.11	64.48	62.31	46.61	24.21	25.40	32.99	35.68	33.19	33.72	11.00	73.09	59.87	32.39	31.98	52.75	57.27	53.32	53.85	8.71	15.81	12.33	68.56	47.38	70.45	65.13	53.93	57.35
12.01	11.61	0.00	61.21	59.94	58.43	40.57	34.15	38.75	44.42	40.91	32.98	33.77	2.30	88.99	61.05	28.59	21.75	57.06	72.50	56.86	59.34	3.76	12.78	3.89	60.16	43.76	58.26	47.36	47.71	50.08
68.28	62.67	63.77	0.00	0.06	3.54	109.19	47.48	50.72	28.62	25.72	81.75	93.44	67.82	27.11	6.06	93.14	96.63	114.09	105.47	86.46	90.98	57.43	78.28	68.68	117.05	93.32	138.24	105.16	114.78	114.44
81.17	67.29	60.30	0.06	0.00	3.55	122.96	53.30	54.49	22.50	27.52	94.83	90.15	57.94	26.94	5.04	81.73	98.48	113.63	103.95	90.49	87.01	65.97	67.85	66.09	131.28	104.88	143.28	127.81	116.93	110.55
75.03	60.54	57.01	3.50	3.15	0.00	105.29	50.00	52.80	25.92	21.58	97.78	83.14	61.03	25.34	2.56	84.88	97.59	103.23	107.74	77.31	74.06	56.84	82.21	63.44	102.58	99.65	136.05	107.53	109.18	101.58
31.38	57.16	44.16	118.51	109.47	117.03	0.00	69.45	69.62	76.26	90.00	25.43	25.44	51.42	117.66	104.28	23.89	21.27	23.39	67.05	62.24	79.05	48.88	32.27	53.58	9.75	17.71	19.59	24.61	0.44	7.56
37.89	22.92	32.46	44.81	44.93	47.55	64.95	0.00	0.84	29.82	27.23	45.51	52.97	34.42	56.54	41.72	56.64	53.32	84.77	52.43	42.25	39.55	32.25	42.22	39.21	80.20	63.91	88.38	92.67	65.29	71.37
44.24	26.66	32.23	55.71	54.43	42.04	71.26	0.75	0.00	31.40	31.99	43.34	47.19	29.90	57.48	45.70	60.91	53.79	76.90	46.18	39.71	37.83	31.14	35.12	35.45	90.27	54.82	86.74	91.90	71.41	68.73
47.03	30.79	38.60	27.23	27.28	25.09	87.39	29.01	29.32	0.00	0.34	74.15	59.86	40.87	41.47	27.18	58.98	60.69	81.42	73.66	69.93	75.25	39.09	44.79	32.62	101.90	81.98	117.43	84.02	87.48	90.37
45.23	34.48	44.29	27.36	24.53	23.39	92.12	33.17	31.46	0.34	0.00	67.76	72.15	36.76	47.80	24.93	71.92	57.96	81.07	77.54	70.59	75.29	43.40	47.70	36.24	87.44	75.42	97.95	86.74	87.87	94.10
21.84	36.50	31.58	89.35	101.45	93.79	29.98	41.70	46.01	70.66	63.03	0.00	9.77	31.15	108.37	79.00	27.52	22.33	45.45	44.98	44.13	53.88	29.37	24.12	38.35	41.21	14.17	46.36	42.81	29.34	34.45
20.09	33.31	27.71	94.39	85.29	81.14	19.89	44.13	55.62	69.22	68.67	9.29	0.00	33.19	103.69	98.21	23.47	13.45	39.34	57.79	43.30	54.33	31.85	18.49	37.09	28.88	11.43	43.78	44.57	23.84	28.91
13.27	10.20	2.30	62.23	68.46	56.13	40.72	33.29	37.69	35.76	43.16	31.56	30.32	0.00	86.59	58.25	26.97	23.99	50.38	65.52	52.74	66.32	2.00	12.56	5.28	54.66	40.67	74.63	55.90	50.87	54.66
107.25	70.31	86.96	27.11	26.89	25.85	119.40	67.43	58.98	51.59	52.61	101.76	120.10	77.76	0.00	19.74	109.44	117.61	152.21	114.30	98.21	86.62	88.97	108.62	75.74	138.17	118.70	155.97	148.25	116.51	133.83
85.73	55.02	59.15	5.08	5.12	2.98	101.43	47.21	50.59	25.77	25.74	94.88	94.81	63.92	20.76	0.00	95.95	78.24	124.71	92.64	74.62	73.87	65.64	84.84	66.18	123.70	89.77	122.03	112.28	101.16	117.41
19.50	36.01	22.65	90.36	100.65	99.47	21.84	55.33	53.03	57.01	59.42	34.29	24.22	28.95	117.32	90.80	0.00	10.78	26.71	80.78	76.22	82.21	26.91	19.83	25.76	27.50	33.30	38.85	24.00	22.75	22.98
12.15	31.49	22.00	86.72	82.48	80.24	20.54	48.45	52.25	62.20	64.57	20.08	13.05	24.14	119.50	98.38	11.58	0.00	31.19	69.84	51.97	60.57	21.26	13.84	28.56	27.62	22.76	41.68	29.38	21.59	26.87
42.73	65.01	52.04	100.73	100.91	122.24	22.73	92.37	76.41	91.78	92.21	51.63	45.00	48.82	130.47	111.80	26.37	36.44	0.00	85.42	85.35	103.69	48.49	39.44	57.32	20.35	41.86	33.99	0.23	26.07	18.86
66.52	64.02	65.74	102.11	107.21	86.51	75.89	49.30	51.04	81.47	93.87	42.95	57.75	69.68	97.21	92.73	81.05	69.20	107.76	0.00	12.55	20.34	59.28	55.57	79.19	73.40	59.08	86.85	101.74	73.91	83.67
49.60	46.80	52.41	100.35	87.59	83.75	66.18	41.90	37.60	72.75	72.72	40.69	47.13	60.93	104.95	91.44	62.40	53.70	91.32	12.18	0.00	10.61	55.50	60.27	63.98	84.44	55.49	79.81	99.37	65.59	77.41
60.20	56.26	62.84	91.38	75.18	87.91	86.28	37.40	40.53	74.14	64.24	52.09	52.75	60.84	90.04	71.19	82.37	67.68	108.37	21.71	10.89	0.00	59.52	52.36	58.68	98.42	59.88	89.11	108.13	71.52	76.23
11.91	8.09	4.30	67.50	68.09	62.34	50.48	35.46	30.81	38.23	40.43	27.51	30.53	2.15	94.65	60.20	27.63	27.30	55.49	66.83	57.63	55.58	0.00	10.39	6.11	52.42	37.74	62.46	55.19	46.93	52.60
0.97	16.71	13.05	67.36	69.99	83.26	34.41	39.16	35.89	47.50	56.07	23.21	15.77	13.72	89.70	77.45	17.59	13.81	43.63	56.85	51.17	52.50	11.61	0.00	15.19	39.72	30.92	55.75	39.07	32.03	39.26
16.19	13.97	3.89	70.09	68.92	59.19	45.09	37.11	35.23	38.25	38.79	33.72	36.82	4.44	89.71	65.48	26.64	29.70	48.97	75.93	53.36	57.78	6.80	16.79	0.00	58.45	49.52	62.53	49.61	56.34	49.21
38.31	58.57	58.62	134.41	106.75	116.91	10.68	82.22	87.96	102.53	88.75	35.22	32.49	51.36	133.83	103.23	26.29	26.63	21.29	87.01	73.33	80.48	53.76	40.98	59.32	0.00	26.54	15.14	16.69	11.35	4.47
30.75	45.76	37.61	116.44	97.17	98.84	16.86	62.58	53.22	85.02	82.12	15.62	13.07	43.25	129.48	94.28	31.24	19.81	41.68	59.35	54.33	52.65	36.87	31.25	49.13	28.06	0.00	37.31	45.27	18.60	24.57
51.46	79.27	60.94	117.02	129.60	115.38	21.90	95.91	101.89	96.96	101.15	47.61	43.97	69.40	139.79	117.09	38.57	40.69	31.91	78.21	91.06	84.82	60.44	54.05	64.31	13.65	31.00	0.00	28.61	20.75	18.16
42.24	53.46	56.07	104.72	122.23	99.56	25.95	82.63	84.93	83.59	94.61	52.28	40.71	50.90	147.17	127.09	23.15	30.95	0.22	96.86	83.66	98.57	56.87	47.68	58.16	21.18	45.69	33.40	0.00	21.49	20.40
35.35	58.65	50.49	120.27	124.23	97.44	0.49	70.93	78.93	96.93	82.31	27.67	22.27	42.96	125.49	122.65	22.06	24.76	23.98	73.28	64.56	77.08	42.47	33.52	43.46	10.72	15.79	17.84	27.00	0.00	7.78
43.43	57.20	55.28	101.61	114.02	120.74	7.42	85.31	85.95	93.12	91.26	40.46	30.46	46.41	125.71	118.66	28.86	28.95	19.41	75.92	76.96	88.50	48.23	38.48	55.26	3.97	23.50	15.92	19.39	6.84	0.00
~
Delivery quantities;
10 7 0 4 0 1 4 6 1 0 2 2 4 1 1 1 2 4 2 2 1 1 1 4 2 4 4 1 0 2 
~
Pick-up quantities;
0 0 4 18 6 0 18 8 0 18 0 4 0 0 12 6 6 12 0 0 0 12 0 6 12 8 12 12 6 6 
~
Vehicle capacity; 
120 120 
~

