Cost matrix;
0.00	10.10	16.68	10.43	5.11	78.50	66.48	79.13	46.00	49.29	49.76	86.98	79.45	91.53	84.04	80.42	33.02	44.64	124.58	117.25	88.18	83.99	77.50	123.89	122.23	11.43	8.39	46.80	5.90	60.84	43.90
9.24	0.00	11.61	2.64	4.73	70.27	73.09	57.71	44.37	43.22	42.43	69.53	70.24	76.88	71.88	66.71	38.42	44.58	107.94	104.01	75.69	74.32	78.80	90.70	90.42	20.94	1.88	35.09	4.21	47.15	35.29
17.35	9.26	0.00	6.91	15.54	56.29	63.60	60.47	49.19	48.57	39.86	59.65	60.38	72.66	73.41	60.95	48.48	45.72	88.68	100.83	61.04	56.64	65.28	102.71	107.61	31.23	10.79	27.83	16.29	44.08	21.98
11.71	2.89	8.18	0.00	7.04	68.46	67.99	67.23	44.26	37.42	39.64	66.68	60.51	73.84	61.81	60.15	41.37	47.78	112.18	86.70	66.03	63.89	60.93	109.55	113.39	23.76	2.41	34.41	6.14	55.86	28.17
4.92	4.52	16.39	6.50	0.00	62.62	68.76	75.96	46.14	41.79	44.81	85.91	76.92	89.99	73.58	68.76	36.51	49.44	114.86	86.02	82.60	73.15	82.15	111.64	109.45	17.15	5.57	42.28	0.41	50.01	35.26
80.71	71.07	62.65	71.72	62.63	0.00	1.98	0.46	59.68	59.43	52.08	29.39	31.48	12.86	38.40	28.23	109.69	89.13	33.98	32.13	11.83	28.84	37.71	37.59	37.81	77.39	74.19	46.80	67.52	58.48	51.50
77.55	62.39	53.94	72.55	80.27	1.90	0.00	2.47	59.25	59.65	62.44	28.76	26.57	16.62	45.88	28.83	104.70	96.88	38.94	33.37	9.00	27.27	31.63	35.06	37.85	77.18	63.91	42.35	62.83	68.61	44.44
70.25	59.45	64.07	63.72	79.59	0.49	2.54	0.00	54.37	53.79	52.29	36.61	31.40	13.13	43.13	27.32	113.86	94.27	39.21	31.66	13.57	31.38	30.46	34.78	40.19	87.14	61.71	52.61	78.11	64.73	41.73
52.06	37.63	42.54	39.27	42.59	62.99	55.27	65.11	0.00	0.13	0.55	88.95	85.82	65.04	34.27	36.28	82.26	78.56	76.74	79.67	77.52	78.56	82.34	78.14	78.65	48.77	45.93	55.58	40.00	81.88	61.49
53.44	45.68	43.61	47.05	41.87	55.25	59.57	55.14	0.13	0.00	0.65	83.76	75.80	61.65	34.90	38.88	82.26	80.56	79.10	75.91	63.86	85.96	93.26	84.20	85.25	53.67	44.76	66.85	46.79	82.75	66.69
47.31	46.03	46.11	45.66	41.64	51.98	65.17	50.99	0.59	0.59	0.00	85.58	80.91	54.86	37.39	40.63	76.47	75.75	72.27	69.36	70.37	70.06	75.49	86.14	85.50	52.90	47.82	64.06	45.75	78.43	61.84
78.84	65.24	59.39	77.54	75.41	31.47	32.23	33.54	78.86	74.22	75.27	0.00	3.19	40.98	77.99	56.58	106.77	81.50	53.91	69.33	24.29	1.26	0.70	59.97	57.51	92.15	69.96	38.76	77.25	45.42	39.74
84.28	71.53	62.10	61.72	64.67	29.66	31.81	33.92	86.13	78.68	76.77	3.21	0.00	48.71	77.40	52.45	106.29	76.63	55.54	63.24	19.27	2.19	3.68	66.93	48.23	78.94	69.79	34.34	78.21	37.67	35.69
90.70	70.85	60.45	72.09	82.86	15.99	17.35	13.54	52.12	54.78	56.09	47.95	45.13	0.00	33.77	20.46	109.37	120.77	27.80	23.73	22.13	41.93	42.44	23.24	29.15	103.96	76.71	57.40	75.73	85.61	63.54
76.88	77.76	65.99	71.63	69.62	37.10	45.35	40.57	31.52	36.22	36.60	73.10	77.97	34.31	0.00	11.91	111.59	122.21	48.60	35.76	61.04	73.86	70.80	47.62	51.35	94.79	75.61	64.24	69.54	102.67	70.70
77.81	71.34	68.21	58.06	63.15	28.87	31.86	25.37	45.08	40.90	43.89	55.09	58.37	19.74	14.28	0.00	116.23	93.45	38.51	32.30	36.74	66.48	68.10	38.83	52.98	79.62	58.41	58.43	62.55	78.34	55.75
33.41	41.65	41.81	36.83	39.76	93.45	105.46	108.48	72.82	69.58	71.72	110.79	99.03	98.62	113.84	96.11	0.00	30.67	145.28	138.01	117.81	86.72	92.47	155.27	132.12	18.61	39.70	61.51	36.83	69.60	56.47
43.68	44.43	42.82	47.84	51.05	84.51	85.18	84.00	97.13	93.40	96.60	92.00	80.73	98.90	110.82	101.35	29.41	0.00	128.69	120.70	84.86	92.52	88.75	141.00	136.59	42.66	46.60	50.86	41.80	45.62	42.50
99.47	114.95	88.80	87.49	99.85	34.60	37.92	34.00	82.86	83.85	88.55	56.53	63.61	23.65	53.40	40.55	121.93	142.63	0.00	15.49	40.20	60.25	69.30	0.34	12.59	122.90	99.77	75.09	111.23	89.98	86.76
111.51	96.21	83.92	87.50	87.67	33.38	35.68	33.00	71.43	77.93	67.53	73.29	57.51	19.82	37.58	30.94	140.77	113.32	15.36	0.00	38.29	68.94	57.50	13.35	21.23	108.60	97.83	88.40	85.75	112.60	92.92
83.65	77.87	57.05	76.14	74.31	10.75	8.76	11.52	74.69	72.11	68.99	23.91	21.64	24.70	49.42	44.71	108.68	86.82	38.62	48.12	0.00	21.43	25.33	37.44	34.96	99.75	80.11	48.45	85.29	55.30	48.52
74.01	63.04	54.95	70.49	77.65	32.31	27.48	30.88	82.02	78.04	74.12	1.54	2.30	39.42	77.85	53.48	87.76	72.99	59.64	71.74	23.34	0.00	1.79	65.98	52.58	85.76	72.24	33.50	72.97	44.94	34.54
78.01	81.31	62.75	65.47	71.38	33.25	32.11	35.81	83.51	83.20	79.96	0.80	3.76	45.33	65.72	56.54	108.20	83.33	63.95	63.74	25.27	1.97	0.00	62.02	55.28	101.78	63.03	41.13	75.83	49.47	39.78
107.79	108.15	105.40	87.37	100.47	37.51	35.49	39.24	77.28	87.60	90.00	56.70	65.42	26.46	54.91	38.09	152.41	121.27	0.34	14.13	39.91	57.46	68.53	0.00	11.54	135.23	113.45	82.34	107.14	112.61	95.75
109.81	108.14	91.64	89.92	99.06	36.33	34.82	42.15	89.67	96.52	82.16	50.58	56.68	28.45	58.64	44.62	125.33	124.81	11.88	23.30	38.07	56.63	56.41	11.14	0.00	139.98	96.87	76.15	95.34	87.45	74.92
13.99	22.64	29.90	26.17	15.34	88.43	99.56	79.07	61.31	55.63	61.15	94.76	79.61	100.23	94.92	78.37	20.28	43.56	132.72	125.65	102.10	95.74	91.36	109.48	118.06	0.00	20.36	51.40	18.25	62.28	58.28
9.59	1.67	8.43	2.54	6.10	74.51	75.13	60.47	38.86	41.47	41.03	61.93	73.14	69.03	65.50	60.16	40.62	44.13	105.85	86.88	66.63	75.56	77.33	99.13	111.74	18.98	0.00	36.02	4.61	48.75	29.69
45.65	33.31	27.90	35.11	43.14	45.85	50.60	48.39	67.31	64.77	59.39	34.13	33.97	62.82	68.45	64.08	68.18	50.29	78.88	85.32	47.17	42.35	37.61	78.69	84.95	52.42	35.91	0.00	38.40	20.39	0.67
6.43	4.77	16.45	6.24	0.43	77.21	63.12	79.13	37.48	47.63	42.14	83.28	68.68	80.82	70.69	69.03	40.58	51.26	118.32	99.97	71.32	67.49	74.05	115.92	111.53	19.55	5.09	35.13	0.00	58.49	40.30
57.23	52.48	47.36	46.71	49.74	64.48	65.16	58.90	74.67	91.72	89.21	44.04	37.88	84.38	81.95	88.43	70.02	35.95	111.12	88.84	54.41	43.80	49.41	89.19	85.75	65.29	47.24	22.38	54.73	0.00	24.41
37.33	32.15	22.61	32.26	34.80	49.28	47.66	42.42	54.08	66.89	53.09	41.52	37.64	61.05	75.22	63.41	57.16	44.25	78.07	75.07	45.07	44.05	38.85	82.69	81.01	56.37	37.13	0.72	34.00	25.24	0.00
~
Delivery quantities;
5 8 14 16 0 4 1 0 6 8 1 1 4 1 0 4 2 0 2 0 1 1 4 2 1 0 2 0 1 0 
~
Pick-up quantities;
24 36 0 0 12 0 0 6 16 0 0 0 18 4 8 8 0 12 0 12 0 0 0 12 0 6 8 8 0 6 
~
Vehicle capacity; 
120 120 
~
