Cost matrix;
0.00	12.82	12.35	9.23	59.23	66.88	9.05	92.89	93.25	50.22	27.41	81.62	54.21	64.57	38.27	58.91	43.13	102.17	113.89	44.54	23.77	20.10	69.37	42.23	39.08	47.27	44.25	16.15	15.65	19.56	16.49
12.69	0.00	2.16	9.80	65.03	63.77	10.67	80.52	81.07	37.40	33.63	62.87	50.39	57.93	33.44	51.28	31.93	87.39	91.70	61.55	32.84	37.86	71.32	51.31	50.79	62.94	52.86	27.22	23.82	31.69	27.75
10.92	2.40	0.00	7.86	75.60	64.53	8.56	102.32	92.04	41.47	32.97	61.52	55.42	66.33	33.19	52.87	31.67	81.27	113.20	59.10	35.32	31.86	83.82	52.19	46.63	51.61	52.65	26.91	23.70	29.20	25.12
8.96	9.55	8.58	0.00	66.28	56.56	0.71	93.03	94.88	42.00	26.43	72.67	48.64	50.78	35.33	48.66	31.13	100.97	94.90	47.96	22.32	26.44	67.94	44.45	44.15	53.60	48.19	25.10	16.67	22.09	16.52
60.09	68.28	70.67	64.15	0.00	17.97	57.18	136.37	124.31	76.27	30.00	75.78	38.88	19.76	53.49	50.56	57.09	126.95	115.49	55.16	43.76	51.06	79.92	33.67	27.23	38.78	48.28	81.14	49.27	53.16	46.40
57.39	63.83	63.35	58.85	19.98	0.00	46.36	124.94	99.97	73.20	28.31	53.02	15.08	0.45	36.68	32.06	36.10	103.70	123.24	69.61	52.52	43.77	104.79	43.91	32.33	49.44	67.26	79.32	53.19	53.88	45.10
7.85	9.96	9.95	0.72	55.46	56.11	0.00	95.76	91.30	42.30	23.97	70.67	50.92	51.58	31.43	49.53	34.72	99.67	99.13	43.71	22.72	25.19	79.18	35.53	40.37	51.60	55.33	27.83	17.87	21.19	14.18
114.84	95.36	101.75	89.29	138.41	110.76	98.24	0.00	12.60	51.64	118.41	57.90	93.83	128.63	82.40	83.72	83.31	7.35	22.83	137.65	119.22	123.66	183.75	121.57	118.11	158.74	150.66	125.44	103.91	117.62	105.01
105.62	81.72	74.65	85.71	130.54	111.35	80.67	12.66	0.00	49.39	99.41	59.73	94.34	111.59	64.89	70.99	73.73	5.03	33.02	154.89	116.69	116.76	154.33	113.56	105.97	152.56	123.11	108.57	99.78	106.20	111.27
55.38	37.90	40.60	44.70	83.62	60.10	43.09	61.84	44.53	0.00	58.26	41.42	54.41	70.23	31.08	37.63	30.49	46.53	58.75	85.20	58.81	71.40	123.58	83.21	65.90	88.79	81.21	68.26	65.87	68.35	66.61
33.55	32.85	34.12	27.40	36.81	33.10	25.72	114.77	95.31	68.15	0.00	78.36	36.44	36.48	33.05	44.96	32.16	121.75	114.63	35.36	15.45	16.22	66.92	16.18	13.08	30.24	36.75	43.63	16.39	23.76	19.66
70.85	67.66	61.99	63.64	69.05	56.72	60.16	72.18	60.82	42.42	69.94	0.00	48.31	64.12	38.34	31.21	37.53	65.50	48.14	102.45	90.87	80.62	133.36	96.85	79.04	111.60	119.73	88.76	78.86	79.21	78.14
60.15	52.23	47.41	44.59	38.81	17.82	41.94	99.04	80.47	54.06	38.99	44.30	0.00	14.74	21.92	15.92	25.16	108.36	92.98	72.00	51.15	51.03	96.72	57.50	35.46	68.52	73.50	70.02	47.59	63.95	49.97
62.48	70.13	64.22	46.34	21.55	0.48	59.15	125.56	115.36	67.88	32.06	56.25	15.34	0.00	37.62	35.58	39.74	105.14	106.47	61.86	46.59	49.10	98.53	46.92	32.29	61.56	58.14	66.44	54.00	58.06	49.61
38.90	36.81	34.21	33.53	47.72	37.24	36.60	77.57	82.31	31.36	39.25	34.55	20.20	35.08	0.00	12.65	0.78	73.97	88.81	76.42	43.33	45.31	92.25	60.29	49.86	70.44	80.32	55.75	41.75	52.58	41.30
49.66	54.20	53.15	39.53	49.79	30.76	46.93	81.26	81.60	39.26	37.82	32.25	15.15	31.63	13.67	0.00	11.17	91.20	90.38	74.46	56.73	54.78	103.01	63.43	57.51	76.76	80.31	75.71	47.61	53.86	48.55
42.99	34.01	36.81	31.48	56.27	42.36	37.16	87.19	82.05	32.70	39.82	35.90	24.20	34.53	0.70	11.97	0.00	78.38	79.52	63.23	43.77	52.44	90.75	50.44	52.00	75.88	75.33	61.51	47.10	49.86	39.46
89.32	95.93	75.48	95.74	139.86	110.89	100.42	7.63	4.72	48.18	109.99	71.01	85.92	110.34	77.26	77.63	74.95	0.00	28.17	129.33	115.86	112.71	161.13	144.53	108.74	138.00	129.08	108.81	114.81	100.81	111.68
107.31	99.51	97.65	94.48	134.91	105.72	102.57	26.26	26.26	63.62	120.19	55.54	86.14	123.06	88.72	71.39	89.90	31.26	0.00	146.58	125.52	131.73	157.24	125.09	128.75	132.96	169.48	110.35	107.67	137.27	110.73
47.06	52.11	52.61	49.43	59.14	65.35	49.79	156.23	151.03	96.20	35.58	104.16	68.46	68.70	63.70	85.34	75.00	132.86	140.51	0.00	24.31	24.34	28.96	19.88	28.01	10.55	0.53	40.12	33.17	24.71	36.14
21.18	32.13	33.53	27.35	40.72	44.76	22.14	114.49	126.04	64.39	14.65	80.90	51.37	42.77	52.65	55.59	49.36	111.40	121.55	27.10	0.00	0.48	50.53	14.33	18.69	25.01	26.09	33.16	9.07	8.94	8.69
23.65	35.56	35.54	21.72	46.47	51.49	23.78	133.80	97.45	63.06	14.84	80.07	52.90	45.54	48.36	50.58	44.89	105.21	132.33	24.11	0.51	0.00	49.19	16.20	19.29	24.51	26.66	28.95	8.57	10.06	7.66
67.12	80.76	74.67	78.19	82.35	87.53	76.88	176.79	147.49	122.20	70.82	126.34	103.01	105.28	100.30	118.44	93.27	179.75	195.55	31.44	56.72	49.55	0.00	53.47	64.66	39.13	29.12	59.56	58.28	53.46	61.93
41.49	43.91	47.09	40.06	36.53	46.17	43.90	138.19	108.20	88.72	17.57	82.70	44.72	39.65	57.93	57.54	53.39	126.75	136.04	18.76	13.71	16.19	52.39	0.00	10.61	14.44	18.08	50.68	23.93	22.67	24.68
45.62	44.14	52.91	40.37	23.13	30.54	39.97	143.28	116.33	69.47	13.33	83.70	42.20	31.62	45.24	56.21	44.35	123.17	137.68	27.95	22.31	23.78	57.20	11.89	0.00	24.25	29.96	54.90	23.86	31.08	26.87
46.12	64.40	54.81	48.72	47.00	54.82	48.57	160.96	121.10	80.47	28.10	93.39	62.71	51.72	67.23	76.67	69.37	144.75	132.73	10.46	28.74	26.78	36.28	15.03	23.00	0.00	8.19	51.57	32.95	31.34	37.91
44.38	59.57	55.76	50.90	55.35	68.26	44.01	135.90	133.14	88.98	31.59	106.10	77.56	68.32	70.03	80.66	66.76	160.12	135.96	0.42	23.26	25.45	27.49	20.03	30.50	10.12	0.00	48.56	35.41	28.40	31.16
16.61	24.84	29.31	24.29	85.10	70.52	27.87	112.23	110.77	59.23	39.87	102.53	66.10	78.74	65.82	79.66	57.15	114.76	121.93	47.29	31.02	29.44	61.53	48.60	48.64	55.09	42.77	0.00	29.03	21.89	28.10
14.38	24.75	24.16	15.40	47.76	54.11	14.88	122.78	111.05	66.12	18.42	70.75	45.98	44.46	36.74	53.15	47.51	121.60	110.17	31.34	8.67	7.52	58.80	22.86	24.33	32.48	34.68	26.27	0.00	9.06	0.40
20.01	28.74	31.70	22.27	59.40	60.77	25.68	125.09	108.36	60.76	22.04	83.80	56.40	51.90	52.18	58.25	54.66	124.42	135.31	24.33	9.67	8.78	48.19	23.08	27.40	32.24	26.26	22.57	10.02	0.00	10.13
13.64	27.99	22.24	16.48	47.42	47.03	14.27	100.94	97.26	65.39	18.43	69.18	46.99	44.71	45.73	51.95	41.79	113.31	110.98	32.84	8.09	7.82	61.55	25.73	29.44	32.29	30.76	29.24	0.32	9.76	0.00
~
Delivery quantities;
6 8 0 6 0 1 6 0 4 0 1 2 2 0 2 2 4 2 1 1 0 2 2 1 2 2 0 2 0 1 
~
Pick-up quantities;
20 0 12 0 12 0 18 16 0 4 6 0 8 6 6 0 4 12 8 0 8 6 0 0 12 12 12 8 8 4 
~
Vehicle capacity; 
120 120 
~
