Cost matrix;
0.00	0.64	20.31	14.24	10.97	89.66	79.36	73.78	86.09	111.46	92.39	100.35	51.24	42.32	52.35	28.95	22.45	38.54	40.76	12.86	41.03	51.40	13.19	28.24	32.85	27.30	10.22	63.10	0.90	47.83	39.40
0.62	0.00	19.07	11.72	9.66	71.02	65.90	70.41	78.48	104.91	100.02	83.94	47.65	41.40	43.44	31.24	25.52	36.91	43.83	12.32	38.16	55.28	11.24	25.39	36.26	31.76	11.04	71.77	0.77	51.56	40.51
18.55	21.85	0.00	14.18	9.73	64.55	55.41	57.71	61.65	81.75	72.59	81.26	40.03	38.41	36.42	10.13	15.65	30.64	55.81	8.84	29.95	30.82	8.74	16.38	16.53	11.95	8.62	69.90	22.04	54.36	28.05
13.64	11.99	11.46	0.00	8.55	65.35	69.59	70.07	70.45	92.70	75.02	80.37	34.71	31.10	38.45	21.42	12.61	45.11	46.21	12.97	41.71	39.03	5.49	12.43	21.58	21.52	7.97	76.84	15.56	59.25	34.91
9.83	11.46	8.10	8.37	0.00	65.51	66.33	73.75	78.56	80.65	82.34	91.75	42.07	44.17	39.62	18.48	15.84	30.11	47.60	5.59	36.17	37.71	1.78	18.53	21.34	20.96	0.51	66.86	11.97	49.88	34.71
83.79	75.83	54.39	73.16	65.12	0.00	5.63	7.39	33.56	38.00	33.51	28.00	67.56	68.40	61.58	47.93	68.50	52.61	101.18	60.98	45.39	29.22	68.58	67.55	55.04	53.54	63.27	90.61	80.95	76.61	50.81
73.03	71.44	54.73	69.20	56.97	4.90	0.00	4.10	31.93	33.60	31.82	28.18	66.63	58.10	52.14	49.54	58.96	50.80	89.75	56.74	46.18	21.58	67.43	58.84	43.66	45.35	56.89	105.53	77.54	77.62	41.76
77.05	76.19	58.87	68.91	71.12	7.01	4.03	0.00	34.61	33.66	26.87	26.00	64.61	65.16	64.62	48.47	53.03	48.51	102.33	59.52	44.99	25.51	72.47	53.43	49.86	43.03	72.68	111.43	68.49	91.25	50.28
81.02	70.93	61.37	82.13	63.91	27.88	33.61	40.00	0.00	69.71	64.05	56.46	73.97	88.05	85.07	62.37	83.44	42.74	86.01	71.46	42.67	45.19	78.64	73.41	71.33	55.18	75.45	81.80	82.02	73.87	42.73
90.79	99.22	85.29	86.99	98.80	36.42	38.38	28.21	56.65	0.00	9.13	7.88	78.17	67.23	68.82	82.18	75.05	84.76	120.53	86.13	86.48	52.56	79.57	75.50	74.40	71.64	103.33	132.94	90.52	114.82	74.21
95.46	96.86	80.24	73.25	72.66	32.54	25.34	28.16	57.37	10.26	0.00	0.68	64.93	68.30	66.48	62.27	68.13	65.04	118.10	82.11	78.71	47.55	85.49	71.45	57.31	58.91	72.45	138.56	87.54	121.85	79.47
88.58	103.57	66.54	77.09	93.75	30.74	26.78	28.39	52.69	8.96	0.63	0.00	61.31	63.68	59.55	58.39	81.66	70.46	115.18	90.51	72.86	42.06	76.11	75.89	59.97	68.20	78.90	111.16	86.79	118.30	77.94
50.11	43.76	37.90	35.85	36.89	68.20	53.55	57.97	79.57	63.97	57.15	70.43	0.00	0.36	0.68	28.97	23.59	58.13	80.47	40.80	56.80	36.55	35.02	21.12	23.03	28.55	39.64	109.58	43.69	105.52	54.93
43.86	53.32	34.06	35.17	37.15	66.36	55.55	59.62	88.42	75.90	54.13	61.16	0.36	0.00	0.36	28.77	25.72	65.29	93.53	42.74	66.28	45.48	37.49	23.96	22.85	27.58	37.88	95.37	48.09	91.21	54.27
48.55	51.73	34.07	33.37	38.16	62.34	65.08	57.87	72.41	63.65	69.10	67.55	0.65	0.32	0.00	34.84	20.58	65.66	83.15	42.16	60.28	40.02	38.01	25.00	22.40	33.82	44.39	103.33	53.90	88.27	52.86
29.46	27.59	10.20	20.93	18.79	49.57	42.74	44.34	54.06	80.81	58.48	65.04	30.97	27.94	30.99	0.00	16.77	25.65	55.28	19.76	32.15	22.03	18.00	14.61	9.58	0.24	18.48	76.45	33.73	63.17	28.13
24.85	23.84	18.12	10.47	16.97	69.31	57.15	55.07	79.33	81.19	71.66	73.14	20.99	23.34	22.29	19.17	0.00	42.75	67.24	20.72	41.84	37.28	15.84	0.71	12.70	17.30	17.70	82.79	27.52	75.61	40.12
38.66	39.22	28.27	44.63	34.28	49.60	45.63	43.11	38.58	87.01	66.56	65.11	54.78	59.14	57.71	29.14	38.85	0.00	42.94	27.08	0.54	28.69	32.07	43.47	42.18	26.03	36.89	57.57	43.48	38.55	0.81
36.39	39.48	47.60	52.83	51.13	91.45	93.08	84.12	81.98	121.70	113.90	112.31	77.64	96.96	80.31	63.56	71.43	41.35	0.00	45.17	46.48	75.99	48.65	55.75	75.47	58.45	50.34	28.87	36.61	21.04	43.57
13.82	12.36	9.85	11.73	5.45	74.32	68.53	61.86	60.27	80.47	83.44	87.92	46.32	44.88	41.11	18.70	20.25	26.88	47.25	0.00	27.40	44.13	6.80	21.94	26.69	18.47	4.38	65.43	13.82	45.81	30.86
37.06	44.46	25.53	43.38	30.34	45.37	46.01	44.96	37.22	88.09	71.20	70.00	60.68	59.70	65.13	31.56	38.99	0.49	44.30	31.78	0.00	29.69	32.88	42.73	34.77	27.75	35.75	54.71	42.49	37.97	1.37
46.99	48.26	34.08	39.72	43.12	27.06	21.99	26.82	36.27	55.00	45.01	50.52	44.52	40.81	37.70	22.62	37.96	31.12	70.57	42.41	29.16	0.00	36.93	33.43	22.19	21.80	38.78	85.86	51.46	79.63	28.80
10.87	10.52	8.40	5.55	1.77	64.79	71.74	67.59	76.30	100.52	77.49	88.49	39.37	40.28	41.39	17.54	15.51	38.39	51.15	6.74	38.05	42.12	0.00	14.10	21.66	16.26	2.43	68.43	12.69	62.83	38.19
25.04	23.02	16.19	12.24	19.14	56.26	66.27	60.75	74.48	82.19	71.45	73.54	20.27	25.29	24.69	15.92	0.66	48.97	72.44	24.63	40.78	36.91	17.58	0.00	12.58	15.56	16.12	74.79	26.45	68.44	48.31
36.81	31.56	19.06	22.09	25.30	47.99	42.61	42.31	69.25	73.08	64.48	58.83	23.77	23.79	21.41	10.55	12.83	34.78	74.90	28.03	33.94	21.46	25.20	11.18	0.00	10.70	24.68	87.22	36.33	76.31	40.71
29.83	30.83	10.55	17.39	17.75	54.42	43.02	45.41	51.23	70.74	57.73	69.58	34.70	29.38	30.95	0.26	17.80	25.64	58.44	21.00	29.09	20.23	19.76	17.13	10.77	0.00	19.93	73.25	31.41	69.01	29.46
10.82	11.26	7.71	8.42	0.47	59.44	55.85	61.74	64.26	96.09	84.16	72.23	42.91	45.08	45.65	19.36	16.37	29.79	49.49	4.85	30.37	42.98	1.90	15.72	21.69	18.41	0.00	64.04	10.99	58.12	34.73
57.12	60.53	63.21	77.10	64.33	104.09	97.87	93.40	68.22	148.20	133.93	126.10	98.01	111.13	98.14	82.49	74.84	48.15	24.09	58.61	54.08	75.76	72.78	88.15	95.82	77.23	57.80	0.00	62.91	13.21	53.10
0.87	0.72	19.08	14.45	12.09	89.01	82.47	80.98	74.50	92.46	97.09	95.80	42.94	42.51	52.97	32.42	24.50	40.47	36.57	13.37	42.60	50.84	11.26	23.87	35.82	32.92	12.88	70.05	0.00	55.37	40.91
52.01	57.77	62.31	56.68	49.74	90.41	95.57	101.15	68.88	117.03	115.96	101.09	85.05	102.64	98.57	69.61	67.98	38.34	20.68	53.22	41.42	62.51	58.81	80.26	79.15	71.14	48.06	11.31	56.63	0.00	45.95
45.63	36.42	24.77	38.61	36.56	43.66	49.22	46.99	40.44	81.13	69.42	72.83	56.41	54.99	53.78	25.05	45.70	0.67	41.47	32.47	1.28	33.44	36.13	41.89	43.01	31.63	33.56	52.95	41.70	41.81	0.00
~
Delivery quantities;
1 7 1 3 0 1 8 3 0 2 6 0 1 8 0 1 2 2 2 1 4 1 0 1 0 1 1 4 0 1 
~
Pick-up quantities;
0 0 0 8 18 0 16 6 4 0 18 24 0 16 6 0 4 0 0 0 8 0 8 0 4 0 8 4 12 0 
~
Vehicle capacity; 
120 120 
~

