Cost matrix;
0.00	16.89	12.36	11.74	19.15	11.08	26.67	73.27	75.56	73.43	84.83	48.67	40.41	28.63	21.13	40.10	16.79	9.92	43.42	89.78	64.81	101.34	36.50	26.84	99.19	50.14	63.82	37.64	34.44	36.15	28.82
19.72	0.00	14.53	6.73	0.27	12.14	22.94	60.73	62.05	53.59	65.64	41.62	24.86	17.04	7.95	23.12	13.34	9.10	59.83	61.68	54.00	89.46	51.49	44.46	96.98	50.78	71.79	58.26	58.93	47.24	13.42
13.62	14.20	0.00	7.00	12.27	1.89	15.06	57.89	70.71	68.06	59.25	40.90	38.91	16.29	10.92	33.78	3.76	12.01	56.98	80.65	56.07	102.14	46.37	41.68	106.57	62.25	73.49	57.05	43.53	50.65	20.70
11.38	6.97	7.22	0.00	6.49	4.08	19.61	56.05	68.94	64.04	65.47	37.68	31.57	15.93	8.15	28.92	8.53	6.57	52.92	70.73	68.51	96.13	52.44	39.29	94.95	51.59	76.09	51.50	51.33	46.00	17.63
17.49	0.27	11.70	6.84	0.00	10.03	25.47	52.86	64.56	58.21	58.76	44.08	24.27	16.49	7.71	20.46	13.91	9.16	53.85	72.01	52.95	89.64	50.15	49.97	90.65	59.26	75.99	67.60	51.79	46.71	14.54
12.98	11.42	2.11	4.57	10.25	0.00	16.10	71.09	70.57	71.61	60.56	39.06	37.62	19.23	9.75	37.15	4.20	9.31	54.71	76.72	58.23	89.57	50.14	40.06	88.72	62.56	85.88	52.20	50.01	42.27	20.26
25.20	20.81	12.75	18.70	22.52	14.50	0.00	57.93	57.42	58.19	57.30	21.25	39.24	15.11	15.93	44.19	9.77	24.67	46.88	60.38	53.76	106.01	59.78	60.78	87.79	77.76	83.41	60.72	61.82	48.76	25.10
78.55	56.48	62.16	63.23	55.97	65.09	62.25	0.00	3.02	3.34	3.62	58.53	50.96	44.01	50.05	47.43	62.86	73.20	117.29	15.48	5.57	40.72	109.80	107.97	35.72	120.70	131.73	121.13	109.15	116.11	48.67
71.05	55.77	66.42	57.23	55.68	65.50	66.73	2.48	0.00	5.38	5.24	60.20	47.06	41.56	60.68	43.17	59.96	64.15	102.51	17.43	3.29	35.29	117.00	101.48	41.68	129.83	157.81	118.95	103.00	120.22	49.38
78.87	54.40	69.37	72.02	53.47	61.62	67.14	3.11	6.26	0.00	0.61	63.89	55.97	46.59	61.00	47.64	66.93	62.01	108.18	10.27	8.72	32.73	117.09	112.26	38.42	131.53	146.21	125.14	112.28	105.86	43.06
74.85	54.45	59.97	66.53	63.00	68.15	54.57	3.76	6.05	0.66	0.00	51.22	51.16	46.00	55.47	51.71	70.76	64.86	121.05	11.69	8.60	39.20	112.58	92.83	34.70	112.99	154.29	111.94	113.42	122.19	42.46
41.49	47.91	35.05	42.16	45.34	43.07	22.59	62.60	63.66	58.81	62.52	0.00	59.54	33.89	36.75	56.18	34.48	52.79	71.08	62.75	58.09	96.47	69.30	73.91	74.74	103.64	111.06	71.93	74.61	70.86	41.20
37.41	23.63	38.73	27.20	20.43	32.26	46.19	50.68	50.41	55.66	46.95	56.83	0.00	25.88	26.33	0.39	33.45	33.15	79.09	56.18	38.48	72.24	83.42	56.80	94.74	72.28	98.31	82.55	76.33	67.10	18.40
26.78	18.75	20.07	18.62	14.84	18.21	15.66	46.85	51.61	41.35	43.29	28.64	31.17	0.00	11.24	26.83	16.55	26.02	71.57	60.85	45.50	73.51	65.53	54.50	74.42	72.94	84.10	75.44	64.88	61.25	9.99
18.50	8.01	9.94	6.69	7.30	9.62	16.64	59.37	52.06	56.89	50.30	39.72	30.70	11.69	0.00	25.34	8.40	12.04	53.36	64.60	48.66	99.68	63.60	54.18	90.82	69.42	80.22	59.81	58.58	48.55	12.94
44.93	20.35	35.84	26.25	22.03	35.84	37.85	51.57	45.30	45.48	50.18	54.05	0.40	28.33	30.49	0.00	37.08	34.79	93.28	54.69	49.30	90.50	83.97	62.56	91.23	61.89	89.93	89.91	69.66	74.88	17.45
16.04	13.51	3.45	7.18	13.95	5.08	9.73	53.38	58.01	58.32	59.73	38.22	37.39	13.90	7.87	35.56	0.00	11.85	47.45	77.88	53.76	85.69	49.78	49.91	103.97	63.60	76.14	53.92	52.68	48.03	22.07
7.93	11.12	10.62	6.15	11.39	8.89	22.71	76.64	75.70	66.94	69.97	44.85	30.72	21.44	12.39	32.31	13.82	0.00	45.61	73.80	60.98	111.53	52.16	38.61	112.89	45.94	80.81	48.10	37.65	38.29	21.25
46.01	60.91	50.49	53.29	63.66	49.24	48.99	112.94	117.44	127.33	123.60	61.08	79.53	69.14	57.67	89.86	51.14	51.09	0.00	126.32	107.53	144.08	18.70	35.69	142.21	44.37	44.63	20.85	26.77	22.99	73.16
94.89	63.24	72.82	69.76	65.01	72.59	65.33	13.32	17.52	11.08	10.39	55.77	54.44	58.56	61.42	63.32	73.50	86.68	123.21	0.00	17.93	30.31	136.30	120.97	29.36	115.19	133.86	134.22	107.11	121.96	47.92
73.14	53.91	66.51	62.67	52.90	67.45	53.23	4.35	2.59	8.27	8.75	60.63	41.48	51.14	56.13	48.91	66.96	67.66	126.89	21.26	0.00	42.61	101.57	113.23	46.18	115.22	152.19	109.07	114.21	113.43	42.38
120.93	84.19	111.32	97.93	104.03	87.88	94.86	34.49	34.35	34.33	31.82	99.88	85.01	84.13	90.46	72.52	85.68	95.30	150.71	25.80	43.13	0.00	150.90	149.29	11.15	145.86	196.09	174.03	134.47	156.95	70.97
38.83	56.05	55.14	52.09	63.81	53.94	54.93	105.33	124.24	119.67	116.25	82.54	82.01	64.10	64.43	85.06	47.76	44.71	19.26	132.41	102.74	147.96	0.00	22.94	135.92	31.89	33.63	3.52	7.44	7.79	65.49
31.20	41.20	38.06	37.49	40.95	38.75	55.32	111.85	112.55	105.57	108.51	80.35	66.20	63.38	42.43	64.58	51.10	31.66	38.07	105.53	105.70	143.59	26.11	0.00	143.29	15.65	38.96	25.07	15.40	15.15	63.76
114.73	100.98	102.72	103.16	99.14	108.02	94.84	40.05	36.81	38.65	32.83	80.32	84.97	77.21	102.82	85.87	86.24	111.40	149.49	23.84	37.36	12.39	151.76	137.36	0.00	165.80	184.90	153.97	160.45	145.37	77.57
43.83	61.99	57.91	50.05	62.19	55.55	60.85	112.46	129.88	114.65	126.58	82.02	72.76	77.52	60.32	66.42	60.76	48.66	54.98	141.81	100.80	135.39	27.92	14.74	153.80	0.00	33.18	35.71	23.03	26.90	72.60
71.62	81.21	76.20	78.62	78.74	72.14	82.54	126.21	133.53	127.07	142.72	101.51	96.57	89.16	91.28	106.31	84.13	64.08	50.74	163.51	145.61	161.99	29.65	37.52	165.09	29.47	0.00	31.49	29.81	29.67	96.98
46.78	64.54	51.50	59.11	64.26	54.40	64.03	113.92	127.84	113.95	104.63	85.73	91.56	80.56	67.77	74.86	59.71	46.86	18.83	118.72	107.74	170.46	4.24	29.66	164.12	30.63	30.61	0.00	10.93	11.96	69.69
34.45	49.50	47.25	53.30	52.29	47.04	61.29	99.70	120.71	122.81	104.27	72.02	73.49	68.76	60.80	74.71	48.37	47.78	23.17	120.11	118.27	143.20	6.86	17.27	143.21	28.03	30.01	9.08	0.00	0.49	67.38
36.32	52.98	43.19	44.80	53.51	48.77	61.20	113.68	123.94	118.67	121.96	69.33	67.17	65.57	54.51	81.29	54.52	44.70	26.66	106.73	113.63	148.14	6.66	16.75	149.38	22.37	28.59	11.15	0.54	0.00	58.11
34.60	13.82	20.03	18.11	13.07	22.18	22.62	45.68	39.90	39.92	51.57	39.80	18.19	9.95	12.88	18.35	21.23	24.64	64.98	53.09	44.32	77.91	65.47	64.84	80.23	71.85	87.21	81.18	73.59	70.86	0.00
~
Delivery quantities;
6 1 8 4 8 4 4 4 3 1 2 4 1 2 0 2 2 0 2 1 2 4 2 0 0 4 2 2 2 0 
~
Pick-up quantities;
32 0 6 12 6 0 16 0 4 16 8 16 0 6 8 0 0 12 0 12 0 0 0 12 4 4 0 8 8 4 
~
Vehicle capacity; 
120 120 
~

