Cost matrix;
0.00	19.54	12.06	17.31	9.70	18.47	85.10	48.26	50.29	52.39	17.71	25.35	45.17	40.87	16.92	12.58	122.62	120.40	43.51	52.82	41.64	45.49	68.84	50.03	15.97	25.33	32.86	13.63	15.49	17.18	20.71
17.26	0.00	6.83	4.16	9.81	5.85	51.62	38.21	29.61	33.84	0.90	15.73	27.89	30.83	37.38	7.71	95.02	103.72	62.96	63.56	52.52	58.83	74.91	62.22	26.22	40.42	12.86	11.23	7.49	3.63	10.34
11.56	6.86	0.00	4.37	3.34	6.74	56.97	36.44	35.61	35.75	7.30	19.62	33.91	28.33	26.74	1.45	90.82	98.43	59.37	51.40	44.74	58.91	57.02	60.53	24.97	29.37	16.57	9.10	8.32	5.19	12.35
16.18	3.75	4.48	0.00	8.95	2.51	67.16	43.25	39.37	34.83	4.48	17.98	28.42	26.32	32.81	5.62	102.85	103.30	50.48	61.94	42.37	64.55	71.38	59.64	25.00	32.61	15.05	12.45	11.04	0.53	8.98
8.99	9.95	3.72	9.23	0.00	10.35	67.56	36.61	38.02	45.78	11.09	20.68	29.98	30.91	24.93	2.80	115.46	105.18	48.13	58.05	41.33	48.97	64.14	48.75	21.08	31.34	21.34	7.43	8.71	7.80	14.74
19.74	5.15	7.30	2.60	9.57	0.00	55.06	46.24	32.70	36.43	6.36	22.41	23.14	21.67	35.34	9.45	83.88	105.98	53.00	65.09	40.79	59.38	60.06	47.04	27.21	28.98	17.53	15.76	11.12	3.01	6.59
80.83	61.09	56.96	55.77	64.24	58.77	0.00	66.26	24.01	24.59	50.50	61.59	55.64	55.40	93.60	72.01	36.45	36.88	119.17	122.99	94.25	112.55	100.98	109.85	85.39	80.13	47.42	66.37	64.95	60.95	58.62
48.47	41.99	42.77	46.72	41.60	41.03	55.63	0.00	35.70	39.03	38.50	24.30	66.11	56.83	52.39	36.89	90.31	95.63	90.71	96.85	87.56	89.14	106.48	102.28	58.15	67.50	30.73	36.01	30.34	46.63	48.69
52.12	31.02	38.53	36.70	43.93	33.01	26.73	41.84	0.00	0.19	30.65	38.83	30.61	28.61	73.96	38.76	58.05	64.58	91.93	96.20	81.95	87.10	92.91	78.16	56.73	58.92	20.75	39.67	35.68	37.80	32.09
56.72	32.51	43.08	30.73	37.15	38.59	25.17	38.80	0.19	0.00	28.73	33.89	33.63	29.36	67.80	36.63	68.66	58.75	93.70	90.04	79.14	99.54	83.04	79.09	56.51	60.77	23.07	36.03	34.59	36.31	29.62
20.10	1.05	8.52	4.72	9.65	7.04	53.77	38.03	28.08	30.22	0.00	18.05	25.89	24.83	31.48	8.58	87.43	92.53	61.61	61.83	51.50	67.20	75.30	63.47	30.94	35.52	11.13	12.98	7.14	4.88	9.89
23.33	18.54	17.56	17.96	19.60	20.68	54.79	21.79	36.94	34.78	15.22	0.00	39.65	47.40	32.50	19.97	87.67	89.62	70.28	70.51	68.97	80.13	78.67	64.86	35.97	44.26	17.64	11.47	10.26	19.22	27.62
37.41	29.57	34.26	28.98	30.00	21.53	51.56	57.95	28.35	31.20	26.08	47.30	0.00	0.92	58.67	33.53	72.88	78.61	51.66	65.81	53.52	64.14	51.11	61.05	45.21	49.42	30.03	43.50	35.25	23.35	17.35
38.40	28.19	33.53	26.09	32.45	24.98	43.40	53.75	34.00	31.46	24.50	45.03	0.81	0.00	58.26	36.70	82.15	77.97	61.38	69.16	47.23	71.67	56.71	64.04	39.25	41.92	28.54	40.07	31.61	27.76	18.81
15.58	33.69	29.17	35.53	23.68	36.22	102.72	45.52	57.12	56.94	34.39	34.38	55.06	56.93	0.00	25.25	138.75	121.43	54.92	49.39	40.95	52.05	67.25	61.80	24.62	28.97	48.65	26.46	30.47	35.27	39.93
11.56	8.26	1.75	7.04	2.77	7.87	67.12	45.97	37.88	43.69	7.30	19.69	34.24	30.55	26.14	0.00	96.77	91.35	58.74	54.14	46.12	49.98	60.06	48.51	22.99	27.57	16.63	9.33	6.43	6.70	14.53
105.81	86.01	99.42	105.89	97.97	86.00	33.37	96.65	63.20	59.27	97.82	86.69	87.15	79.34	125.55	96.01	0.00	11.09	148.63	150.98	124.31	151.58	140.48	147.38	110.54	114.73	79.87	99.86	100.08	103.82	92.30
110.17	94.27	96.35	85.08	95.78	100.02	39.72	90.72	59.12	58.98	88.13	107.95	75.42	82.67	113.61	89.66	12.58	0.00	150.31	132.76	149.11	141.80	137.46	121.47	104.52	140.68	93.37	89.59	94.46	91.93	79.09
45.85	59.49	50.79	62.49	59.86	60.25	114.15	102.77	93.05	81.46	52.80	74.89	57.33	65.76	55.51	56.00	130.18	129.51	0.00	12.27	9.40	13.75	34.27	0.53	32.22	28.15	74.88	64.81	61.38	61.68	47.58
48.95	57.41	60.49	55.52	52.12	63.74	115.55	87.94	89.29	85.55	67.05	76.28	70.62	62.89	56.52	57.55	151.24	143.53	14.11	0.00	14.52	0.39	43.29	13.09	37.59	24.34	82.68	58.79	64.24	58.59	55.15
37.39	54.68	40.36	51.44	43.16	47.70	91.24	88.47	82.95	76.24	52.29	70.40	57.16	49.51	48.76	48.93	127.96	149.96	10.16	15.41	0.00	13.64	40.16	10.23	24.50	15.27	63.24	48.41	58.16	45.07	40.37
47.30	55.37	53.11	55.35	55.04	55.71	120.18	91.95	104.10	82.46	65.74	73.56	71.40	68.06	49.57	55.85	155.30	143.44	13.50	0.34	15.72	0.00	47.70	13.89	36.95	24.96	76.04	63.43	60.06	58.42	58.08
63.23	62.42	66.85	55.59	59.31	55.24	93.78	97.88	85.03	75.47	62.69	77.41	59.01	60.19	86.42	66.03	132.35	136.40	33.67	47.95	33.02	39.55	0.00	34.71	49.57	46.99	75.24	70.06	71.46	56.67	51.54
47.60	63.81	53.80	54.23	57.93	54.65	103.38	104.17	77.19	87.46	54.33	75.85	57.94	55.22	52.44	48.57	130.11	143.66	0.47	13.18	9.77	13.69	30.62	0.00	29.06	26.87	73.51	59.54	63.17	52.00	57.45
14.27	27.12	23.66	27.78	20.15	27.69	83.08	68.57	52.03	61.89	29.55	34.10	45.55	36.21	27.31	22.82	124.98	128.67	33.10	34.00	24.58	37.62	57.07	33.97	0.00	7.96	45.58	27.51	29.26	25.85	29.53
23.99	32.88	32.23	35.24	31.75	31.41	100.80	72.77	62.81	66.65	34.07	49.48	44.54	44.63	29.44	32.06	136.19	131.59	25.07	26.06	16.40	23.97	46.43	22.25	7.77	0.00	43.91	34.45	37.14	34.90	38.89
32.54	10.71	20.21	16.45	20.51	15.12	50.74	32.82	20.68	23.22	9.54	19.13	26.82	32.55	43.43	18.30	73.11	83.83	75.29	67.70	56.66	79.47	85.15	63.83	35.40	43.46	0.00	16.89	16.67	15.30	16.57
14.63	13.14	8.78	13.92	8.91	13.89	65.10	37.58	38.52	41.56	11.98	11.15	38.25	38.67	26.25	7.81	107.76	112.10	53.87	64.69	49.05	59.57	71.86	66.30	30.12	32.57	17.10	0.00	4.14	12.79	23.85
16.60	6.96	8.53	9.35	7.87	12.24	56.61	36.66	39.85	41.28	7.48	12.13	33.92	32.00	28.14	7.00	84.85	93.40	66.55	56.06	55.62	59.70	63.38	55.32	29.30	38.66	14.94	4.51	0.00	10.75	17.33
15.07	3.98	4.85	0.50	8.83	2.80	59.83	37.74	37.82	33.33	4.98	19.60	23.25	28.55	33.41	5.34	101.34	101.10	56.66	57.93	46.44	65.80	69.62	50.02	27.85	31.30	16.99	14.44	8.82	0.00	8.37
22.11	9.98	14.07	9.29	15.44	5.93	60.08	51.84	35.79	33.20	10.94	31.00	17.14	17.73	36.23	14.27	85.98	82.88	59.00	56.77	41.95	56.62	63.53	47.95	28.95	35.38	19.54	19.87	19.43	8.80	0.00
~
Delivery quantities;
1 0 12 16 4 3 4 3 1 4 1 4 0 4 2 0 1 2 1 2 2 4 1 2 2 1 1 2 2 2 
~
Pick-up quantities;
0 20 12 16 32 0 0 0 24 0 0 0 12 4 0 4 12 0 12 0 0 0 4 4 0 0 0 12 8 8 
~
Vehicle capacity; 
120 120 
~

