Cost matrix;
0.00	10.69	20.46	14.42	12.04	9.23	48.20	82.96	74.37	45.87	46.19	82.86	69.22	81.10	96.88	13.05	54.58	32.35	31.86	37.24	11.72	22.80	123.20	69.70	102.18	77.57	34.68	84.40	74.90	96.48	81.58
10.64	0.00	7.87	7.12	1.72	2.64	44.85	60.93	69.21	39.03	35.80	70.80	73.85	68.60	89.00	1.68	37.78	18.71	23.16	21.53	0.50	19.32	87.29	60.28	86.83	68.22	35.41	72.56	66.18	85.23	59.50
21.23	7.94	0.00	10.85	8.72	10.48	38.47	55.00	57.26	35.95	37.51	56.18	54.12	65.27	77.23	8.15	33.61	12.96	17.66	18.84	6.52	18.37	88.83	60.07	86.25	73.03	38.92	50.14	59.13	78.54	63.10
13.66	7.16	13.56	0.00	5.93	9.73	34.54	62.82	67.65	30.26	29.91	69.69	74.56	80.36	87.56	6.74	45.57	20.70	23.95	23.04	7.58	10.65	96.08	59.28	83.71	70.26	29.98	73.10	65.63	87.70	73.47
12.28	1.81	7.02	6.58	0.00	5.31	39.32	64.33	63.58	39.83	41.10	57.65	70.04	61.74	79.03	0.32	43.31	16.29	21.42	24.53	2.44	14.84	88.59	69.44	96.63	73.17	33.96	65.77	66.76	97.47	71.67
8.97	2.97	9.39	9.47	5.18	0.00	47.96	66.71	64.00	39.57	41.75	72.86	73.23	76.68	86.82	4.26	40.87	22.50	18.68	25.15	2.98	21.60	115.76	61.98	106.55	69.36	38.76	59.61	69.13	88.67	70.62
42.43	35.70	42.05	32.37	42.22	37.56	0.00	63.34	68.65	16.48	14.02	79.67	96.27	79.93	62.08	38.26	46.57	42.34	52.27	34.00	43.12	23.06	91.66	81.57	80.54	78.20	22.88	79.65	58.71	89.51	80.40
76.21	56.75	59.13	64.58	61.71	69.24	80.27	0.00	0.22	55.50	54.00	27.85	32.77	34.45	37.76	68.15	25.33	50.03	56.37	44.35	60.13	56.38	41.37	3.72	35.32	13.87	85.52	2.51	28.04	32.70	0.84
65.85	56.35	53.49	63.40	57.33	73.65	72.76	0.22	0.00	64.18	53.82	28.72	30.70	27.57	43.77	69.92	26.32	40.22	47.61	48.46	56.22	54.05	34.08	3.30	37.81	13.92	99.43	2.62	26.29	34.05	0.67
47.34	45.47	41.59	35.01	38.78	38.18	16.12	64.70	53.24	0.00	0.55	72.92	80.27	81.44	54.50	42.56	37.00	31.26	58.56	22.22	42.91	22.89	74.97	66.77	69.00	56.55	32.71	58.94	35.70	76.70	57.15
46.82	45.25	37.04	30.05	38.24	43.26	15.35	62.64	58.06	0.64	0.00	77.89	86.23	80.87	54.72	41.63	45.11	35.17	50.06	24.33	35.98	23.55	89.25	66.39	72.46	65.70	40.02	67.17	40.04	63.10	55.37
69.48	61.23	50.11	74.92	67.54	60.34	88.09	26.15	32.07	73.47	75.62	0.00	2.92	3.04	67.14	56.72	33.90	46.15	45.17	59.57	56.57	69.07	63.06	25.36	63.03	40.27	91.99	25.32	49.18	64.93	28.50
86.67	75.31	62.21	66.47	64.28	69.45	83.32	32.93	32.36	83.69	75.64	3.32	0.00	0.35	66.98	59.93	41.09	60.63	54.17	57.13	74.75	74.29	56.44	30.82	67.43	43.73	103.88	26.11	53.13	65.83	28.96
72.12	58.85	61.27	65.39	66.38	77.33	91.94	27.95	32.86	86.52	68.63	3.47	0.32	0.00	77.87	62.98	34.51	57.70	45.63	63.83	68.23	68.81	54.26	29.57	56.94	49.08	112.95	27.05	61.83	56.40	34.34
95.30	89.19	72.32	81.46	84.16	77.10	72.32	42.54	44.17	51.58	57.79	65.48	71.30	82.74	0.00	78.49	54.96	65.86	88.87	66.27	88.50	78.20	41.43	42.48	23.21	27.37	96.24	47.50	21.74	23.52	41.34
11.47	1.70	8.03	6.57	0.32	4.90	44.31	60.52	71.13	35.88	35.67	62.58	65.68	63.54	83.47	0.00	42.36	17.78	24.15	23.60	1.84	17.85	105.91	63.22	97.24	71.22	38.50	69.32	70.02	93.96	58.70
52.34	37.19	29.76	38.08	43.92	45.02	48.54	21.21	20.72	44.82	44.76	30.86	33.91	33.85	58.14	36.43	0.00	19.82	31.69	23.96	38.18	35.86	57.68	23.79	49.68	37.78	69.51	23.15	28.97	49.98	23.95
29.21	16.70	12.37	17.13	19.54	20.93	42.89	47.63	48.07	27.88	27.65	54.96	61.24	56.20	72.02	19.70	24.07	0.00	21.41	9.22	17.30	17.74	73.61	51.39	79.49	61.72	43.20	52.96	47.11	83.27	45.36
27.16	22.24	16.43	24.44	23.67	19.30	57.62	55.14	59.14	51.59	57.28	42.15	43.17	45.65	86.46	20.72	34.38	21.00	0.00	30.77	19.36	30.68	100.16	48.77	96.75	64.65	56.98	57.44	63.52	95.73	48.63
30.49	24.46	19.42	19.49	23.43	23.63	32.63	45.44	45.62	21.42	19.50	61.02	61.34	66.57	57.62	21.96	21.59	9.61	34.19	0.00	21.38	11.82	79.36	51.38	69.39	56.22	38.35	52.31	39.92	68.32	41.47
11.37	0.51	7.06	8.71	2.12	3.11	46.40	68.33	58.50	46.03	42.43	60.68	61.28	60.88	92.97	2.24	42.26	16.34	19.80	24.50	0.00	17.89	97.45	73.13	86.82	73.91	36.81	59.81	58.89	93.61	65.61
22.87	19.12	16.04	10.89	15.68	19.26	24.77	58.64	65.27	25.00	19.98	66.35	75.32	79.23	66.99	14.31	33.10	17.81	36.60	13.48	17.13	0.00	98.67	63.85	77.70	58.40	27.45	56.13	51.01	72.98	57.14
123.27	102.90	88.87	100.77	88.86	108.31	106.50	33.98	33.34	79.41	73.33	54.49	54.92	63.98	32.78	101.45	57.24	72.86	86.22	83.55	105.74	83.25	0.00	36.50	16.32	26.95	111.81	36.39	46.34	13.03	37.42
73.96	59.75	65.85	74.65	59.56	72.35	72.18	3.19	3.27	62.47	64.00	24.64	25.91	30.69	44.39	63.81	23.97	48.53	61.69	53.76	69.62	58.21	34.82	0.00	32.47	16.50	83.21	1.54	34.31	34.07	2.45
107.86	89.77	91.40	93.46	96.10	82.86	86.09	37.58	32.97	78.21	70.72	62.97	70.92	70.57	21.37	99.62	50.34	67.75	83.98	73.77	98.32	76.13	16.50	36.88	0.00	22.29	104.67	40.23	34.51	1.01	34.46
92.53	82.97	58.12	77.65	64.02	77.07	72.64	15.72	14.96	67.52	52.09	47.19	44.34	45.47	34.25	75.36	36.89	60.46	73.21	57.74	64.50	60.16	24.75	15.60	19.52	0.00	98.45	15.07	19.84	19.36	15.60
30.17	34.99	38.40	34.12	39.47	41.05	24.66	81.11	97.38	40.03	35.71	96.59	107.30	108.43	101.50	33.31	57.69	46.83	57.27	41.79	37.86	25.69	119.44	83.79	103.22	82.47	0.00	89.03	85.09	109.86	98.29
81.78	68.44	50.46	62.93	64.13	65.01	76.66	2.72	2.43	55.31	54.88	30.02	28.46	27.19	50.19	64.91	24.90	45.55	46.90	53.01	66.30	67.62	35.05	1.75	39.37	17.91	94.96	0.00	28.58	42.09	2.12
83.71	68.18	53.38	63.41	61.58	69.85	61.21	30.23	27.49	44.32	41.52	57.70	65.13	64.28	20.65	63.30	33.03	45.62	69.30	43.84	61.05	45.21	48.08	32.30	30.82	24.87	75.80	27.21	0.00	34.43	31.53
103.82	82.05	78.45	88.70	102.22	95.43	84.69	37.53	32.51	74.18	66.41	70.13	63.67	61.84	22.64	102.39	47.64	75.40	83.51	75.32	94.94	91.89	14.40	36.95	0.97	22.38	119.37	37.76	31.84	0.00	31.34
68.25	57.20	60.11	74.28	71.91	60.64	79.27	0.95	0.72	66.17	62.13	28.34	28.48	33.63	44.49	71.88	21.63	47.84	52.39	50.47	59.14	59.73	41.05	2.51	32.35	14.50	95.61	2.06	26.91	35.06	0.00
~
Delivery quantities;
5 6 1 9 0 0 1 8 8 0 2 8 2 2 2 4 4 3 3 2 1 0 0 0 1 3 0 2 6 2 
~
Pick-up quantities;
0 60 0 32 30 12 0 0 0 16 8 0 20 0 24 12 4 0 6 0 0 4 12 18 0 12 18 0 6 0 
~
Vehicle capacity; 
100 100 100 
~


