Cost matrix;
0.00	8.53	22.95	22.51	78.52	75.26	61.00	58.32	44.90	52.30	59.24	38.14	59.51	59.84	25.63	77.88	70.19	39.33	98.79	109.40	95.35	87.20	28.61	90.02	63.93	70.04	50.97	47.54	83.46	84.59	95.91
8.73	0.00	22.55	11.78	75.79	67.46	52.20	58.59	39.59	41.99	52.13	31.10	52.07	56.85	24.87	72.60	67.77	40.69	91.76	113.06	99.80	75.24	36.04	82.09	61.50	60.21	46.23	41.20	76.41	59.76	91.51
27.38	18.69	0.00	15.25	58.27	65.39	55.14	61.73	37.41	35.44	58.86	45.52	49.69	64.93	15.48	68.62	55.14	24.59	89.39	83.47	90.74	65.38	56.74	60.01	50.33	50.58	40.25	40.53	70.48	67.46	84.68
20.72	12.28	15.66	0.00	51.77	58.09	47.30	44.80	27.59	31.69	44.10	27.61	44.42	45.92	25.77	55.83	50.42	37.64	82.90	96.46	92.67	63.94	48.42	58.37	55.36	59.09	30.66	33.11	81.81	57.41	78.43
81.21	75.70	59.66	52.06	0.00	2.90	20.62	21.16	24.11	26.26	61.62	51.23	44.13	38.63	73.73	5.01	2.94	82.42	37.63	47.64	39.66	2.77	98.11	16.52	12.24	28.32	25.39	24.21	42.73	3.46	40.43
78.11	75.72	68.54	63.26	2.80	0.00	24.11	24.60	24.90	25.62	66.62	46.43	50.86	43.07	76.85	2.59	3.59	84.49	36.22	50.55	31.19	4.68	119.47	12.07	11.98	30.71	27.87	23.86	40.77	3.47	33.31
68.43	57.63	49.84	45.51	18.99	25.87	0.00	0.29	23.81	20.72	44.47	30.36	28.15	23.93	76.97	21.05	23.18	66.46	60.64	78.66	57.27	20.49	84.68	32.14	23.21	50.55	21.11	21.89	56.16	20.28	50.71
63.75	51.72	62.53	44.17	17.64	20.54	0.31	0.00	22.15	23.68	44.77	27.85	27.51	25.76	73.57	21.97	21.44	78.17	49.67	77.36	50.01	21.14	78.39	36.30	29.22	44.38	19.91	20.51	67.82	19.57	60.60
49.64	39.30	37.62	29.71	26.21	27.43	23.81	23.31	0.00	0.37	54.39	27.12	39.05	35.69	55.03	24.68	25.31	47.21	59.28	61.57	49.84	29.57	76.57	31.90	22.94	27.45	0.16	0.22	49.70	20.72	54.43
57.47	46.72	34.28	32.08	26.48	28.21	20.70	22.25	0.37	0.00	49.15	32.14	32.82	36.56	51.97	23.49	23.15	49.99	55.36	59.32	52.34	25.40	77.87	30.34	22.87	30.31	0.24	0.39	48.01	26.38	62.23
51.16	45.67	64.18	48.54	66.22	72.16	38.57	38.94	55.26	57.41	0.00	25.50	17.20	21.03	80.65	59.28	61.04	95.82	102.83	107.15	110.31	71.54	69.83	81.23	62.14	88.47	58.02	46.21	94.92	59.47	88.87
43.87	30.89	48.86	24.12	50.01	53.48	33.09	29.07	27.92	29.89	20.71	0.00	13.57	25.45	56.33	52.34	49.99	74.19	81.43	106.29	88.18	46.16	60.22	54.60	50.67	69.69	28.56	28.87	81.56	46.72	84.21
56.15	40.76	55.75	44.38	41.86	46.20	24.03	24.55	36.87	34.28	18.42	14.57	0.00	12.82	62.24	50.89	41.35	77.64	83.52	106.32	77.28	41.76	68.95	61.05	51.25	68.57	39.59	33.08	89.11	46.10	85.84
69.56	61.35	67.84	54.47	37.26	49.51	21.64	22.45	40.33	34.71	24.34	26.22	10.25	0.00	86.89	49.53	40.43	79.81	73.46	92.59	72.01	43.60	88.10	64.36	47.12	75.36	37.37	40.63	86.57	47.37	76.17
27.14	28.30	15.67	30.95	78.69	79.30	77.20	65.80	45.57	49.05	77.16	50.39	74.33	69.29	0.00	66.75	75.09	16.81	92.37	97.37	100.25	80.77	48.20	76.29	73.82	54.93	52.41	45.67	79.47	80.37	99.99
68.82	64.16	57.03	52.74	4.96	3.20	24.51	22.50	24.22	22.98	63.34	48.58	54.20	41.44	81.22	0.00	3.63	68.35	29.60	50.18	37.56	7.94	117.86	11.05	7.56	23.40	26.49	28.44	41.88	3.42	33.77
70.77	63.94	65.14	50.85	3.25	3.10	21.79	22.44	21.93	25.12	61.59	46.86	50.64	44.23	74.16	2.95	0.00	63.25	34.92	47.74	38.05	5.12	109.61	13.61	10.66	32.24	22.83	26.03	39.89	0.24	32.49
40.95	47.48	25.85	38.68	76.52	80.65	79.94	75.95	52.89	50.87	86.27	68.54	75.91	79.84	19.27	80.86	68.18	0.00	76.73	77.22	79.01	86.78	71.60	80.76	70.24	49.09	49.09	48.32	71.84	64.37	86.20
117.33	100.73	88.37	83.79	33.94	35.21	61.33	55.15	55.65	50.80	92.25	73.93	74.29	74.48	85.13	29.21	40.72	95.50	0.00	22.47	0.75	36.04	141.04	21.56	31.73	27.74	57.47	53.18	23.88	38.47	0.63
118.61	108.82	93.41	84.17	49.81	54.25	66.40	78.62	56.19	65.46	120.90	105.63	102.46	86.25	102.79	50.89	50.43	87.77	22.90	0.00	22.88	49.30	143.88	36.65	44.94	30.43	58.23	59.96	13.85	48.16	21.19
101.95	90.39	75.51	75.16	40.89	31.92	57.03	53.69	56.96	55.70	99.01	80.84	85.35	73.77	107.38	32.40	39.51	95.67	0.94	22.22	0.00	36.24	130.84	23.37	34.26	30.69	60.32	53.04	26.06	37.97	0.36
76.98	78.10	63.59	59.24	2.22	4.92	19.46	21.81	25.84	26.04	56.44	50.08	51.18	44.07	70.19	7.05	5.12	71.41	39.28	48.50	32.87	0.00	101.13	15.45	13.72	36.37	29.55	29.48	42.00	5.49	38.16
32.73	39.30	56.07	50.08	91.09	112.27	91.53	87.64	78.57	70.89	68.33	52.87	65.76	78.31	50.80	94.67	90.98	73.30	131.26	151.46	149.18	112.03	0.00	117.61	90.10	94.68	78.17	83.56	135.99	104.39	130.30
78.15	69.44	66.85	58.66	13.87	12.11	32.18	31.51	30.66	30.61	83.03	61.02	63.99	52.03	73.04	12.31	14.35	74.21	21.02	37.62	23.87	16.87	124.49	0.00	11.92	24.81	33.07	35.27	34.16	15.80	20.66
69.22	66.23	49.28	52.13	14.25	12.28	25.92	23.71	21.42	19.71	71.85	47.71	44.68	54.99	60.38	7.81	8.66	62.80	37.78	44.63	35.62	15.61	107.27	14.40	0.00	20.30	20.59	21.81	37.11	9.76	32.78
79.26	64.64	49.67	54.44	32.14	27.98	45.04	44.95	30.72	31.43	82.57	69.57	66.83	62.70	58.72	26.87	30.18	61.88	31.98	36.17	31.84	32.08	92.95	20.12	20.39	0.00	27.61	33.48	22.89	31.17	33.14
56.10	38.43	37.46	34.56	23.73	23.68	22.48	23.77	0.16	0.21	48.22	30.72	40.44	38.67	46.85	23.17	24.59	48.34	57.40	65.67	62.38	30.12	83.86	30.41	18.87	30.90	0.00	0.23	53.38	21.01	50.15
52.76	43.72	35.56	30.00	26.91	25.84	22.29	23.00	0.21	0.36	46.97	33.19	33.89	37.19	50.77	23.35	26.03	54.88	51.68	57.35	51.66	28.83	84.93	34.93	21.02	30.91	0.20	0.00	45.47	21.94	50.28
93.65	91.53	71.98	66.96	49.15	37.57	59.06	57.97	51.89	50.97	112.48	86.26	87.11	86.35	73.27	38.96	47.82	70.13	22.53	13.24	25.68	46.58	109.61	28.16	38.23	20.96	58.13	53.26	0.00	39.21	25.40
78.55	59.42	61.83	61.33	3.70	3.80	21.62	22.27	25.28	25.39	64.20	47.10	50.40	44.28	65.71	3.05	0.22	75.68	38.65	51.80	38.46	5.75	97.61	14.24	9.67	26.96	24.87	22.60	46.19	0.00	37.69
110.11	90.98	85.51	89.35	40.46	34.70	53.57	53.16	62.12	51.62	98.27	89.15	92.28	87.82	84.01	33.38	40.76	87.51	0.57	23.36	0.29	34.11	141.89	21.01	39.06	29.46	60.69	57.63	23.31	39.68	0.00
~
Delivery quantities;
2 1 4 1 1 0 0 10 1 0 0 4 1 3 2 1 0 4 6 6 3 6 0 1 2 3 4 6 0 6 
~
Pick-up quantities;
0 0 30 30 30 16 6 0 0 12 4 18 0 8 0 0 12 0 6 6 0 0 4 0 12 6 6 0 18 8 
~
Vehicle capacity; 
100 100 100 
~

