Cost matrix;
0.00	17.27	15.52	16.62	15.56	15.99	5.98	12.79	71.16	71.81	46.32	51.17	85.75	67.90	65.79	59.66	14.03	44.24	11.55	101.69	40.65	16.43	13.73	54.96	29.05	78.86	74.73	75.17	85.29	82.66	114.93
17.17	0.00	10.94	0.93	9.54	9.16	14.66	32.40	65.06	66.39	38.42	31.37	58.82	42.37	42.50	50.89	31.07	55.56	28.17	92.54	60.78	37.98	32.96	41.46	14.06	60.15	56.51	49.30	72.12	65.47	85.38
14.45	9.14	0.00	10.81	0.45	0.23	8.74	27.10	55.80	56.30	39.79	37.93	70.44	58.30	49.23	48.59	24.41	57.77	30.17	84.94	47.51	26.18	29.92	50.71	19.87	69.83	63.76	70.29	69.71	68.87	84.83
19.05	0.91	9.96	0.00	11.69	11.38	15.35	32.65	55.39	58.05	36.82	33.38	57.31	44.92	43.03	47.54	34.90	56.25	29.88	93.10	67.06	39.86	28.73	37.41	13.04	61.39	63.48	61.18	82.10	73.88	97.07
14.97	10.23	0.42	11.84	0.00	0.36	8.74	24.27	60.56	58.82	39.30	33.41	62.01	54.52	57.78	53.96	25.08	67.88	29.95	82.42	52.23	30.16	28.75	48.93	19.61	66.66	55.83	62.62	76.07	54.96	88.51
16.13	10.51	0.18	9.83	0.37	0.00	10.94	30.14	69.82	66.49	34.83	37.41	61.59	47.15	47.43	50.09	24.65	60.98	29.57	80.73	53.66	29.54	30.21	42.30	18.17	57.79	57.74	68.80	74.26	65.16	89.56
5.93	14.55	9.29	15.60	10.11	10.36	0.00	15.89	74.29	65.19	41.95	44.84	75.07	55.72	67.06	54.21	15.77	59.71	17.91	96.15	48.77	18.42	18.25	52.19	30.58	75.96	64.30	64.14	72.53	78.39	94.76
12.51	30.86	25.86	32.85	29.32	29.25	17.73	0.00	100.13	79.32	65.86	56.82	100.76	81.98	80.44	78.95	0.33	44.41	0.22	120.86	35.39	9.70	0.00	71.56	41.51	94.48	80.72	79.75	92.41	90.88	124.59
66.97	54.82	67.80	65.63	57.94	63.90	79.06	79.62	0.00	0.25	25.55	26.02	3.02	24.89	25.03	25.01	86.48	115.18	95.95	30.47	114.88	81.10	78.25	38.37	49.05	43.04	7.39	30.21	55.44	34.59	51.03
80.74	62.00	66.28	55.45	61.47	62.04	70.09	81.64	0.21	0.00	26.76	24.52	2.70	23.05	24.69	25.12	97.31	101.62	99.79	28.71	124.98	91.86	90.90	41.66	51.32	40.80	8.98	32.79	49.66	43.63	48.81
45.42	37.97	39.47	32.92	35.74	40.56	42.13	71.85	22.87	22.31	0.00	0.25	27.24	24.07	20.29	19.27	64.83	101.00	57.57	48.35	93.13	57.49	56.06	30.07	22.22	43.61	26.10	37.68	65.44	42.46	58.33
45.44	36.81	39.07	37.10	34.00	40.89	46.78	59.12	25.51	25.43	0.22	0.00	28.39	23.77	22.01	22.47	65.48	94.85	69.50	47.02	82.22	71.98	58.44	30.71	21.02	39.23	23.07	32.91	61.80	43.88	61.76
76.17	67.07	57.73	53.79	69.09	68.84	68.23	91.29	3.07	2.64	23.74	30.06	0.00	23.34	21.12	24.36	80.14	125.35	100.29	28.66	110.28	102.35	86.94	36.29	49.58	36.80	7.63	34.08	57.37	44.49	56.41
56.74	43.85	54.34	49.84	52.86	46.50	53.22	85.80	22.49	25.28	22.24	18.91	21.77	0.00	0.56	0.46	84.99	101.65	82.86	58.97	92.20	73.22	80.88	16.75	37.38	59.20	17.23	14.57	72.22	55.26	80.15
59.14	41.19	52.90	49.19	51.78	50.29	53.77	72.43	23.29	25.32	21.48	22.46	23.90	0.52	0.00	0.27	72.29	101.83	72.84	61.14	99.41	82.48	73.39	17.20	34.75	52.98	13.77	15.14	78.17	58.37	68.06
66.42	51.98	56.96	44.03	57.47	54.86	59.18	80.69	22.11	26.98	19.52	19.45	24.02	0.47	0.24	0.00	78.06	99.65	81.32	58.58	110.89	77.42	69.39	18.78	34.09	54.43	16.78	13.54	74.60	49.80	64.72
13.31	31.27	23.79	28.75	29.43	27.98	17.01	0.33	97.80	79.98	64.13	58.90	80.68	85.86	85.18	75.06	0.00	41.78	0.60	123.48	30.86	9.54	0.29	61.37	43.52	93.92	79.67	76.86	101.69	77.16	122.08
43.43	62.58	60.65	63.06	62.59	54.68	54.51	45.52	113.13	120.23	97.24	103.86	121.72	89.37	91.40	91.14	40.01	0.00	46.39	149.76	64.98	50.47	45.57	83.79	75.70	126.09	103.60	96.90	130.75	112.31	154.16
12.80	28.69	23.67	27.52	28.31	28.21	18.31	0.24	79.18	84.30	71.57	60.79	81.44	71.80	74.36	80.14	0.58	45.85	0.00	111.80	35.29	10.19	0.24	72.54	47.91	80.67	89.53	90.06	110.39	84.85	118.74
103.72	92.03	91.50	84.90	82.18	92.43	88.31	120.22	34.66	32.27	53.59	54.97	30.14	55.29	62.14	60.77	119.67	151.93	120.12	0.00	143.21	106.85	103.00	76.86	64.50	33.68	35.34	57.55	47.19	40.55	21.83
38.63	63.14	50.93	56.82	54.10	50.59	51.23	34.09	114.19	112.54	90.60	98.84	115.68	107.39	101.81	117.91	30.42	53.98	35.67	138.10	0.00	25.72	31.56	89.00	67.95	106.15	121.17	120.57	118.73	101.49	117.98
17.91	31.75	31.39	39.34	32.57	26.62	21.82	10.11	94.99	84.37	60.43	60.63	103.92	75.21	85.31	89.74	10.90	54.66	11.30	121.81	25.99	0.00	11.15	85.08	47.82	89.48	88.78	79.61	100.67	73.62	113.57
11.94	32.81	26.75	33.24	23.74	28.17	18.20	0.00	100.86	101.18	68.16	65.90	82.75	84.03	79.24	67.50	0.30	37.54	0.24	119.80	34.49	10.94	0.00	65.58	45.53	80.52	94.94	88.31	95.74	81.12	108.43
62.48	39.27	49.23	34.79	53.15	45.03	59.86	74.58	37.62	45.09	27.56	30.05	43.52	16.69	16.01	16.75	75.40	84.31	76.46	65.35	88.86	82.66	78.49	0.00	28.14	79.92	35.77	15.65	86.64	71.43	97.42
28.01	12.80	17.93	16.44	20.91	21.19	28.33	46.10	46.43	51.69	19.47	21.30	52.56	35.39	31.25	32.11	47.17	67.93	42.47	71.50	65.09	51.22	45.67	32.05	0.00	56.22	45.31	47.99	79.54	54.26	77.05
79.68	75.39	57.16	75.57	66.04	55.99	65.56	92.51	43.58	40.29	36.29	41.88	38.85	60.27	49.90	55.28	96.55	115.87	97.46	32.87	114.62	84.13	98.63	78.25	61.18	0.00	52.01	60.37	20.73	0.00	34.69
65.66	52.33	55.18	62.26	54.06	58.50	65.68	96.25	8.54	8.09	22.26	24.70	6.75	16.18	15.83	17.11	88.14	116.58	91.34	37.36	123.02	99.19	96.66	35.87	40.56	41.50	0.00	21.93	71.51	49.48	62.01
80.39	57.22	69.71	61.68	69.72	67.34	62.33	90.61	30.53	34.25	30.87	31.95	31.33	11.79	12.57	12.42	76.78	108.08	96.53	69.88	116.38	94.02	86.50	19.67	48.17	63.90	23.15	0.00	93.99	73.85	78.28
85.55	91.16	79.68	77.30	73.13	84.69	86.57	86.95	58.54	50.04	54.16	55.98	60.32	67.20	84.10	78.62	102.31	140.06	106.25	42.36	98.00	93.92	93.58	97.49	69.60	18.70	61.21	88.67	0.00	19.70	33.38
79.62	75.57	62.02	64.89	55.30	67.02	79.73	85.34	43.13	38.22	38.45	39.11	38.82	54.82	59.08	56.69	85.74	112.83	89.10	33.68	97.92	89.41	89.15	66.08	49.53	0.00	49.36	61.88	18.60	0.00	33.38
100.66	87.28	89.32	95.93	98.59	98.13	97.84	115.05	46.76	47.37	62.47	64.83	48.10	71.38	80.71	64.63	114.33	153.38	115.91	25.47	116.22	102.59	114.28	86.16	92.18	27.37	50.51	86.28	27.57	33.66	0.00
~
Delivery quantities;
1 8 1 1 0 1 6 6 2 0 5 1 10 5 3 2 6 6 2 1 4 0 4 1 1 4 3 3 2 0 
~
Pick-up quantities;
0 16 0 0 28 0 30 0 0 16 24 8 12 12 24 0 8 8 4 0 6 12 18 18 6 8 12 0 4 12 
~
Vehicle capacity; 
100 100 100 
~
