Cost matrix;
0.00	8.00	15.92	15.23	75.88	80.03	40.71	36.40	41.10	71.63	119.37	100.67	33.42	43.20	46.15	33.23	68.83	102.13	70.88	71.40	51.81	38.13	50.88	54.54	16.12	61.03	33.72	0.00	41.99	77.20	98.33
9.67	0.00	9.61	15.98	69.58	64.59	36.70	35.18	30.38	54.36	105.66	91.13	31.73	43.10	41.35	29.53	72.41	86.48	71.24	66.75	53.23	38.12	50.66	62.90	20.40	53.17	24.59	8.93	51.88	77.61	90.29
18.84	8.70	0.00	11.17	57.35	55.23	21.89	23.39	23.44	44.72	80.99	72.17	42.48	33.90	32.15	27.19	53.62	80.69	59.01	56.13	54.76	45.97	59.25	53.44	29.44	56.90	29.42	17.35	52.79	72.36	69.83
16.75	15.66	11.83	0.00	70.07	58.57	37.73	36.38	37.99	51.07	100.75	72.47	46.44	31.87	36.36	18.68	54.15	74.16	55.99	73.84	67.70	51.93	58.51	69.79	38.13	68.94	35.61	19.53	60.67	81.05	74.94
81.64	77.72	59.24	60.58	0.00	3.41	53.09	47.78	51.21	20.42	39.25	19.51	86.04	38.97	29.59	50.55	2.67	28.97	29.94	32.14	130.90	98.84	132.54	107.46	90.55	93.22	84.79	75.91	128.52	54.10	28.65
75.31	65.35	65.06	57.25	3.67	0.00	50.51	47.74	44.68	20.60	32.56	24.17	97.56	35.82	23.39	42.00	0.43	32.21	29.05	37.18	111.06	102.11	126.60	104.95	102.18	95.96	76.06	79.60	105.03	57.23	27.04
41.49	30.96	22.15	31.93	44.81	53.19	0.00	0.11	0.67	26.54	65.52	58.48	48.99	42.74	29.60	38.01	52.03	48.32	34.77	41.44	73.80	48.67	74.60	58.24	54.67	55.60	33.59	37.20	69.66	86.30	65.35
44.80	32.64	25.53	32.40	49.15	51.91	0.11	0.00	0.62	26.89	81.56	56.77	50.66	44.15	32.14	35.04	50.40	54.90	33.97	36.56	75.99	49.60	68.64	58.64	53.12	53.15	33.83	39.29	59.39	83.46	77.38
42.08	31.82	23.65	32.54	56.28	52.56	0.76	0.52	0.00	30.56	80.39	71.05	47.58	39.99	33.90	40.03	43.01	54.21	37.72	34.55	66.39	54.34	69.96	56.07	49.46	57.05	37.70	39.40	65.09	93.58	73.31
64.51	53.92	42.51	56.56	23.70	22.06	28.00	26.72	30.63	0.00	44.20	36.30	76.95	37.23	20.77	45.68	20.65	24.56	14.38	20.43	89.28	93.53	95.92	82.26	71.61	72.73	70.37	61.60	97.19	68.38	48.55
119.74	90.49	99.26	105.99	36.61	37.45	72.93	66.54	66.33	48.05	0.00	12.47	124.43	72.78	54.37	85.76	40.52	23.12	46.90	38.70	143.05	130.17	129.16	127.09	139.07	121.91	119.29	112.23	149.31	88.55	46.39
94.02	86.21	83.37	89.13	20.64	21.03	58.41	64.78	57.35	32.92	13.89	0.00	116.89	65.35	44.83	71.25	21.02	21.70	35.26	31.44	138.82	114.78	128.09	134.53	109.30	119.67	88.65	87.44	148.04	69.59	37.52
40.45	30.92	40.49	49.67	87.02	91.70	44.92	41.89	40.26	73.93	105.56	100.64	0.00	71.11	66.73	56.85	87.40	91.83	76.55	85.25	24.22	7.84	27.70	21.68	23.82	33.13	9.00	33.44	21.98	136.46	103.72
52.83	44.40	38.96	27.71	37.62	33.70	39.32	45.17	48.54	41.31	66.74	64.18	81.19	0.00	16.75	16.36	34.47	56.53	52.03	54.33	101.54	75.69	84.57	97.03	66.92	91.56	74.14	45.21	92.22	44.20	47.27
45.75	41.97	33.85	38.36	27.63	23.82	27.72	29.58	32.26	22.01	60.06	49.55	76.83	19.96	0.00	25.04	23.01	41.04	38.47	45.65	95.28	86.73	92.85	78.82	60.63	83.93	57.80	54.07	86.72	53.87	49.85
37.89	32.75	25.43	18.74	47.05	52.86	37.78	34.66	34.96	44.86	91.08	64.82	64.60	14.75	26.06	0.00	51.79	75.84	50.11	60.62	86.30	67.02	85.12	81.30	45.84	83.70	58.88	37.70	85.21	52.89	67.53
78.98	72.12	51.63	65.90	3.46	0.43	52.36	49.66	52.71	22.71	32.57	20.93	101.83	40.70	26.42	48.16	0.00	25.70	26.30	30.52	118.14	94.25	107.12	115.57	84.39	110.50	72.18	76.85	127.83	57.35	28.34
104.14	77.93	67.77	78.79	32.84	28.00	56.45	60.68	55.80	28.38	24.73	17.37	106.39	61.50	44.03	74.42	29.62	0.00	21.44	19.05	123.90	117.49	131.32	115.94	93.43	95.50	88.67	92.37	118.69	98.87	51.57
83.33	65.37	49.30	57.52	33.67	30.40	34.23	30.99	36.00	14.77	43.64	34.28	84.68	59.98	31.00	64.52	25.50	20.78	0.00	6.19	98.26	82.28	93.06	76.01	75.20	74.84	69.38	71.48	95.65	85.57	63.27
85.11	78.95	54.88	69.55	31.02	32.52	41.89	43.61	41.61	17.23	37.37	34.79	87.62	59.04	40.30	56.90	32.46	16.48	6.56	0.00	96.39	91.40	98.90	77.46	93.58	68.36	77.08	80.49	117.78	83.93	56.46
49.43	44.61	54.82	66.73	117.80	100.00	71.55	61.05	70.61	108.97	143.54	138.51	25.41	84.63	86.65	85.99	121.84	119.83	104.64	103.51	0.00	14.53	8.93	25.82	30.84	49.74	31.45	45.88	0.40	135.20	138.84
39.12	40.47	41.37	54.60	106.24	103.82	49.27	57.94	56.28	78.84	131.28	124.46	8.15	79.71	82.37	77.32	98.05	99.56	97.72	85.88	15.47	0.00	21.08	25.33	22.18	40.42	19.61	42.89	12.61	121.44	136.02
46.73	51.21	51.54	56.67	126.97	115.36	63.62	66.39	77.90	92.77	152.46	119.26	27.30	90.58	89.03	83.45	109.56	123.29	96.23	106.22	10.09	19.66	0.00	34.50	26.90	52.96	40.00	43.27	8.83	117.05	151.08
59.53	54.01	52.53	72.45	106.92	115.51	60.75	53.54	64.34	93.98	112.40	131.65	19.45	108.93	96.54	83.24	111.75	108.64	91.21	85.23	28.27	24.10	42.40	0.00	46.76	14.94	29.44	63.18	28.16	138.24	125.15
17.33	23.35	32.23	33.97	92.03	93.07	49.34	55.81	57.80	83.67	119.60	123.74	22.32	72.42	70.79	54.97	87.37	100.37	85.94	86.18	27.11	20.73	25.03	47.72	0.00	56.35	22.81	19.52	28.87	114.29	115.79
68.27	57.90	61.86	80.57	93.25	101.12	50.76	54.79	48.40	69.20	112.68	108.44	32.55	85.39	72.89	78.51	97.87	92.21	74.92	68.20	49.34	39.62	54.40	16.75	60.93	0.00	37.42	65.91	49.81	149.11	120.45
30.53	25.58	27.98	35.65	74.94	86.81	36.08	31.50	37.21	67.12	97.38	111.16	8.86	64.30	57.10	56.39	78.72	83.60	64.64	72.26	32.40	17.76	32.16	29.89	23.64	31.61	0.00	32.64	32.40	124.53	94.23
0.00	8.52	16.28	18.06	73.09	80.85	42.67	38.78	43.23	57.36	120.15	86.47	41.35	48.13	55.40	35.07	77.05	91.64	82.35	75.80	51.80	43.74	50.36	53.79	20.74	67.31	34.66	0.00	50.86	90.07	100.57
48.02	49.01	52.27	65.15	115.80	117.28	60.44	59.65	63.22	105.05	132.46	147.37	24.07	97.22	99.08	89.86	99.65	112.23	95.72	112.15	0.40	12.51	10.38	28.85	27.62	42.84	32.98	43.33	0.00	141.00	153.81
77.51	80.18	75.00	72.09	53.25	62.65	84.82	92.78	95.17	84.39	90.83	66.78	113.17	42.76	65.35	53.41	56.80	91.98	97.95	96.29	132.02	130.17	133.25	153.77	114.98	135.41	118.94	90.40	138.10	0.00	47.43
104.29	94.16	82.22	83.13	26.64	25.45	70.76	70.42	72.18	43.84	40.22	38.54	111.44	40.98	47.45	57.96	32.33	54.79	50.74	62.45	131.69	125.45	138.30	131.71	103.23	134.47	114.28	89.64	124.82	43.93	0.00
~
Delivery quantities;
20 1 0 4 8 1 1 0 0 2 1 0 0 3 0 1 1 1 0 2 6 4 6 0 3 1 2 6 0 4 
~
Pick-up quantities;
28 8 12 0 0 0 0 30 6 0 0 18 12 4 18 0 0 0 6 6 6 12 12 12 8 0 0 8 18 0 
~
Vehicle capacity; 
100 100 100 
~

