Cost matrix;
0.00	13.30	10.78	12.47	12.30	5.51	69.19	62.84	80.74	77.46	69.17	79.82	89.82	79.91	44.44	47.38	43.55	53.11	16.10	10.68	12.54	10.20	81.84	45.39	21.23	25.54	12.74	12.11	51.48	64.16	17.87
13.49	0.00	7.82	0.42	0.26	11.26	60.06	51.37	71.47	69.19	61.00	66.14	62.11	57.25	42.25	45.75	40.85	41.76	25.95	7.43	27.02	3.06	67.80	40.38	27.19	15.50	11.42	4.21	55.36	64.52	29.84
13.57	6.91	0.00	7.33	8.10	6.32	58.87	60.70	58.53	62.15	58.43	71.40	63.30	63.14	41.15	36.77	40.20	40.33	30.06	0.21	23.83	5.83	72.96	33.58	29.92	23.55	6.15	3.00	57.62	61.87	32.36
13.09	0.41	8.16	0.00	0.19	10.33	55.77	50.71	64.46	61.77	59.29	65.30	59.06	57.43	42.52	43.39	41.56	44.05	28.87	7.65	25.94	3.39	75.42	36.47	28.33	14.23	12.04	4.08	49.04	50.69	29.71
13.32	0.31	6.76	0.21	0.00	11.67	57.59	48.57	68.88	71.40	62.72	56.39	74.31	67.19	46.10	44.56	42.71	38.14	25.28	7.37	23.33	4.00	77.91	45.41	29.88	15.27	13.57	4.30	53.85	61.57	30.55
6.15	9.93	6.91	10.98	10.50	0.00	65.66	54.76	82.47	71.83	61.77	74.97	83.45	74.30	45.33	44.61	38.57	38.12	26.08	7.01	17.05	7.62	69.74	45.66	26.23	24.19	7.39	7.72	48.21	56.20	24.71
66.79	57.18	66.57	69.66	57.56	79.65	0.00	43.66	4.05	30.91	28.11	31.63	27.74	26.22	76.35	59.16	53.03	40.21	91.55	59.14	84.68	58.11	41.31	35.57	85.52	52.61	59.76	59.02	123.35	113.19	97.59
68.57	46.87	61.46	53.72	51.03	66.20	41.18	0.00	41.31	19.72	17.56	18.27	17.40	16.90	82.08	73.59	86.72	63.41	76.05	50.09	74.62	49.36	80.88	55.44	69.14	36.93	68.26	60.15	81.25	61.90	73.28
76.51	74.04	67.19	61.34	63.81	77.11	4.44	50.30	0.00	29.19	30.39	34.06	35.91	30.68	66.80	65.02	65.88	35.68	97.00	67.45	101.28	67.67	42.24	35.50	104.20	63.58	59.69	67.91	114.08	108.86	102.29
71.73	58.61	70.50	70.32	59.50	76.92	25.54	16.55	31.56	0.00	2.95	0.53	3.64	0.46	97.03	77.76	75.06	58.13	90.07	74.94	79.73	73.15	68.73	50.72	72.81	45.93	80.41	66.81	111.31	83.09	82.56
70.11	58.87	68.48	65.32	59.68	68.94	28.45	16.26	28.68	2.72	0.00	3.73	7.02	3.87	93.88	68.45	82.99	57.34	79.56	68.44	84.29	57.80	62.39	52.58	83.67	43.88	62.86	56.08	106.59	86.59	80.29
83.85	60.86	75.65	65.41	68.52	82.08	26.17	20.16	33.31	0.60	3.21	0.00	2.67	0.14	102.26	83.44	73.77	52.14	93.83	60.93	97.13	75.03	66.97	53.33	76.49	52.06	63.51	65.58	104.34	99.62	87.39
81.87	68.69	68.95	74.06	72.96	82.94	34.45	17.55	35.83	3.42	6.13	2.48	0.00	3.23	87.08	89.10	89.37	65.84	80.60	75.70	100.91	70.55	68.02	58.29	84.47	56.76	70.28	69.55	95.22	79.72	86.72
74.59	67.53	59.35	64.56	61.35	77.51	27.56	20.54	32.11	0.47	3.71	0.13	2.89	0.00	89.43	82.95	77.43	59.55	95.27	59.00	79.65	70.23	62.31	52.25	92.73	48.16	78.22	68.21	112.82	97.87	93.88
45.76	49.02	43.38	50.84	44.22	42.70	83.18	81.35	78.08	101.70	82.17	83.28	101.03	86.36	0.00	16.60	14.25	33.26	61.10	35.11	45.96	41.73	45.72	38.53	64.57	50.46	29.68	47.43	91.22	95.00	59.44
52.01	46.97	43.40	42.28	46.44	41.86	68.43	82.05	63.35	69.11	76.27	75.69	81.55	76.47	14.96	0.00	0.30	23.17	63.21	42.47	54.70	50.80	33.81	21.40	70.60	49.79	38.25	41.53	84.68	100.45	62.47
45.95	43.32	38.96	48.21	49.75	47.85	61.59	81.39	58.91	87.42	80.76	73.91	73.61	80.47	15.02	0.32	0.00	20.05	62.35	36.29	56.30	48.62	33.09	21.18	66.01	56.66	31.35	36.38	87.18	98.93	67.88
49.92	37.82	34.47	36.73	37.94	44.49	34.65	62.09	38.31	51.32	54.02	50.62	56.72	57.42	33.38	22.36	24.98	0.00	74.56	40.59	59.87	45.20	29.59	0.20	71.81	36.85	31.60	37.60	89.89	105.35	70.36
17.86	31.24	31.52	28.88	26.31	22.44	87.96	74.88	98.68	89.16	86.92	81.05	96.18	97.64	54.79	60.41	63.84	67.38	0.00	27.95	13.37	23.61	93.69	70.64	8.23	44.14	35.08	25.91	31.39	49.09	0.62
13.36	7.43	0.21	6.71	7.38	7.31	64.22	63.29	62.44	64.16	65.00	74.13	66.78	70.27	41.98	35.02	40.01	35.26	31.98	0.00	23.87	6.21	70.52	34.84	33.80	24.32	6.52	3.17	59.94	62.01	31.99
12.24	23.80	25.66	22.09	26.01	16.93	93.82	76.44	87.52	95.38	82.31	87.47	82.80	93.96	51.90	58.80	53.57	54.63	10.50	27.32	0.00	21.16	82.60	66.86	20.75	37.95	23.69	25.11	38.16	53.87	12.44
10.66	3.69	6.99	3.91	3.17	7.80	71.02	49.12	64.68	67.30	60.87	76.22	72.17	60.62	47.95	47.35	40.37	43.58	22.54	6.70	20.53	0.00	75.16	41.46	27.52	20.22	12.28	3.56	56.74	54.49	22.92
79.19	66.47	68.06	74.08	76.26	77.42	40.39	85.89	39.99	77.13	75.97	67.11	76.07	72.59	55.71	40.77	33.75	29.45	96.99	70.26	88.13	80.27	0.00	32.73	105.81	75.36	67.83	74.35	113.94	135.09	87.67
49.47	40.59	35.80	38.12	42.00	40.92	33.15	62.48	41.15	59.60	58.12	63.85	67.25	55.25	37.47	21.80	22.59	0.20	68.29	39.61	67.19	38.14	27.37	0.00	73.46	44.47	34.92	39.90	92.88	92.40	61.00
23.37	30.17	32.40	31.42	29.94	28.03	95.25	66.83	97.88	93.08	80.99	78.03	79.35	91.09	60.46	66.28	74.56	61.01	8.02	29.29	17.66	29.82	107.48	75.64	0.00	36.43	36.05	33.48	27.45	40.66	8.78
29.08	15.68	21.54	15.79	15.63	25.20	53.68	34.33	57.25	47.34	42.81	48.97	54.83	47.05	60.77	58.74	53.67	44.12	40.42	19.37	39.14	21.38	67.24	39.03	38.64	0.00	27.26	20.66	52.85	59.17	38.08
11.94	13.87	6.55	15.08	14.54	8.80	65.95	60.80	62.32	71.06	76.28	79.20	70.73	62.78	35.31	32.56	34.11	39.49	29.27	5.64	27.65	12.77	56.88	35.13	39.63	28.30	0.00	10.29	58.32	73.17	36.13
11.10	3.67	3.18	4.11	3.59	6.95	61.14	59.40	69.83	65.10	68.31	69.31	75.20	58.35	41.52	41.89	41.25	43.60	29.72	2.87	25.48	3.71	66.79	40.09	31.04	18.76	9.38	0.00	59.09	68.60	24.83
48.31	58.09	52.01	57.22	54.26	55.02	105.56	77.87	127.57	100.50	96.63	95.06	113.45	93.38	90.95	88.18	98.07	84.84	32.45	60.76	44.21	59.70	125.03	94.45	24.50	59.64	67.31	50.24	0.00	25.19	29.96
61.04	56.38	71.55	59.93	61.41	55.96	98.80	74.36	118.31	96.00	78.80	77.43	94.37	83.74	92.44	113.23	106.67	98.65	42.79	69.49	60.50	60.00	114.65	104.57	32.53	51.65	72.34	63.24	29.36	0.00	44.84
19.86	26.42	28.45	27.53	25.80	23.55	98.31	68.59	97.82	81.19	81.33	94.48	89.72	95.24	64.25	73.22	68.62	66.16	0.63	29.76	12.10	27.45	87.19	59.79	7.57	36.28	33.97	29.62	27.89	49.75	0.00
~
Delivery quantities;
1 1 0 6 4 8 4 4 3 0 3 5 10 1 3 2 4 1 0 3 4 2 4 2 1 4 0 3 2 1 
~
Pick-up quantities;
36 0 36 24 0 8 12 16 0 18 24 0 0 0 8 12 0 4 8 0 6 0 4 12 0 18 6 4 0 12 
~
Vehicle capacity; 
100 100 100 
~

