Cost matrix;
0.00	9.08	8.68	6.00	38.36	83.66	71.64	71.64	45.29	45.82	92.66	78.99	87.03	36.35	12.96	50.76	18.44	71.26	28.05	12.94	11.46	12.82	15.58	87.16	114.60	72.29	96.49	97.72	29.04	30.45	29.24
10.69	0.00	1.54	4.74	48.32	66.92	62.59	69.07	44.33	44.19	89.45	72.24	75.99	43.84	25.20	62.59	23.40	79.98	34.34	24.73	23.13	24.43	25.26	75.36	102.26	71.96	94.39	92.28	28.95	29.21	30.91
9.88	1.55	0.00	3.55	43.53	65.87	72.81	66.19	39.21	37.03	105.44	73.73	79.24	48.96	20.69	70.89	27.81	74.02	42.60	23.87	20.53	20.02	23.97	75.23	86.23	64.04	83.69	98.44	28.06	29.80	33.75
5.80	3.85	3.20	0.00	45.71	63.63	68.95	66.85	43.90	50.01	100.40	71.86	67.28	46.11	20.42	66.41	25.00	74.11	35.93	19.28	17.80	16.63	24.59	71.92	109.99	74.98	99.35	101.97	28.71	27.58	27.00
35.14	43.52	41.16	44.09	0.00	95.79	114.44	124.79	75.16	75.14	131.24	120.64	129.85	7.15	19.93	19.08	22.05	33.48	16.02	22.79	20.41	22.46	21.18	137.28	146.97	102.23	138.08	138.87	35.70	42.36	38.82
79.16	66.14	71.45	62.97	120.85	0.00	3.54	5.12	59.29	56.79	33.67	12.62	12.37	114.78	81.47	119.59	92.45	136.09	100.19	79.47	87.99	77.41	92.96	28.26	35.89	5.70	33.89	40.87	77.20	79.83	74.54
72.19	74.12	59.35	77.61	105.46	4.07	0.00	1.61	52.33	51.92	32.46	16.10	15.52	104.20	98.23	124.41	97.04	143.87	90.99	89.64	90.24	91.63	83.80	20.24	31.43	7.84	29.78	36.27	90.83	74.90	81.75
74.70	63.27	76.46	66.86	110.51	5.40	1.61	0.00	64.03	55.26	29.35	16.47	15.38	116.54	92.69	120.27	93.56	155.69	94.18	91.61	79.16	91.41	93.62	21.03	34.16	8.78	28.89	35.94	98.39	90.92	84.04
47.77	43.02	41.45	45.71	76.98	53.34	55.42	58.16	0.00	0.68	63.46	77.22	62.33	67.63	62.28	89.24	49.90	95.40	80.00	61.28	54.36	58.67	46.32	55.35	65.83	63.90	64.79	71.23	76.56	81.51	71.86
42.92	47.56	45.14	47.67	81.04	58.85	63.05	61.66	0.73	0.00	77.10	60.67	77.08	83.04	60.91	86.76	56.59	113.64	80.04	55.23	49.90	49.69	55.91	56.77	72.36	63.29	72.16	78.08	65.03	64.48	64.02
112.34	103.61	88.54	107.82	133.46	33.07	28.49	28.49	62.19	62.49	0.00	44.19	37.52	153.23	109.47	172.89	109.22	172.55	140.43	122.96	108.67	124.71	105.55	15.74	0.34	35.42	1.88	2.55	120.30	111.43	120.34
79.68	68.12	74.10	67.45	104.90	12.18	15.56	17.15	67.89	69.98	40.63	0.00	0.44	127.80	91.91	130.99	100.35	141.35	103.61	102.35	91.59	81.64	101.67	35.83	45.55	7.72	43.00	47.99	88.04	78.28	77.38
72.97	75.96	74.52	82.80	108.94	12.44	16.64	16.66	67.93	61.14	46.69	0.55	0.00	133.96	83.56	147.45	104.19	146.76	115.87	83.25	99.48	103.66	98.15	34.43	42.31	8.05	47.06	42.54	78.63	88.81	79.87
41.62	52.05	46.79	44.52	6.02	124.40	104.15	111.96	72.48	70.23	122.97	109.05	113.38	0.00	28.83	18.48	22.50	30.16	22.46	28.52	24.70	27.47	24.26	111.84	151.37	122.42	146.44	136.98	42.47	50.57	44.31
11.30	24.14	24.32	19.76	22.50	84.04	97.26	81.82	52.99	54.43	120.58	84.86	99.13	24.57	0.00	43.96	10.31	49.65	19.01	0.27	0.54	0.48	10.00	87.27	127.95	85.39	125.88	124.61	32.69	25.69	32.84
49.87	60.87	71.14	61.87	22.41	121.19	114.82	135.25	95.23	94.52	147.34	138.26	139.15	15.24	36.83	0.00	39.08	17.19	35.98	39.83	46.75	43.20	39.95	123.54	170.11	131.72	156.33	170.92	59.70	63.80	61.25
17.25	24.04	26.41	23.55	21.63	90.39	96.11	82.79	48.93	47.20	128.24	107.70	88.30	25.01	9.68	42.69	0.00	51.21	28.90	9.98	12.04	11.22	0.29	98.85	105.58	85.81	121.83	114.34	43.25	39.16	34.26
62.75	68.67	69.42	75.70	35.13	151.67	149.22	138.89	93.98	113.60	189.52	129.23	156.00	30.53	49.40	14.97	60.66	0.00	41.25	59.15	47.69	58.84	59.73	161.90	189.15	137.19	150.27	172.14	67.41	65.46	70.96
30.48	37.58	36.04	35.41	17.56	115.13	117.57	105.36	83.31	73.57	119.58	102.35	106.27	26.15	23.57	31.30	26.84	38.26	0.00	21.83	18.89	19.00	30.62	128.19	123.76	97.32	151.28	118.39	27.16	27.44	27.81
11.69	21.02	23.39	17.71	19.47	90.36	95.37	92.25	51.95	58.84	106.16	101.34	86.15	24.68	0.28	39.48	10.23	52.80	22.75	0.00	0.27	0.27	9.53	91.85	116.29	85.81	104.26	102.06	32.03	30.92	27.24
11.53	23.77	20.15	17.30	24.15	89.37	78.37	100.17	54.77	59.04	124.19	89.15	93.22	25.27	0.58	42.28	10.25	51.11	18.83	0.25	0.00	0.07	10.96	107.18	106.17	91.98	123.76	114.55	31.40	27.76	29.99
11.08	22.80	22.44	19.24	23.42	92.89	88.55	80.30	54.25	59.76	110.17	81.06	94.26	25.99	0.59	42.41	10.37	56.03	21.23	0.25	0.07	0.00	10.40	95.85	112.76	89.94	104.88	122.62	28.18	28.59	26.60
18.61	25.92	25.08	19.64	26.69	85.91	92.79	82.25	48.39	48.39	100.56	98.36	87.82	24.22	9.97	44.58	0.24	58.00	28.08	9.66	11.50	11.46	0.00	109.94	108.53	98.34	106.82	114.17	33.89	44.44	42.23
80.32	79.48	73.68	83.07	118.17	22.42	19.58	17.52	60.41	56.67	16.79	33.32	35.05	138.64	90.14	140.46	95.31	169.50	123.59	93.04	108.71	110.58	98.15	0.00	15.77	30.14	16.80	16.81	88.32	106.82	111.11
105.08	102.02	97.48	106.83	138.17	34.30	34.46	33.70	69.30	72.55	0.35	45.67	41.77	147.24	126.41	157.20	125.43	184.53	130.88	121.89	129.13	111.47	100.82	17.40	0.00	33.56	1.53	1.75	113.56	127.27	123.80
71.52	68.56	76.65	73.44	117.29	4.79	7.39	8.76	64.52	58.30	35.25	7.26	8.45	103.32	103.30	140.02	105.00	158.90	92.61	88.50	91.08	81.53	89.13	25.23	38.91	0.00	41.38	35.28	80.99	74.88	76.03
101.25	88.57	93.58	111.90	132.23	34.27	30.69	32.16	68.87	63.21	1.70	43.45	43.57	143.58	117.80	166.74	109.32	178.22	132.51	107.76	111.97	114.35	130.80	15.57	1.73	41.78	0.00	0.69	132.68	118.52	111.41
105.33	86.73	84.98	101.06	154.77	38.58	31.79	35.99	73.52	63.08	2.03	45.96	40.64	142.80	107.81	165.94	122.92	148.91	138.16	130.43	109.29	107.87	127.57	16.51	2.24	41.94	0.72	0.00	107.98	132.70	105.72
27.70	33.58	32.07	30.24	45.02	78.99	79.86	83.19	79.28	77.89	114.21	92.71	75.10	42.26	25.33	62.37	38.71	59.21	27.46	28.68	29.31	30.94	42.46	102.09	126.15	91.00	125.26	109.21	0.00	0.59	0.53
25.98	28.86	28.88	27.89	36.06	75.14	81.97	84.51	71.33	68.69	128.58	86.25	79.55	44.43	27.06	65.86	36.91	58.26	28.56	33.00	30.42	28.83	35.33	111.34	120.71	86.70	110.91	102.51	0.63	0.00	0.48
27.50	33.50	33.66	26.35	40.43	72.72	96.18	97.24	71.87	76.76	100.65	85.67	77.07	45.72	32.72	60.89	34.54	54.99	27.89	32.51	30.65	27.98	43.55	93.94	106.21	93.55	130.26	123.63	0.61	0.38	0.00
~
Delivery quantities;
0 5 8 8 10 2 0 0 5 8 10 8 2 1 6 0 2 0 0 3 1 1 2 0 1 2 0 2 1 4 
~
Pick-up quantities;
42 0 12 4 0 4 20 12 6 16 0 20 18 0 0 6 4 18 12 6 0 0 12 6 0 18 18 0 0 6 
~
Vehicle capacity; 
100 100 100 
~

