Cost matrix;
0.00	13.38	40.59	12.46	0.60	0.97	70.03	11.39	85.76	38.06	101.99	113.37	81.98	51.60	34.58	68.75	40.77	43.72	41.09	34.91	9.56	45.87	65.51	72.83	55.21	37.82	32.13	37.81	45.07	65.42	50.70
11.37	0.00	57.09	9.10	12.41	13.36	64.54	25.26	72.88	27.51	102.47	99.66	82.67	38.95	23.93	61.25	50.36	32.09	28.22	50.56	6.46	48.19	56.08	71.00	66.21	49.91	37.02	47.06	51.86	58.43	63.05
40.97	48.35	0.00	64.45	48.86	40.00	113.96	40.55	103.34	76.95	139.34	153.26	140.23	104.69	70.34	104.98	19.51	79.43	64.85	27.96	46.50	28.62	55.16	57.01	41.16	30.67	32.01	20.89	10.10	39.62	42.16
14.66	10.02	63.81	0.00	14.09	14.39	69.69	25.63	63.58	35.67	101.83	102.58	82.53	31.66	18.70	57.73	46.29	41.79	40.58	46.37	14.86	56.24	68.87	74.01	73.09	48.97	53.53	56.30	65.21	71.29	69.78
0.47	12.61	41.43	13.88	0.00	0.72	75.01	11.70	82.83	43.86	111.21	117.03	104.20	46.34	36.51	76.61	35.44	37.74	45.15	39.78	9.11	37.94	55.60	66.30	51.19	46.56	40.00	40.09	49.04	51.66	61.77
0.96	11.78	41.49	15.25	0.73	0.00	82.54	12.19	82.62	44.12	92.36	108.89	84.75	54.16	33.41	71.39	40.32	44.10	45.65	31.52	8.08	38.91	55.91	70.52	62.19	44.67	38.98	40.43	47.55	57.40	61.84
81.67	68.03	106.85	70.85	83.56	74.66	0.00	81.51	1.47	46.30	35.18	35.43	27.51	38.04	42.77	2.31	99.76	55.21	44.99	107.36	77.57	91.49	91.84	101.69	97.97	102.28	99.52	112.72	117.64	110.01	95.71
13.89	22.97	38.02	23.10	13.12	14.13	96.12	0.00	86.81	56.77	109.39	106.82	118.46	60.23	47.93	89.43	30.86	49.94	56.48	22.64	18.21	43.28	63.14	61.89	60.68	44.04	34.05	31.33	46.01	58.45	63.91
78.68	68.83	117.78	62.39	74.98	72.56	1.66	95.61	0.00	55.42	34.78	31.38	27.17	40.15	52.30	3.27	111.47	52.47	44.82	121.66	74.54	105.36	90.21	110.61	119.67	86.53	90.42	93.85	104.00	119.56	100.35
44.20	31.93	70.37	39.43	43.44	39.96	50.00	49.23	44.62	0.00	91.86	76.28	66.46	41.05	41.63	49.70	53.88	0.92	0.36	80.02	36.49	49.02	39.48	48.31	55.35	45.21	43.27	55.36	76.48	65.10	65.30
106.53	96.58	136.39	93.25	99.07	112.49	29.71	119.54	33.75	78.48	0.00	1.90	8.80	55.57	74.09	32.68	142.68	77.76	88.55	153.62	91.00	142.21	128.60	136.97	145.71	111.70	132.73	135.30	139.52	140.66	122.36
118.13	81.10	161.29	95.64	112.85	98.90	35.06	108.18	37.73	83.94	2.08	0.00	10.77	58.68	70.33	39.29	139.77	86.95	78.27	144.32	103.20	132.42	119.80	119.55	126.19	115.71	115.22	133.63	141.44	146.62	153.94
91.86	86.06	147.52	84.84	87.93	101.41	24.82	116.22	30.50	79.54	8.41	11.31	0.00	41.11	62.32	29.38	129.24	80.35	82.36	129.25	76.96	110.25	118.34	135.59	138.73	120.09	126.46	122.44	146.63	136.39	135.92
43.92	39.17	84.55	32.26	48.11	53.66	34.38	55.69	44.09	48.17	60.12	51.40	49.54	0.00	14.43	40.17	80.49	50.03	46.40	82.12	50.11	80.41	85.17	84.75	91.84	72.01	69.31	89.61	88.66	91.82	90.71
30.54	26.04	70.46	22.59	30.92	30.47	45.18	43.90	44.13	41.42	66.37	73.47	53.12	16.78	0.00	41.20	60.73	38.35	39.80	75.58	26.83	64.96	63.88	95.95	94.88	62.12	59.61	65.99	90.55	79.69	90.74
66.84	65.42	100.84	59.42	73.71	72.15	2.31	96.98	3.36	42.81	36.22	37.94	30.06	31.88	48.57	0.00	93.79	49.34	45.21	122.01	72.50	97.02	88.33	102.80	108.10	86.38	98.26	88.32	128.03	105.56	97.14
42.31	50.13	21.35	54.30	39.04	33.65	112.52	39.48	97.07	53.86	121.71	140.30	108.42	86.71	61.69	100.97	0.00	55.11	53.90	34.03	35.70	10.38	39.77	32.57	25.00	12.22	9.68	0.00	14.74	26.04	20.90
38.95	29.75	77.44	36.73	40.37	40.71	54.51	51.53	56.87	0.80	80.66	83.69	82.90	43.96	35.35	42.82	51.59	0.00	0.70	75.50	28.90	45.91	38.04	48.57	64.10	51.53	46.46	47.26	68.91	62.08	56.94
44.38	32.30	76.14	37.98	38.24	41.29	43.12	53.72	52.83	0.32	89.82	85.43	65.82	39.62	39.72	50.34	47.62	0.76	0.00	77.55	34.58	43.70	33.42	46.65	59.99	44.85	44.35	51.62	65.46	55.33	62.51
30.98	48.22	24.18	42.60	33.63	35.18	99.00	23.08	107.59	76.17	123.42	144.12	139.99	79.30	69.78	99.56	38.23	67.96	76.77	0.00	41.19	45.87	71.53	82.08	52.78	53.56	42.06	34.56	36.78	55.04	57.97
9.11	6.71	45.71	13.29	8.34	7.42	78.06	20.48	65.36	32.32	104.59	88.64	78.06	40.65	34.55	66.04	43.68	27.81	36.01	47.76	0.00	40.00	53.33	65.83	55.24	36.67	37.22	38.73	48.49	62.85	56.82
40.23	41.99	28.76	51.74	36.56	36.01	85.25	41.43	101.53	42.01	129.60	120.85	106.70	88.30	62.94	94.51	11.72	42.78	47.57	48.15	40.67	0.00	30.59	24.86	17.67	0.00	5.18	11.21	27.03	15.41	14.53
57.09	59.98	54.96	60.26	52.28	54.88	85.50	63.03	80.05	42.03	113.39	111.60	112.45	89.76	71.27	75.25	38.69	37.57	37.85	68.92	57.72	32.72	0.00	20.74	36.17	30.29	35.44	45.28	49.34	32.16	28.49
64.70	63.38	53.67	79.70	59.46	64.09	108.12	64.78	91.49	49.15	149.26	138.47	120.96	92.17	87.39	103.96	33.46	51.08	55.47	74.45	65.82	26.48	21.12	0.00	16.55	25.31	32.39	33.12	40.37	15.22	14.62
56.24	61.39	33.77	65.08	53.05	64.65	116.19	63.07	101.12	64.61	136.66	154.45	142.00	103.49	90.05	108.34	23.40	58.15	61.05	55.31	50.55	16.73	31.12	17.82	0.00	16.36	21.28	25.15	28.02	0.17	0.17
42.14	39.96	28.96	53.07	46.78	37.86	107.40	42.21	86.74	45.72	113.62	132.98	115.31	88.12	59.92	89.92	12.99	50.12	48.94	48.71	39.32	0.00	30.96	28.12	18.95	0.00	4.68	13.17	21.74	15.69	16.05
33.47	37.03	28.64	54.41	35.51	32.36	95.31	32.45	106.53	48.00	112.39	123.41	109.91	74.49	68.17	84.94	9.71	42.08	42.92	47.15	36.55	5.18	39.38	32.74	24.03	5.14	0.00	9.39	22.09	24.21	20.60
39.70	44.99	20.41	46.82	40.23	35.09	96.04	30.66	93.05	53.84	122.32	125.60	136.89	73.09	66.43	109.20	0.00	51.45	49.72	34.49	34.72	13.21	41.92	39.10	21.53	11.81	8.04	0.00	14.44	20.36	21.44
46.36	57.44	9.23	61.93	47.30	44.32	109.36	37.13	120.51	65.72	136.65	128.92	141.72	90.88	72.81	106.41	13.40	61.58	76.68	34.14	51.20	21.81	59.70	39.58	28.05	25.98	20.69	16.14	0.00	26.09	30.53
58.87	68.41	37.37	75.26	64.82	58.69	97.14	54.46	97.86	55.58	156.76	139.11	148.67	107.84	87.30	108.24	25.18	53.71	63.68	57.69	59.99	18.22	35.44	14.72	0.14	16.04	21.75	23.66	27.90	0.00	0.00
64.25	64.35	41.19	62.44	65.17	52.52	105.05	61.03	94.43	53.38	158.03	132.00	146.27	89.60	91.03	105.36	26.03	61.95	65.56	53.55	50.71	15.78	33.30	15.20	0.16	17.33	21.32	21.92	31.30	0.00	0.00
~
Delivery quantities;
9 12 2 1 6 10 4 0 3 0 8 1 2 6 4 2 2 2 2 4 2 0 2 0 6 2 1 3 3 0 
~
Pick-up quantities;
24 4 30 0 0 20 8 12 0 20 16 0 6 0 12 12 12 6 0 12 6 18 0 12 0 0 0 0 0 18 
~
Vehicle capacity; 
100 100 100 
~

