Cost matrix;
0.00	14.13	12.82	12.53	78.27	14.96	16.87	74.80	78.85	76.34	68.62	45.29	48.97	56.18	50.48	112.57	96.49	104.39	82.33	85.41	72.20	93.73	109.82	85.86	97.68	117.73	16.82	9.12	32.15	9.21	60.88	35.69	12.06	40.45	10.03	47.07	65.99	68.98	28.73	71.16	68.86
12.74	0.00	8.73	2.68	60.00	4.96	10.41	69.16	58.88	67.46	62.63	41.52	38.68	36.65	40.01	82.04	77.01	91.94	66.01	63.15	69.97	96.52	83.51	96.66	79.65	85.93	26.51	4.09	42.85	2.92	51.67	21.15	4.46	44.45	4.95	57.47	85.83	72.69	39.28	45.61	56.08
11.34	8.08	0.00	6.50	66.72	9.75	4.79	56.09	59.45	62.70	62.35	43.52	37.27	42.39	43.23	96.44	100.39	80.77	69.90	76.01	64.68	97.81	88.91	86.71	76.87	108.49	23.23	5.14	51.83	9.12	49.57	21.31	4.25	49.81	6.38	54.82	76.05	77.92	47.64	61.32	59.25
12.53	2.50	6.60	0.00	60.75	4.38	7.63	69.22	55.56	65.41	60.54	47.98	39.43	33.88	43.06	93.56	88.17	81.23	70.89	64.78	67.15	96.88	93.65	91.47	75.40	103.01	26.66	3.11	48.05	4.45	44.65	20.56	2.04	50.47	4.49	58.07	78.45	82.06	42.23	50.60	56.17
82.49	66.27	65.10	62.86	0.00	58.79	57.73	13.15	12.63	9.09	9.71	87.23	30.25	33.56	33.84	43.03	19.35	37.76	21.32	20.00	20.52	57.95	39.70	37.79	19.32	50.42	96.54	74.29	100.32	78.00	62.68	50.12	63.02	94.63	63.36	105.15	128.00	158.06	95.29	35.54	15.87
18.44	4.52	9.39	4.44	67.46	0.00	9.21	58.85	63.15	57.17	65.76	48.37	38.22	35.54	37.13	81.10	88.95	76.89	59.45	67.07	69.33	105.00	93.07	74.12	75.57	87.89	34.25	7.72	56.39	7.79	51.51	13.26	6.36	43.89	7.85	51.88	76.42	73.65	46.61	50.81	48.28
17.73	10.27	4.50	9.17	58.33	8.31	0.00	60.31	52.33	65.02	52.91	51.90	39.79	38.48	33.24	91.77	75.44	79.71	66.17	74.78	60.18	94.23	84.15	77.76	75.34	84.29	27.83	9.52	54.34	10.62	54.72	17.64	7.16	47.52	10.26	69.88	74.71	87.08	43.32	56.82	47.51
71.32	59.70	60.26	69.58	13.62	54.67	60.42	0.00	0.28	2.73	2.60	84.50	25.82	25.73	23.14	32.24	29.76	33.49	33.04	29.65	33.38	51.14	37.12	37.98	21.57	37.52	96.71	61.33	101.27	65.34	72.38	45.98	56.86	86.69	61.01	123.86	142.59	135.52	106.71	44.66	18.81
76.45	60.63	69.32	61.03	11.85	56.47	56.43	0.31	0.00	2.87	2.95	103.57	21.00	21.11	20.40	34.58	34.49	31.27	35.39	31.69	33.99	53.57	32.25	31.62	23.48	46.88	90.10	67.40	95.69	60.58	66.11	42.03	62.42	102.45	61.67	109.74	128.34	137.49	92.18	45.92	19.42
85.42	70.47	66.72	59.92	10.55	64.45	63.11	3.03	2.70	0.00	0.29	97.27	27.15	24.21	23.88	33.29	31.83	37.49	29.45	33.85	30.22	53.77	32.64	31.80	22.82	48.25	82.52	62.77	117.19	63.48	65.26	49.14	64.81	99.99	68.44	98.50	130.18	133.38	98.77	38.51	20.13
83.19	63.09	66.40	66.79	9.27	63.63	67.34	2.79	2.44	0.25	0.00	97.38	22.81	23.90	27.23	33.47	31.56	38.23	25.85	33.74	31.19	56.21	35.75	38.15	21.94	44.73	84.05	68.70	123.75	68.19	62.47	44.46	67.18	83.29	70.95	99.39	137.04	156.05	115.70	46.01	18.53
37.34	41.98	48.59	41.43	99.42	51.02	46.98	88.71	86.19	84.31	92.45	0.00	67.83	69.09	73.67	113.83	108.93	140.01	90.13	73.71	83.60	135.39	134.74	137.41	121.15	116.43	46.11	43.35	47.58	40.25	36.08	51.83	49.10	0.63	39.53	22.90	66.52	53.70	29.55	61.72	85.86
49.21	39.75	39.53	34.53	29.58	33.95	31.26	26.28	23.16	27.62	22.07	83.40	0.00	0.22	0.61	55.97	45.27	51.48	39.94	39.04	42.29	65.94	49.57	45.65	47.58	56.28	63.31	38.08	75.38	46.07	55.73	19.44	34.92	71.42	41.31	85.31	128.94	123.30	89.51	39.80	22.07
53.73	40.57	38.10	35.08	28.61	35.92	38.86	24.33	23.98	23.15	27.51	81.59	0.20	0.00	0.34	48.84	55.10	54.67	36.01	45.41	40.75	60.32	50.76	46.53	41.81	56.90	57.87	42.33	83.39	40.02	58.63	21.67	43.53	65.12	46.63	84.66	128.81	127.13	79.81	34.31	19.69
50.73	36.63	35.68	36.89	32.45	35.50	37.48	23.18	25.37	25.15	25.78	65.61	0.59	0.33	0.00	56.07	52.54	55.38	38.23	41.81	34.76	71.31	48.80	44.49	49.17	54.15	70.52	42.23	88.26	42.07	45.56	19.72	35.29	66.57	44.61	84.79	126.16	109.31	81.02	33.94	23.15
110.61	103.70	80.39	95.12	38.99	78.38	96.45	37.96	37.85	34.42	35.86	118.69	51.88	57.36	46.73	0.00	50.18	0.57	63.48	67.15	71.24	22.97	5.92	6.38	38.19	5.77	101.94	93.81	137.69	106.82	100.57	73.35	96.98	128.45	103.29	161.00	159.40	150.66	136.05	87.92	50.79
108.21	85.09	86.62	87.16	22.53	85.34	82.68	29.23	28.87	25.92	28.41	108.46	49.54	51.26	45.57	46.90	0.00	48.11	32.20	27.12	29.64	74.06	51.15	52.10	10.14	53.45	121.19	91.57	144.94	85.89	67.79	68.06	100.16	113.99	82.51	121.23	150.00	173.86	115.14	48.98	39.38
112.96	89.21	93.07	94.78	39.23	89.56	77.02	36.64	37.13	40.80	38.57	122.87	59.99	47.16	49.27	0.62	41.33	0.00	64.55	70.20	63.95	27.12	6.33	6.64	31.04	7.48	123.21	103.21	143.35	89.57	110.97	65.27	94.85	119.67	86.77	160.77	164.52	182.16	126.47	79.19	58.80
69.46	72.95	65.89	63.61	18.87	60.97	68.96	29.91	30.71	30.81	27.03	87.60	39.07	38.71	44.31	71.51	26.81	64.20	0.00	1.22	0.25	79.87	56.89	70.97	33.83	68.09	100.82	62.11	98.42	61.06	48.21	51.12	59.93	72.03	76.11	115.74	137.93	147.90	101.36	21.08	17.44
77.50	68.35	69.39	73.83	22.05	60.39	60.13	31.44	36.55	29.38	31.02	82.71	40.03	38.44	36.33	57.50	30.06	59.38	1.48	0.00	1.16	85.36	60.92	64.72	35.94	72.32	102.54	70.86	104.06	72.91	42.51	51.08	72.19	79.15	63.06	107.63	132.00	134.96	102.91	22.12	17.00
69.49	73.54	71.65	69.37	20.45	66.54	66.93	31.99	32.17	26.50	31.27	90.66	42.19	38.34	34.82	59.02	28.98	68.82	0.27	1.25	0.00	87.28	58.80	66.27	37.23	71.60	94.67	68.79	100.28	69.84	46.26	51.64	73.39	85.18	64.45	94.75	132.73	139.50	90.28	20.91	16.49
98.86	111.06	104.02	92.03	58.95	84.49	91.60	59.64	53.99	50.40	57.19	127.20	60.21	70.36	69.20	25.73	61.78	22.45	82.55	93.39	94.70	0.00	18.11	18.88	57.88	19.68	102.86	102.48	144.88	95.69	128.37	92.54	97.49	120.21	93.43	137.98	163.17	168.14	150.95	96.69	65.49
98.28	94.83	75.95	76.28	46.86	86.81	89.17	34.70	37.96	40.51	33.26	134.42	49.33	43.47	55.96	5.65	42.14	7.50	59.65	70.45	61.24	19.72	0.00	0.34	33.78	12.57	115.29	94.52	119.91	80.22	104.26	62.41	88.76	131.20	84.60	155.57	171.74	152.37	137.51	83.15	56.46
100.74	97.39	76.90	76.74	39.97	84.47	91.14	31.15	29.85	33.61	35.01	135.67	51.76	55.57	50.62	5.58	44.56	6.10	56.79	70.19	68.71	18.36	0.39	0.00	38.44	11.28	95.14	91.40	116.60	95.91	98.33	75.84	89.78	130.06	90.74	139.53	181.65	171.57	127.33	84.90	51.45
86.78	94.37	84.98	73.84	20.00	75.06	88.73	21.29	23.69	21.11	25.42	109.39	48.33	44.28	48.23	36.31	9.72	36.85	31.57	33.59	28.87	58.57	34.70	41.82	0.00	43.72	120.06	93.69	141.26	83.26	74.12	57.89	93.68	123.12	97.42	124.57	178.13	167.15	113.04	49.71	30.45
119.92	100.51	102.19	92.63	45.71	104.43	96.59	41.29	44.91	39.21	46.98	144.69	57.20	64.74	65.04	6.62	48.55	5.94	70.29	77.27	71.32	22.07	11.64	9.92	45.30	0.00	118.31	92.26	124.35	110.15	104.26	90.79	100.19	126.89	98.49	142.43	152.46	178.88	148.02	79.44	67.28
19.34	29.11	24.14	30.09	94.66	29.30	30.90	100.09	90.07	85.07	100.34	46.80	66.61	61.84	69.47	101.65	119.29	100.67	100.51	106.09	90.83	126.92	96.66	94.91	121.18	131.55	0.00	25.69	23.74	28.95	69.58	42.82	25.99	51.02	26.20	44.37	54.91	50.89	28.77	87.94	89.54
9.45	4.80	5.28	3.27	79.32	6.64	8.72	58.93	63.66	60.26	70.71	43.87	39.07	42.24	42.26	81.11	92.04	103.13	60.79	61.53	74.29	86.97	92.89	78.92	81.27	103.69	23.31	0.00	40.40	2.91	45.23	19.08	1.78	44.80	1.49	58.13	78.86	70.61	43.97	60.63	51.73
31.77	41.58	41.22	41.71	102.62	54.93	44.88	115.11	96.22	98.83	123.65	43.20	88.26	86.52	90.06	133.49	149.74	120.07	123.23	105.67	100.17	127.03	126.49	137.31	131.59	152.60	27.16	40.27	0.00	38.88	84.33	69.26	42.32	42.78	48.88	38.68	28.92	34.89	15.55	91.34	101.75
10.62	3.26	7.41	4.24	62.10	8.25	10.60	73.87	65.11	64.01	58.90	42.01	47.59	45.91	46.58	102.01	96.23	89.15	69.02	68.00	74.83	113.27	84.24	94.69	88.92	105.75	26.88	2.66	44.19	0.00	49.30	22.90	3.72	44.88	1.98	53.76	67.06	81.02	37.67	62.75	50.34
51.37	48.27	60.12	48.43	64.77	40.25	56.38	72.34	65.17	66.41	58.81	42.69	55.06	56.74	58.01	108.17	70.00	98.67	45.07	45.12	46.50	117.81	87.19	106.67	69.63	102.11	68.42	50.63	86.92	45.17	0.00	46.17	47.77	41.01	48.52	61.08	88.80	100.74	65.40	23.37	47.75
34.22	17.51	22.40	17.74	43.62	15.15	16.13	41.84	43.86	47.14	42.13	54.82	18.13	20.85	18.98	69.20	66.87	80.06	44.94	54.78	53.55	75.16	67.80	71.15	63.77	71.80	51.61	19.20	75.14	22.47	41.83	0.00	22.58	52.97	20.81	71.46	105.88	83.54	53.57	39.81	33.94
10.66	4.19	4.86	2.51	66.88	6.74	8.33	56.70	58.03	63.98	63.93	48.29	42.30	39.40	38.67	94.58	84.15	100.59	71.75	67.04	69.28	99.73	97.32	95.44	86.58	97.24	27.06	1.62	46.05	3.90	48.40	22.97	0.00	41.93	3.42	57.41	77.36	66.77	46.13	58.53	58.86
36.90	42.84	49.08	44.78	94.06	42.70	58.62	103.04	88.93	101.79	90.71	0.57	64.82	70.01	80.52	115.97	109.39	130.97	91.56	81.03	75.07	132.58	132.45	132.68	119.70	149.22	56.22	49.63	54.11	43.09	39.29	60.68	46.97	0.00	41.24	23.63	66.00	54.57	33.65	55.31	67.89
8.72	4.00	6.96	4.05	65.72	9.10	9.62	63.80	64.48	71.79	67.96	42.87	47.39	46.40	47.46	106.59	102.25	89.59	66.68	70.50	78.69	96.47	95.53	97.74	82.78	90.83	24.15	1.33	48.98	1.99	50.32	25.98	3.07	41.39	0.00	54.81	79.76	77.75	34.69	63.77	56.94
52.77	50.37	66.36	54.16	116.77	52.84	59.54	116.69	99.68	121.23	109.14	22.34	102.55	102.13	102.98	162.05	129.45	158.95	103.67	115.33	103.23	153.39	131.75	123.34	132.94	154.31	50.43	56.90	30.44	59.07	72.05	66.36	64.00	22.07	51.09	0.00	40.63	36.48	18.03	92.53	101.33
67.53	78.22	82.36	70.00	161.20	78.98	92.84	155.24	154.27	126.72	139.19	63.34	107.78	122.33	118.33	166.72	173.52	154.40	144.58	150.92	133.88	188.64	161.89	148.93	173.04	181.20	49.23	74.99	27.97	75.60	106.29	98.88	70.79	61.64	78.74	40.31	0.00	0.37	35.75	134.58	115.57
57.98	78.85	81.22	83.38	160.18	73.50	83.37	131.08	132.95	156.27	133.00	59.65	128.55	121.66	110.51	185.40	156.25	172.30	124.46	131.43	123.16	186.25	143.66	173.15	179.55	152.15	52.52	78.05	29.54	69.88	103.95	83.65	76.11	62.61	83.10	34.33	0.40	0.00	38.39	118.08	143.23
30.82	40.68	38.25	43.15	100.16	50.10	50.02	104.29	112.24	110.47	98.39	27.17	77.35	74.61	80.05	129.93	140.22	116.55	109.67	112.27	94.30	126.35	126.93	127.36	123.64	120.76	26.08	44.14	16.20	38.55	58.72	56.72	41.00	34.39	38.56	19.71	36.32	39.38	0.00	90.48	89.06
62.60	54.09	52.53	54.14	38.79	46.01	60.29	42.68	38.54	45.33	41.11	65.23	37.53	34.16	38.05	85.69	47.88	79.43	17.85	21.63	18.14	91.14	75.43	85.51	46.97	78.42	76.30	56.63	87.78	54.15	25.24	43.24	61.55	66.59	57.65	77.85	120.70	105.91	75.09	0.00	21.05
58.66	58.50	50.18	54.24	18.10	42.95	57.00	21.51	20.36	18.72	20.64	74.11	20.31	22.54	20.23	54.98	31.82	61.39	20.36	20.15	16.27	81.48	48.11	56.52	37.79	65.06	74.23	59.34	101.85	59.64	44.72	33.93	55.30	83.72	49.14	94.72	134.31	122.18	92.55	22.70	0.00
~
Delivery quantities;
10 10 4 7 10 2 1 4 3 8 4 3 8 2 2 0 4 4 0 2 4 2 4 2 1 1 2 1 2 2 0 1 1 4 4 2 1 4 2 4 
~
Pick-up quantities;
6 0 16 48 0 42 0 16 24 12 4 16 12 12 12 12 6 4 18 0 0 12 12 8 0 12 8 0 8 12 12 0 0 0 0 8 0 0 12 12 
~
Vehicle capacity; 
120 120 120 120 
~

