Cost matrix;
0.00	8.52	13.03	63.15	9.80	13.30	25.83	13.28	15.33	8.40	10.19	73.04	70.13	75.70	76.86	62.51	72.70	41.51	50.63	44.13	43.27	44.89	47.41	56.85	57.50	56.63	26.65	17.53	11.12	14.11	12.67	11.40	64.37	25.22	26.01	19.18	0.92	25.27	31.84	66.71	39.57
9.21	0.00	4.30	65.09	3.01	5.42	22.86	9.03	7.71	1.97	0.40	61.89	66.38	63.55	73.18	62.84	56.54	45.90	40.08	45.26	40.23	42.43	40.33	37.14	51.80	47.26	31.82	24.10	1.78	10.04	10.92	1.45	65.55	27.38	22.54	9.49	8.20	15.54	21.94	55.41	39.53
12.99	4.53	0.00	73.50	1.88	0.44	14.00	5.81	7.09	2.91	4.76	65.87	67.93	74.27	59.99	57.20	54.68	35.08	40.16	49.09	36.42	34.52	36.00	35.44	54.81	51.30	25.10	29.60	3.05	5.41	6.43	3.35	59.05	33.13	14.39	6.97	12.58	17.39	18.36	53.66	47.99
70.95	58.23	69.69	0.00	59.42	65.93	93.67	67.01	69.13	68.11	60.58	100.39	86.07	102.18	112.79	69.81	77.86	95.57	100.31	26.07	118.02	92.86	86.00	93.37	34.96	69.14	82.04	74.72	66.33	74.01	79.14	69.07	14.53	41.23	94.48	68.37	60.23	57.67	68.64	20.22	29.99
12.11	3.29	2.15	57.85	0.00	2.29	18.55	6.88	7.26	1.89	2.96	61.04	66.28	61.26	67.12	50.27	48.66	45.49	45.99	41.02	35.71	43.94	40.41	43.27	48.58	43.29	25.03	25.16	1.23	7.62	8.11	1.47	69.28	33.01	17.36	7.05	11.03	13.62	17.65	59.73	38.69
13.26	5.00	0.48	64.84	2.32	0.00	14.17	6.72	7.95	3.24	4.28	64.35	65.39	65.88	63.12	47.51	58.68	42.62	41.20	43.34	39.80	40.78	43.91	40.22	52.17	50.44	27.99	25.93	3.50	5.55	5.54	3.32	62.04	34.63	17.11	7.96	12.43	18.16	16.95	56.59	47.63
27.24	21.55	15.39	73.36	17.04	14.15	0.00	12.04	18.81	17.85	20.29	64.05	61.46	67.85	68.81	57.49	51.79	25.47	22.90	64.30	22.90	23.90	35.88	39.63	58.65	51.90	18.63	35.54	19.21	10.58	9.62	20.48	83.71	55.05	0.58	21.12	22.17	27.60	17.22	66.70	58.29
12.20	10.79	5.97	69.69	7.58	6.84	11.48	0.00	11.81	8.76	10.23	70.42	65.81	70.18	73.49	54.97	52.04	31.55	31.14	51.08	31.00	35.28	37.45	37.83	58.68	55.34	21.92	23.65	8.61	0.53	0.35	9.30	68.52	41.84	12.00	14.11	15.45	21.16	20.06	67.34	52.02
16.57	7.25	8.52	66.92	6.19	6.92	22.48	11.50	0.00	7.44	7.18	55.65	52.36	69.32	57.28	52.16	49.04	37.67	43.45	49.74	45.14	38.38	34.51	33.80	50.67	41.67	34.35	32.90	6.90	12.85	12.17	7.46	64.44	29.79	19.95	0.45	16.03	9.60	17.10	59.67	43.14
10.08	2.02	3.50	71.78	2.04	3.38	19.87	8.53	8.37	0.00	1.95	59.76	59.66	66.66	77.69	56.07	59.09	36.61	38.42	39.98	38.85	42.07	47.07	38.92	45.20	47.28	27.78	23.12	1.10	7.55	8.47	1.59	66.14	32.40	20.01	8.76	9.33	17.10	21.68	53.12	38.03
10.12	0.43	4.08	66.44	2.87	4.30	19.83	8.85	6.80	1.74	0.00	65.25	65.87	71.99	65.48	49.98	56.88	45.54	39.11	43.12	46.67	43.40	47.71	45.80	53.15	46.75	29.34	24.38	1.36	10.98	8.90	1.06	58.20	26.30	22.72	8.28	8.02	14.97	20.29	62.35	36.69
81.28	66.02	62.68	104.05	67.79	58.98	64.70	61.48	63.79	61.68	72.35	0.00	2.78	2.96	3.27	19.45	19.14	65.47	59.24	83.81	64.37	61.44	24.57	24.70	72.10	42.75	85.59	91.19	67.94	56.75	62.79	63.52	104.33	75.88	65.01	60.81	80.13	50.84	51.72	74.84	99.40
75.39	70.07	60.31	101.78	70.81	66.60	66.83	59.06	54.30	68.28	71.25	2.40	0.00	4.15	3.74	17.13	21.59	65.16	59.72	88.34	66.50	62.73	27.59	26.16	58.36	34.26	68.12	98.16	71.62	61.93	61.80	73.92	101.58	86.19	53.88	51.66	67.39	60.28	42.25	86.24	94.20
88.04	71.84	59.80	111.20	59.42	62.34	58.67	65.90	65.22	76.21	76.65	3.34	3.66	0.00	0.50	25.05	24.81	64.81	56.51	108.14	66.99	57.21	27.48	30.20	66.91	39.59	81.56	96.89	74.98	75.24	69.85	70.79	101.73	81.85	67.02	58.69	80.56	64.08	53.21	80.07	87.24
86.68	76.11	64.67	94.85	73.36	65.39	65.62	76.71	57.48	78.20	77.40	3.12	4.34	0.58	0.00	20.60	24.60	55.51	56.75	92.57	53.29	59.79	28.26	24.00	71.17	45.30	72.79	80.73	71.03	64.16	70.54	66.61	101.77	87.34	67.97	62.99	84.19	59.01	50.08	77.16	106.36
59.29	59.52	57.34	85.93	50.92	54.34	62.70	59.30	49.20	50.42	53.53	22.81	18.18	24.92	22.66	0.00	0.56	58.80	61.57	66.62	67.87	56.05	24.10	22.07	46.32	15.67	73.94	81.96	50.97	55.80	56.04	49.23	90.99	65.02	58.95	43.98	59.98	39.36	35.08	67.94	81.63
60.12	60.17	60.52	71.25	47.45	59.64	58.14	64.39	52.23	62.52	57.96	20.81	20.21	20.55	26.30	0.52	0.00	58.71	66.25	78.36	55.21	70.80	20.33	22.24	39.85	15.49	65.46	78.65	54.25	62.49	50.63	52.22	87.64	70.61	52.53	52.07	66.91	40.51	40.47	64.61	65.84
51.95	42.29	39.50	92.57	45.00	34.06	24.64	37.52	38.57	46.33	40.29	51.65	60.16	58.57	56.33	60.60	62.27	0.00	0.34	85.52	0.36	0.30	38.82	43.17	87.03	63.81	24.72	48.93	42.30	31.90	31.11	40.82	112.64	78.77	23.22	47.35	46.62	43.81	32.07	87.23	79.70
45.69	40.57	41.95	107.07	38.04	41.41	25.29	36.98	41.31	45.26	38.24	63.15	63.98	62.57	56.51	57.39	57.15	0.32	0.00	91.79	0.66	0.64	44.62	43.89	80.49	63.69	25.72	51.74	41.73	37.27	30.87	41.24	107.93	69.89	22.60	41.20	43.36	53.14	34.59	92.93	75.05
37.23	48.91	42.44	28.91	47.70	47.21	65.01	51.40	45.27	45.36	45.99	92.47	86.92	84.42	88.34	76.58	84.86	85.05	89.30	0.00	91.35	75.82	74.33	78.88	39.37	61.07	67.11	54.90	48.73	52.44	58.60	48.43	17.65	16.69	72.41	49.77	36.83	47.62	67.20	34.77	4.93
43.66	38.63	35.08	113.02	37.52	34.54	21.70	37.32	42.15	39.40	48.42	63.09	63.08	65.38	56.30	58.71	63.20	0.31	0.70	84.87	0.00	0.14	44.56	45.08	83.70	76.26	25.24	49.45	44.01	35.63	35.35	43.07	90.76	80.61	24.38	38.45	44.90	50.85	30.41	91.62	72.33
42.10	45.42	42.10	92.64	35.69	34.43	23.78	37.55	44.93	42.83	41.37	53.23	67.82	62.52	63.91	64.67	63.79	0.30	0.75	79.23	0.13	0.00	40.78	37.84	77.18	68.08	25.58	45.23	40.11	31.66	32.25	45.31	93.80	74.05	21.04	38.49	54.25	45.02	31.47	94.80	80.48
54.70	38.46	35.13	83.37	41.41	36.85	39.48	38.41	38.01	47.30	37.86	23.69	24.06	29.00	29.06	21.25	20.41	41.66	39.44	72.68	45.99	41.38	0.00	0.43	56.76	33.83	60.47	70.84	43.45	41.79	43.08	42.29	80.79	64.78	32.43	37.14	46.74	34.93	19.75	64.54	75.20
51.60	38.84	42.45	83.47	38.42	34.87	32.13	36.93	35.86	41.68	42.90	21.69	24.56	29.41	30.67	23.21	24.40	39.87	37.16	69.10	36.71	44.16	0.39	0.00	51.46	29.54	58.09	71.51	36.33	35.68	36.65	36.45	96.89	60.68	37.94	31.01	50.14	34.68	24.51	58.96	71.89
57.05	48.90	54.46	35.74	56.54	57.89	68.18	59.97	41.01	52.30	56.23	67.53	61.22	64.36	68.13	40.88	46.11	92.13	86.95	36.58	76.96	81.95	46.50	48.35	0.00	28.06	68.91	79.28	46.93	65.24	51.74	46.06	40.02	39.97	62.90	47.88	56.62	34.09	45.73	18.09	45.05
58.16	53.56	51.55	60.83	51.29	46.63	57.74	50.75	43.36	47.15	50.18	42.65	36.72	44.10	41.32	15.85	16.12	60.01	62.85	54.04	69.46	67.77	31.32	28.05	25.31	0.00	80.90	81.76	48.73	59.37	58.25	43.95	65.19	48.22	63.55	37.93	61.86	37.49	39.31	38.05	65.45
29.55	26.10	29.48	91.66	29.17	25.55	18.32	18.04	37.66	25.34	25.94	80.89	86.17	77.91	74.83	67.02	69.42	28.84	25.36	72.93	26.22	25.01	53.36	47.46	70.60	78.29	0.00	25.24	27.97	23.15	20.10	27.96	78.50	57.63	17.05	35.56	27.61	48.05	37.86	75.78	70.15
19.49	26.59	28.72	70.41	29.15	26.71	31.28	25.48	31.24	23.37	22.68	95.70	91.06	93.17	84.54	71.07	75.50	56.19	50.85	51.58	47.43	55.88	64.31	72.47	74.11	69.37	20.99	0.00	24.32	24.33	26.08	24.09	73.27	38.30	34.39	30.09	19.60	45.68	45.23	65.70	41.00
9.60	1.89	2.72	67.53	1.22	3.56	19.04	7.92	6.80	1.12	1.37	72.57	57.94	74.49	70.65	56.54	56.66	43.32	41.57	43.00	41.40	46.70	39.58	43.11	47.65	43.72	26.61	23.40	0.00	8.14	9.09	0.44	56.40	31.36	20.44	7.10	10.34	14.12	17.93	58.13	40.88
14.02	11.09	6.30	74.66	7.09	6.53	11.16	0.51	14.09	7.84	10.56	70.61	62.70	72.89	71.26	57.82	53.58	33.81	33.95	58.25	33.22	34.50	36.09	42.41	64.19	57.10	22.91	23.81	9.19	0.00	0.15	9.65	71.84	37.13	10.57	11.62	13.89	23.67	17.17	69.72	43.60
13.02	9.44	5.35	71.92	8.93	5.84	9.61	0.37	12.52	8.38	10.57	67.02	59.48	61.26	62.67	55.82	62.37	32.74	37.57	50.28	34.04	33.52	42.92	37.25	59.80	50.53	21.66	24.59	7.62	0.15	0.00	10.19	75.01	39.05	10.51	14.35	14.01	22.23	20.18	59.32	45.11
11.25	1.52	3.41	58.75	1.52	3.72	20.73	9.73	7.08	1.46	1.26	62.61	58.10	73.27	61.34	53.08	55.76	45.60	43.07	43.77	46.31	37.61	36.33	37.41	52.21	51.72	29.30	27.28	0.44	10.14	9.73	0.00	64.57	28.31	17.72	6.82	10.82	16.84	20.66	52.58	41.89
53.96	58.06	67.97	16.04	59.47	69.76	74.55	67.43	62.48	65.05	59.75	97.98	98.93	101.96	105.29	96.33	88.83	111.32	115.00	17.30	111.68	104.83	80.32	76.17	42.24	77.52	78.66	64.44	56.44	76.90	68.58	62.57	0.00	32.61	71.13	56.50	62.89	54.14	79.44	32.88	19.53
28.70	26.11	33.96	33.31	30.02	36.03	47.54	38.55	33.21	31.04	31.62	91.15	74.46	81.49	78.81	74.03	72.97	65.70	81.42	16.19	78.85	76.56	57.10	57.58	39.58	50.51	55.75	41.30	32.17	38.85	37.37	32.33	29.39	0.00	50.86	31.83	23.43	27.58	50.45	40.83	10.02
25.54	23.06	17.24	77.92	18.77	16.16	0.56	10.70	20.82	20.06	20.35	58.77	68.95	60.69	56.35	52.28	62.94	21.78	22.59	60.35	21.60	25.53	38.25	40.06	72.93	48.96	18.93	30.13	19.22	10.05	12.51	18.74	85.73	48.95	0.00	23.36	24.06	31.64	16.41	68.39	65.89
19.54	9.45	8.47	65.61	6.74	8.67	22.51	14.14	0.43	8.08	7.04	53.46	65.19	60.23	56.10	47.40	45.88	44.91	46.77	44.90	37.73	37.04	32.34	33.98	46.60	46.98	38.11	36.97	6.85	13.86	12.96	8.30	58.74	35.19	19.05	0.00	15.31	7.75	13.16	47.32	43.11
0.97	8.15	10.71	59.61	12.34	13.29	25.25	14.59	16.46	8.36	8.78	83.21	71.00	78.74	68.85	68.88	72.36	42.53	42.35	36.48	52.77	42.27	51.27	51.62	59.91	61.98	32.18	18.66	8.95	14.05	14.41	10.31	60.61	26.58	27.62	17.28	0.00	24.77	33.60	52.19	32.01
26.43	16.85	14.55	59.54	14.70	16.94	28.99	25.06	9.05	18.66	14.38	51.07	59.07	64.03	59.34	40.46	40.03	52.32	49.93	47.03	44.33	51.37	29.47	29.47	36.87	37.27	45.28	39.04	17.22	19.43	24.74	14.82	63.11	26.66	26.48	8.56	22.42	0.00	16.29	42.96	37.25
26.19	18.88	17.86	71.63	18.71	19.26	19.05	17.11	16.04	19.44	21.54	45.66	48.60	43.10	50.25	42.98	44.04	35.06	33.29	58.11	34.26	29.42	21.45	22.22	48.81	37.50	37.46	38.45	20.62	17.41	17.77	18.25	81.61	47.35	15.67	13.71	30.67	19.85	0.00	57.33	61.14
58.31	59.09	55.26	18.76	62.40	56.13	68.09	68.35	55.03	56.49	59.38	83.77	77.13	90.46	89.14	65.15	58.92	90.19	100.06	33.78	86.59	82.46	75.85	64.64	15.92	46.30	84.98	70.94	52.90	67.70	68.28	57.21	31.30	34.34	79.09	54.58	56.86	40.12	63.12	0.00	36.28
32.74	35.13	43.04	31.06	38.06	39.05	60.25	53.79	43.84	42.99	35.14	98.25	80.83	104.62	87.73	75.35	77.38	92.31	77.47	5.16	91.28	89.91	76.72	66.96	37.01	54.95	56.46	44.89	40.35	47.17	54.50	42.59	22.57	10.56	62.89	40.62	32.40	44.09	59.19	38.29	0.00
~
Delivery quantities;
2 1 6 1 0 12 4 8 16 7 0 4 6 1 0 3 1 2 6 6 4 0 6 2 4 4 0 2 2 2 1 0 0 4 0 1 4 0 0 2 
~
Pick-up quantities;
30 0 4 0 16 0 48 42 0 12 18 6 8 12 12 16 0 0 4 6 0 24 8 8 12 6 4 8 4 12 8 6 12 8 8 0 4 4 6 6 
~
Vehicle capacity; 
120 120 120 120 
~
