Cost matrix;
0.00	9.88	11.28	12.89	18.76	50.92	10.05	11.62	11.32	8.16	12.50	84.68	83.84	91.92	72.59	75.72	42.12	43.80	44.51	51.27	41.57	46.71	82.03	118.19	92.34	74.89	86.24	34.24	12.95	26.27	54.88	11.42	80.28	58.17	55.45	91.19	25.90	16.54	26.57	85.24	45.95
9.54	0.00	7.01	11.96	11.29	49.30	7.08	6.42	6.54	6.35	5.79	70.24	73.70	86.91	69.00	65.19	52.29	48.11	51.25	49.25	44.40	46.78	69.14	99.88	91.56	67.85	76.48	27.43	5.57	23.39	48.57	11.29	68.06	39.02	47.70	85.98	14.29	11.86	22.13	85.08	49.77
10.37	6.01	0.00	4.60	9.81	56.04	0.29	0.55	0.44	2.05	2.57	75.39	58.81	104.31	73.55	64.25	50.26	42.66	41.10	45.41	38.89	37.52	67.85	97.90	76.04	67.59	74.42	24.85	3.44	15.56	40.32	3.67	55.77	35.32	38.82	69.23	15.90	7.44	17.78	80.74	57.14
13.98	11.78	4.84	0.00	7.39	54.76	4.10	4.24	4.54	6.21	4.94	64.71	56.79	93.69	63.42	67.87	58.28	41.44	32.63	34.35	40.18	37.92	58.59	97.14	76.93	63.91	55.50	20.34	5.13	14.50	35.93	2.73	63.62	33.42	39.74	63.61	17.45	2.73	13.69	88.25	58.28
22.45	12.48	7.89	7.61	0.00	56.73	8.09	8.92	9.39	9.43	7.56	54.39	54.12	80.49	54.63	64.42	55.51	33.29	40.58	39.86	35.05	38.67	51.61	84.76	65.41	55.99	56.25	18.36	7.93	16.34	29.02	9.45	63.40	34.54	28.77	66.71	12.41	9.18	11.76	75.76	65.15
41.84	48.20	61.79	64.07	57.09	0.00	59.63	51.14	58.62	52.65	52.12	115.19	104.76	137.24	106.13	118.08	13.19	106.75	90.15	98.71	84.91	98.50	95.81	169.12	130.39	119.84	126.51	83.34	55.89	79.98	90.52	65.39	130.21	89.52	80.61	127.85	59.22	56.69	78.19	133.68	9.65
10.60	6.03	0.28	4.13	8.72	56.64	0.00	0.27	0.38	2.11	3.04	60.39	57.63	100.67	73.93	67.16	59.40	36.21	43.60	38.55	41.56	44.56	59.81	91.76	79.93	70.02	65.22	23.84	3.13	16.79	37.98	4.45	69.62	38.11	44.55	70.32	14.11	6.61	17.13	95.59	49.11
11.30	6.77	0.61	3.64	7.63	54.06	0.24	0.00	0.46	2.37	2.42	66.59	60.03	83.33	61.39	69.93	53.18	38.46	39.44	40.53	43.26	44.48	68.87	91.48	89.70	69.21	71.30	26.33	2.56	16.89	39.49	3.93	70.60	44.97	41.66	76.09	14.73	7.24	17.93	88.34	48.86
10.91	6.86	0.42	5.07	8.03	55.84	0.42	0.43	0.00	2.26	2.83	67.05	63.41	84.94	59.02	63.17	48.85	46.03	36.28	37.95	45.18	39.83	62.57	95.25	70.69	73.48	60.18	26.12	3.02	18.61	41.89	4.16	72.22	35.58	39.90	66.05	16.34	6.57	17.33	88.84	52.26
10.10	5.51	2.05	5.77	10.70	60.44	2.15	2.81	2.05	0.00	4.53	68.43	58.93	107.62	69.29	66.24	60.32	42.71	37.62	44.97	39.95	42.72	59.94	97.20	81.06	72.07	73.55	24.10	4.55	18.48	46.35	5.15	57.33	40.50	47.73	77.56	14.64	7.24	18.46	87.77	53.59
12.93	5.78	3.19	5.47	8.07	52.99	2.99	2.15	2.41	4.60	0.00	64.73	60.72	91.56	65.96	68.79	47.82	42.18	40.57	47.05	42.86	44.32	63.90	104.27	90.62	67.43	61.22	25.37	0.28	21.71	36.50	7.36	67.16	43.65	37.40	65.62	14.00	8.30	17.54	81.63	53.63
77.73	74.74	60.39	57.50	60.14	103.56	70.80	72.55	59.87	73.75	67.68	0.00	3.00	37.62	0.48	12.90	98.31	59.48	58.55	54.21	59.43	64.56	29.06	35.07	67.27	45.20	43.11	56.01	59.56	60.56	24.95	75.10	28.94	25.99	27.49	12.82	60.56	68.43	46.64	35.82	110.67
85.69	65.85	57.22	55.42	56.88	101.77	73.21	68.34	64.75	72.63	59.54	3.14	0.00	33.02	3.19	15.61	104.80	63.66	55.67	61.37	50.02	55.63	30.06	37.66	58.12	40.91	41.27	47.73	66.28	62.76	26.70	59.81	23.06	22.28	23.28	11.29	59.95	56.78	49.52	33.72	129.42
106.28	108.31	87.29	93.22	88.69	145.50	90.07	96.56	82.65	103.18	86.44	34.85	37.16	0.00	34.56	39.11	138.86	71.12	76.55	78.97	80.69	72.61	69.09	24.06	42.47	34.47	40.42	64.61	102.95	74.02	54.51	86.04	31.48	56.74	59.85	24.71	92.78	95.25	78.59	8.84	148.29
86.93	68.92	61.42	62.54	56.19	126.65	68.51	64.14	68.05	74.52	71.39	0.59	3.73	38.06	0.00	11.23	115.92	64.03	66.54	60.02	58.56	66.28	30.94	30.15	64.49	46.64	46.43	47.41	68.67	68.52	28.65	60.85	30.33	26.76	28.80	12.72	51.32	65.45	55.34	35.07	131.11
70.69	80.26	61.09	66.83	63.33	112.85	69.22	73.04	71.00	67.14	64.32	12.86	14.96	47.12	11.31	0.00	103.36	76.19	67.59	70.86	65.07	74.17	20.36	32.26	76.59	49.95	50.38	53.04	72.13	68.65	34.64	71.54	41.77	32.92	28.87	20.83	64.72	59.38	54.62	40.15	115.67
51.25	48.90	53.04	54.14	64.88	12.51	51.16	50.21	59.81	47.71	54.98	111.40	105.73	123.37	100.53	106.86	0.00	97.73	84.72	88.96	105.05	87.29	105.47	131.38	118.07	116.19	131.96	76.63	50.75	67.95	78.28	53.77	119.25	87.27	90.77	133.74	48.51	63.90	71.94	120.80	20.60
44.11	48.48	39.76	35.03	35.64	87.48	42.94	43.31	44.02	41.95	38.62	58.20	55.61	65.94	56.49	77.52	95.37	0.00	0.35	0.36	0.48	0.28	81.51	86.85	45.57	34.39	39.31	23.60	46.89	22.36	38.38	41.50	38.20	37.47	39.88	53.71	43.24	35.00	32.85	62.14	81.24
53.29	49.73	41.50	36.69	37.37	92.98	37.92	40.26	45.12	45.43	39.77	57.97	62.39	69.88	60.29	70.23	92.66	0.30	0.00	0.53	0.49	0.72	78.26	87.69	44.79	36.52	38.11	22.75	45.03	21.88	39.95	37.69	41.01	42.55	38.39	57.65	54.28	31.11	31.49	68.22	102.77
43.03	48.02	37.78	36.23	33.83	100.98	38.85	37.15	42.48	41.11	42.02	53.14	49.86	73.88	57.59	62.90	99.11	0.34	0.52	0.00	0.21	0.33	79.23	76.74	37.27	39.83	39.66	19.38	45.26	20.64	41.23	37.05	44.44	45.71	44.25	64.00	47.32	35.63	29.04	63.38	80.09
48.32	46.76	41.61	34.75	41.33	83.89	39.87	43.04	40.19	43.03	42.38	64.72	60.35	67.76	66.08	62.89	92.37	0.58	0.56	0.20	0.00	0.51	88.12	89.66	37.71	39.69	32.09	20.85	41.77	25.62	44.26	35.87	39.17	36.52	38.06	54.95	46.07	33.63	32.24	66.23	103.81
46.08	52.97	41.93	35.75	33.92	107.65	37.48	38.33	44.80	38.67	47.05	54.78	59.51	67.93	53.15	70.92	93.33	0.30	0.61	0.29	0.49	0.00	69.16	82.62	46.03	37.59	39.47	24.22	39.10	25.88	36.80	40.39	42.15	40.17	34.19	54.90	46.82	35.81	30.45	71.37	102.30
79.07	69.92	63.86	71.98	59.48	105.66	60.65	74.86	61.18	68.20	72.25	33.25	37.06	60.65	28.84	23.02	81.50	80.70	81.16	76.60	88.12	81.85	0.00	47.34	93.78	68.24	63.33	60.54	66.78	66.38	35.28	74.76	51.85	40.91	36.40	41.00	58.95	72.22	52.09	71.16	101.62
113.89	116.25	90.56	102.25	89.97	132.45	113.57	112.86	109.39	99.63	103.37	33.68	37.37	24.87	30.79	35.32	154.61	98.33	84.02	84.68	83.14	78.74	51.66	0.00	62.61	56.13	65.67	77.71	106.34	101.54	54.96	91.26	45.01	54.20	53.86	31.59	92.15	105.72	88.93	28.17	133.19
87.68	90.25	75.66	69.84	83.76	152.55	69.95	77.64	76.62	82.26	84.09	56.04	49.80	52.95	66.07	71.59	123.47	42.33	42.90	46.99	39.47	37.10	86.29	62.35	0.00	17.15	16.80	63.03	80.48	60.90	53.27	71.41	33.32	57.73	63.62	56.66	80.60	76.43	57.24	45.35	131.57
68.49	71.71	72.25	59.77	65.47	130.66	72.79	60.92	73.88	70.18	62.07	41.65	35.83	35.20	43.39	56.43	123.53	39.95	40.41	40.14	40.13	35.20	73.12	53.78	19.59	0.00	0.26	38.88	69.82	51.89	38.30	58.45	14.00	46.55	42.11	37.43	62.18	53.83	54.66	28.63	128.36
72.30	66.10	65.94	66.70	63.02	122.51	63.09	71.63	73.78	69.71	64.45	37.51	40.12	40.22	45.64	58.64	115.74	34.86	31.36	37.15	38.08	38.21	67.75	51.78	19.92	0.31	0.00	48.19	65.22	59.71	39.46	64.51	14.17	41.09	37.84	38.03	74.71	66.90	54.66	31.47	107.22
37.94	29.85	25.00	19.11	17.80	83.99	22.38	20.92	24.61	22.59	26.24	54.12	47.85	64.30	45.74	57.67	87.45	22.00	20.39	24.03	21.64	20.20	56.66	92.09	60.10	45.74	38.75	0.00	24.65	13.69	24.95	19.14	39.88	27.81	24.02	55.43	28.22	19.98	9.06	59.37	75.22
12.41	6.02	3.55	5.68	7.31	57.28	2.93	3.04	2.91	4.09	0.24	58.45	61.21	94.69	61.16	62.03	51.54	44.41	46.32	46.44	38.62	40.44	58.62	111.09	72.47	65.10	62.23	22.17	0.00	19.58	41.58	6.42	62.11	39.58	35.39	66.53	12.36	7.39	16.21	90.43	62.09
25.59	22.88	19.41	12.80	19.47	67.14	16.75	19.23	19.05	18.32	19.50	62.13	65.26	88.56	55.36	64.59	76.75	24.14	25.40	24.59	20.22	22.36	67.42	104.50	58.82	56.57	58.46	13.34	17.77	0.00	32.43	12.25	52.89	38.44	33.28	73.13	30.97	11.73	18.58	82.42	78.29
58.17	49.08	37.08	35.51	32.92	84.81	36.29	39.11	38.94	39.57	36.39	29.80	26.71	60.35	27.83	31.02	75.21	39.93	40.28	37.44	35.94	40.70	34.26	62.95	61.00	45.67	45.97	21.36	42.53	35.93	0.00	42.59	29.39	0.22	1.32	37.10	35.40	34.84	23.65	54.93	98.48
12.56	10.49	3.66	3.00	9.32	56.75	4.55	4.72	4.58	4.27	6.74	73.20	68.34	98.99	69.24	73.57	55.00	34.62	36.07	34.93	40.05	34.01	77.11	107.27	79.42	67.10	61.17	20.51	6.75	11.97	41.56	0.00	60.36	41.36	37.29	67.76	16.47	3.89	16.28	78.64	53.85
73.50	63.77	68.46	62.28	54.56	133.21	65.05	61.87	64.34	58.96	59.93	27.38	27.79	31.03	32.98	45.04	107.61	39.77	41.37	35.49	36.56	36.22	54.87	46.13	28.31	13.12	11.74	42.93	66.54	47.20	30.76	56.30	0.00	29.77	31.05	23.27	55.74	55.83	44.41	23.33	133.44
54.29	47.53	43.17	34.96	31.16	83.80	43.75	39.23	42.87	43.66	36.22	23.86	27.21	60.46	29.21	30.57	97.22	40.34	42.14	39.60	35.70	45.03	35.83	64.32	53.84	37.14	45.85	25.71	37.95	32.80	0.23	44.18	34.63	0.00	1.68	30.19	33.06	35.35	24.01	50.82	84.80
47.86	40.07	45.56	34.95	27.86	91.40	36.56	35.71	38.53	46.29	41.54	28.57	22.86	54.38	29.20	33.53	96.74	35.26	36.63	34.47	42.27	41.32	42.03	56.30	60.20	35.80	35.36	24.90	41.72	32.40	1.42	44.52	30.93	1.46	0.00	33.67	32.91	36.63	24.63	47.34	82.27
89.46	74.37	68.26	61.50	69.98	117.74	64.64	74.39	75.76	68.51	71.20	11.26	10.10	20.31	13.41	23.44	114.34	54.32	54.68	54.44	59.11	63.70	39.60	31.00	50.88	31.06	36.51	51.24	63.71	67.56	37.16	66.10	19.83	36.64	35.26	0.00	61.38	64.86	49.01	19.77	133.52
21.29	15.77	14.48	14.49	11.30	62.01	16.17	15.13	14.46	17.37	10.95	54.26	60.12	95.77	61.77	60.56	53.08	50.78	52.89	47.40	48.96	53.61	47.03	98.52	86.95	69.36	70.52	29.69	10.98	25.50	29.58	18.69	67.58	29.64	34.20	63.60	0.00	20.25	20.69	81.90	56.57
17.16	13.43	7.08	2.64	8.92	63.05	6.75	7.08	7.04	8.99	8.43	63.65	61.53	79.95	59.49	63.05	57.44	36.19	33.44	37.57	30.93	31.72	75.06	100.23	64.80	68.55	57.99	17.49	9.08	10.57	35.14	3.29	52.57	37.81	37.20	67.48	20.27	0.00	14.34	89.90	56.75
26.22	24.16	19.96	16.65	10.63	65.53	17.48	20.15	18.56	19.17	19.42	43.29	44.87	83.86	43.08	47.17	73.71	33.12	33.72	31.80	31.95	28.58	52.38	81.84	61.71	47.03	49.53	8.95	16.37	17.44	19.39	16.64	43.05	20.30	19.92	56.01	20.09	16.14	0.00	73.00	69.48
99.09	86.78	80.13	77.63	73.02	135.14	91.02	79.60	85.23	96.24	90.08	31.78	32.50	7.29	32.10	48.01	130.05	64.54	62.17	68.49	71.40	57.71	66.05	33.61	41.73	33.20	27.15	57.76	78.07	80.52	55.20	75.57	23.34	52.95	47.72	17.68	76.94	71.85	60.38	0.00	138.17
49.59	49.20	58.69	64.71	64.78	10.99	58.14	57.91	51.98	57.52	60.93	120.51	109.66	147.83	109.49	117.80	21.73	96.15	80.43	88.03	99.08	82.22	104.42	161.80	148.12	107.03	110.40	84.46	57.39	69.90	87.68	62.58	122.77	90.53	91.26	130.47	53.65	61.82	64.67	132.00	0.00
~
Delivery quantities;
0 0 4 1 6 12 2 0 3 0 1 4 0 4 8 3 3 0 3 2 0 1 1 1 2 1 2 2 4 2 0 0 0 0 2 1 4 1 4 0 
~
Pick-up quantities;
12 42 42 0 0 20 24 20 16 16 0 0 4 16 4 12 0 8 8 4 4 0 0 0 0 12 6 4 8 6 8 8 12 12 4 0 12 6 6 6 
~
Vehicle capacity; 
120 120 120 120 
~


