Cost matrix;
0.00	9.12	14.10	13.32	7.90	5.64	10.31	21.70	15.48	16.36	25.05	78.59	74.96	76.13	72.91	102.82	92.70	97.73	77.34	67.67	79.28	72.88	55.66	57.45	57.56	70.42	35.24	47.41	20.23	12.91	32.66	9.08	12.71	12.68	56.00	24.43	94.63	53.47	23.32	40.79	80.46
9.21	0.00	11.10	10.50	3.63	8.50	5.84	14.39	10.66	13.50	23.80	67.87	68.79	63.29	69.00	86.58	79.41	100.20	60.62	77.99	63.35	75.75	39.35	51.09	55.22	53.56	34.48	48.76	20.93	8.80	33.64	5.97	4.86	9.77	49.26	31.71	86.33	43.74	22.23	48.30	63.88
14.61	11.95	0.00	0.43	6.81	10.30	5.20	6.61	0.24	3.06	14.65	68.64	67.24	57.10	59.05	83.86	82.00	91.36	58.30	65.26	72.07	69.35	32.50	74.26	68.35	68.49	55.41	57.03	33.41	3.11	19.14	6.39	5.51	2.71	33.02	23.99	73.41	39.88	34.41	48.43	65.58
13.48	12.07	0.49	0.00	7.00	9.71	6.18	6.67	0.38	3.21	12.26	67.06	62.39	61.48	67.30	81.14	68.49	82.18	69.30	66.29	66.92	69.68	33.48	65.67	63.30	72.48	53.41	66.98	32.72	3.09	20.88	6.99	5.63	3.67	35.18	28.82	87.85	32.90	36.04	50.56	64.66
8.13	3.37	6.33	7.32	0.00	5.63	1.84	11.44	7.99	10.22	18.43	67.58	67.64	75.72	59.97	86.73	91.51	108.97	65.08	66.11	66.41	59.52	41.13	53.24	55.87	69.74	42.88	47.64	26.13	5.11	28.09	1.89	2.61	6.68	40.26	27.37	88.20	39.68	27.79	49.68	78.93
4.99	7.28	9.62	9.95	5.94	0.00	5.51	13.85	10.67	12.39	21.32	78.60	66.37	69.39	62.86	82.90	84.78	103.60	61.94	75.15	78.49	70.35	43.67	58.76	63.44	62.17	46.45	55.40	23.44	6.84	29.59	5.41	7.82	7.16	53.18	27.11	84.08	40.40	25.87	47.85	68.28
8.81	5.58	5.39	6.05	1.68	6.27	0.00	10.07	5.06	8.43	16.29	63.20	61.74	77.05	69.18	74.95	93.23	90.66	70.38	61.09	69.92	64.33	40.74	60.23	58.57	72.09	46.09	60.85	25.90	2.71	26.00	1.13	1.41	5.21	37.08	26.20	77.75	45.71	31.25	46.10	71.23
21.63	11.35	6.73	5.89	10.88	15.23	11.01	0.00	6.26	7.60	17.25	48.08	60.94	60.02	56.87	68.77	81.37	79.15	54.78	50.70	54.32	59.64	32.08	70.25	76.04	71.29	49.75	70.06	33.17	8.65	17.37	11.41	9.72	8.55	29.08	35.41	74.98	34.90	39.60	57.97	59.19
14.48	9.34	0.23	0.35	8.06	8.75	5.50	6.98	0.00	2.91	12.79	54.16	62.31	61.64	54.72	75.57	79.98	101.27	61.74	55.25	69.76	59.81	36.00	67.04	75.08	74.77	50.83	54.29	30.12	2.47	18.77	6.17	5.41	3.42	35.31	27.15	73.47	33.46	34.04	49.50	57.43
17.90	14.98	3.45	2.64	10.39	13.16	9.20	7.76	3.50	0.00	11.60	65.61	59.88	61.76	68.72	73.09	80.83	93.55	68.09	56.53	59.84	68.71	35.33	75.45	63.26	73.86	49.80	59.90	36.66	6.18	18.45	8.83	8.23	5.10	38.09	27.71	82.94	35.25	37.71	51.90	66.78
21.65	22.29	13.03	12.48	17.96	19.39	16.89	15.25	13.68	10.87	0.00	56.95	67.60	63.29	55.68	65.37	79.22	73.70	63.00	47.98	64.36	54.20	33.25	70.58	78.75	86.43	67.70	69.56	46.86	14.05	12.79	18.69	17.95	11.98	37.58	17.51	68.72	20.58	44.80	54.65	55.15
66.04	59.81	60.48	58.38	72.45	67.27	62.28	49.73	57.08	53.92	57.90	0.00	0.25	3.69	3.47	25.20	30.43	35.19	31.36	31.60	3.54	2.22	24.39	96.47	102.18	111.68	105.86	119.73	87.67	56.82	49.03	62.06	55.96	59.19	25.03	73.94	28.26	63.51	80.34	118.22	45.35
75.46	72.73	69.21	66.32	58.46	68.29	61.35	62.70	68.01	62.92	62.15	0.27	0.00	3.19	3.25	28.06	32.14	35.28	28.86	30.43	4.00	2.00	24.89	113.63	106.44	100.88	92.78	112.42	97.86	69.46	41.21	72.69	69.74	66.86	25.11	67.22	28.98	63.80	96.60	121.94	44.63
86.17	67.75	70.71	61.05	66.95	82.41	70.37	66.10	71.65	58.19	69.60	3.25	3.55	0.00	3.03	26.94	25.23	37.24	29.52	30.50	0.72	1.40	28.23	107.13	113.13	108.77	91.30	118.44	92.85	66.71	44.77	60.94	59.73	75.51	29.16	74.14	27.92	62.34	104.01	108.03	45.46
74.11	77.57	67.11	54.07	62.67	70.66	67.85	60.04	65.63	54.57	55.39	3.50	3.06	3.29	0.00	22.90	26.24	30.43	33.18	27.27	3.46	2.56	22.53	99.54	109.52	114.25	91.13	108.80	85.82	64.45	47.17	67.13	71.82	57.51	26.14	74.38	25.52	54.96	84.81	128.09	43.70
95.62	80.15	72.28	71.76	74.74	85.02	86.89	79.65	88.81	85.80	78.62	29.05	30.04	26.71	26.73	0.00	0.24	11.43	54.89	23.90	25.52	27.71	48.62	133.18	140.96	122.63	130.71	123.20	120.87	73.08	52.79	82.83	79.82	73.58	45.53	92.34	0.19	65.06	113.72	115.05	30.75
99.03	85.91	79.84	82.52	82.23	91.90	78.33	69.24	77.84	73.53	78.11	25.87	29.93	27.89	23.87	0.27	0.00	11.88	58.91	19.42	27.94	24.43	47.48	139.60	142.64	121.43	125.42	146.26	100.68	77.86	60.97	77.07	91.37	71.96	48.37	95.67	0.13	56.03	107.91	139.39	27.29
105.20	107.27	85.32	96.35	86.68	93.02	100.99	82.17	99.38	98.80	83.49	40.37	39.94	31.64	29.43	11.58	11.66	0.00	58.14	30.44	30.58	32.26	52.59	159.02	147.50	143.10	118.65	166.17	128.56	81.99	77.91	90.56	84.73	104.33	62.10	89.14	11.81	67.57	136.24	158.60	38.83
66.98	65.06	62.63	65.14	61.18	62.00	61.89	50.01	70.40	60.82	66.87	32.11	30.64	27.82	32.21	53.71	63.59	56.45	0.00	53.95	33.17	28.61	35.49	76.60	86.41	86.60	91.98	93.55	90.40	61.47	56.32	61.12	62.62	67.13	34.10	77.27	56.04	69.70	81.07	98.27	68.21
80.98	65.63	60.87	62.27	74.24	72.62	67.84	49.80	56.27	61.15	45.90	25.38	27.64	32.18	27.19	19.82	22.16	30.88	55.16	0.00	32.56	25.75	27.73	111.62	122.72	121.19	95.00	112.33	81.23	67.25	37.91	57.61	61.22	62.18	27.85	73.08	20.70	37.85	101.86	114.59	12.86
71.88	65.13	68.19	62.13	63.91	65.31	61.20	62.19	71.56	59.89	61.23	4.41	3.75	0.75	3.65	23.59	29.30	35.40	29.25	26.99	0.00	1.95	25.45	105.82	95.38	91.58	99.31	128.47	97.92	61.79	50.61	64.01	65.01	63.17	27.25	82.71	24.71	53.35	95.93	113.32	39.72
74.42	61.13	69.07	59.73	60.44	68.38	64.18	55.27	67.75	66.30	69.18	2.21	1.84	1.56	2.91	24.31	27.23	37.96	27.89	32.59	1.73	0.00	24.21	98.55	93.03	106.28	102.12	122.21	96.99	68.99	43.05	61.16	58.06	58.58	24.08	80.01	26.97	57.05	98.36	100.84	46.76
45.84	48.86	34.32	40.15	43.19	46.24	46.21	33.46	38.17	32.98	37.33	24.29	23.38	28.84	23.01	48.09	40.37	51.89	37.08	33.96	28.61	26.09	0.00	83.87	83.77	80.08	80.47	92.06	68.91	38.63	24.20	39.23	40.68	44.09	0.67	55.69	41.04	36.22	62.64	95.76	41.93
52.16	61.12	63.17	70.78	52.25	57.69	62.58	57.96	67.96	76.39	84.33	113.05	116.42	117.71	101.41	147.22	132.32	135.62	87.23	124.75	103.90	116.60	93.93	0.00	14.53	17.75	23.14	29.74	46.38	62.25	94.95	69.51	67.58	63.81	92.51	75.15	125.37	100.77	39.17	59.58	121.51
67.67	60.96	76.81	70.78	57.51	65.01	73.19	68.04	71.33	65.72	89.78	86.57	95.18	100.40	115.19	137.28	136.37	143.66	85.81	106.75	100.18	111.99	79.96	18.13	0.00	0.50	38.80	40.71	52.82	59.58	88.79	72.71	62.96	68.43	83.81	88.28	143.11	107.99	49.40	73.38	132.57
61.72	56.94	79.25	75.16	59.62	75.17	69.18	61.53	67.21	63.94	84.45	91.35	103.23	93.28	90.61	126.62	110.74	124.44	80.43	115.29	97.17	98.46	74.00	15.07	0.51	0.00	33.12	41.45	49.35	60.28	95.31	67.45	67.11	79.31	85.25	85.09	123.88	108.33	53.38	73.12	120.24
38.10	34.98	52.90	43.87	45.54	42.68	44.97	57.61	43.97	53.87	55.42	107.61	111.82	106.69	92.91	133.59	131.55	140.11	75.74	108.67	113.64	112.04	87.75	22.80	38.14	34.18	0.00	13.29	24.68	53.64	75.03	47.34	42.33	43.07	77.36	57.46	117.56	91.28	14.36	42.58	112.98
48.38	44.70	59.63	57.20	56.47	57.68	53.67	55.50	62.70	63.58	73.49	121.60	102.07	109.63	104.05	138.30	121.97	152.71	100.04	124.63	124.44	106.14	100.93	29.87	39.18	47.11	16.03	0.00	26.19	56.90	71.17	51.10	51.58	53.04	92.39	66.44	141.66	94.40	27.22	41.24	139.00
18.91	25.42	35.12	35.34	28.51	26.55	27.78	36.39	30.04	37.36	38.66	92.99	97.89	88.13	91.29	105.23	99.24	131.26	79.51	83.05	96.27	103.10	64.63	49.12	62.38	50.72	22.79	31.61	0.00	31.72	50.47	25.02	26.76	30.79	75.26	43.58	101.00	68.03	8.41	25.45	102.54
13.11	8.43	2.94	3.37	4.25	6.61	3.26	9.44	2.67	6.08	15.33	61.83	59.65	70.61	61.33	78.84	90.21	81.19	70.83	69.36	71.34	65.60	41.26	64.81	62.25	66.07	42.01	57.22	28.41	0.00	21.95	3.53	3.64	2.35	38.08	28.87	90.26	36.45	30.31	55.02	62.17
36.59	32.51	21.76	18.70	27.48	30.49	25.48	16.13	20.25	17.27	13.91	46.31	52.29	56.50	43.70	66.40	59.19	74.25	52.62	38.84	50.34	44.54	27.07	75.29	82.01	91.69	66.69	80.71	52.20	19.78	0.00	27.71	26.08	22.33	25.46	31.93	62.68	23.53	58.46	74.67	38.29
10.22	4.98	5.62	5.67	1.69	4.23	1.00	10.90	5.93	10.06	18.18	65.88	63.53	66.25	69.98	76.70	87.65	95.93	58.47	57.64	76.62	61.93	37.50	61.21	62.27	73.82	43.69	51.33	23.83	3.52	25.30	0.00	2.67	4.53	38.28	30.30	95.18	42.58	32.62	46.41	69.88
9.93	5.88	4.59	5.58	2.74	8.26	1.44	8.93	4.99	8.25	19.28	64.00	59.64	70.59	64.53	83.82	79.87	99.06	65.69	70.04	72.43	72.58	36.20	59.97	64.71	68.05	49.14	58.73	30.46	3.40	25.31	2.54	0.00	4.85	38.16	30.10	75.44	38.06	27.51	54.14	67.49
12.40	9.74	2.59	3.18	6.17	7.97	4.32	8.87	2.90	4.29	12.27	69.82	59.41	70.43	72.85	80.62	90.54	100.01	72.98	56.77	73.46	64.51	42.83	59.86	68.45	76.49	55.52	53.76	33.35	2.22	20.52	4.48	5.09	0.00	45.55	26.97	86.11	41.58	30.47	50.60	66.63
54.88	48.31	39.94	36.97	45.97	46.16	47.05	31.41	41.69	35.20	38.95	23.28	23.09	24.48	24.99	40.66	48.02	57.34	34.23	32.66	25.95	24.18	0.64	76.63	76.00	90.33	87.19	91.15	66.49	44.97	24.26	42.03	42.31	35.76	0.00	55.86	47.83	42.53	61.86	84.01	42.99
25.34	30.78	25.54	25.68	31.54	28.05	29.22	32.14	27.41	25.90	15.34	70.75	75.86	77.51	69.96	97.02	78.57	101.18	89.18	60.38	89.38	81.06	56.59	92.38	97.02	88.74	62.45	64.78	41.66	23.14	30.19	24.28	30.11	26.42	56.40	0.00	85.66	27.36	50.09	41.78	55.27
99.28	82.66	75.66	80.96	93.20	99.64	73.89	80.15	74.19	68.25	64.07	27.68	29.02	27.10	25.68	0.24	0.12	10.61	64.86	21.19	23.25	27.86	42.41	126.00	110.79	115.17	132.93	130.05	99.94	73.22	55.36	76.49	78.31	77.09	47.95	77.50	0.00	66.81	100.22	128.93	27.15
48.13	43.51	33.78	40.54	40.66	41.82	37.87	36.03	37.09	34.73	24.15	64.56	55.82	60.89	56.63	62.69	62.03	64.83	75.53	38.76	55.51	59.01	35.88	111.83	92.28	112.35	89.38	100.04	72.65	43.62	19.24	46.36	42.41	39.79	41.96	28.95	62.77	0.00	77.87	69.16	36.48
21.65	23.59	35.06	31.74	31.48	25.52	28.00	42.65	40.01	42.89	42.81	84.49	85.82	90.02	90.79	117.21	116.21	107.39	79.13	92.44	100.76	96.60	68.73	32.51	43.59	42.13	16.16	28.93	8.27	35.69	60.34	27.82	32.37	34.16	73.56	45.09	104.79	69.28	0.00	32.87	86.44
37.42	49.16	48.27	54.75	45.27	38.69	51.62	61.60	50.59	56.29	64.70	113.00	129.01	127.02	103.30	123.87	128.70	142.36	118.96	112.36	124.52	118.48	80.59	74.40	77.07	82.84	42.32	42.02	30.16	55.11	73.56	45.32	45.28	48.73	80.00	52.03	130.73	72.96	38.21	0.00	111.94
70.11	82.45	58.68	58.25	68.21	78.32	65.61	63.10	64.77	60.21	52.13	37.35	39.58	40.33	34.85	32.03	31.10	35.27	77.08	14.48	47.58	36.54	38.54	110.61	129.41	115.18	119.34	128.32	87.28	62.67	48.56	71.93	63.04	67.15	46.18	69.99	28.62	39.94	104.32	103.27	0.00
~
Delivery quantities;
12 12 0 4 6 14 1 6 10 0 1 1 0 1 2 0 2 8 0 2 1 2 1 2 1 2 2 1 2 0 4 4 1 2 4 2 2 0 0 1 
~
Pick-up quantities;
0 20 30 0 0 48 0 30 30 18 6 12 12 0 0 12 12 6 12 8 12 0 12 0 0 0 12 12 12 4 4 0 8 12 6 6 4 4 4 4 
~
Vehicle capacity; 
120 120 120 120 
~

