Cost matrix;
0.00	13.48	5.70	20.95	25.24	8.43	11.76	9.78	8.57	9.16	80.67	73.06	91.23	92.74	103.93	110.94	51.81	111.84	103.25	68.39	88.48	39.73	31.26	42.32	32.41	50.93	98.93	95.52	66.88	38.20	10.56	28.11	43.47	10.48	79.65	73.25	74.35	107.16	88.89	111.95	105.53
12.09	0.00	8.25	6.87	20.20	7.43	6.12	3.18	5.99	4.25	61.24	68.20	100.70	94.56	96.16	87.74	37.72	95.16	86.68	61.16	72.01	52.57	53.52	54.29	29.42	57.52	95.69	89.59	60.13	22.24	1.78	24.55	48.46	4.98	69.37	68.66	69.07	105.19	82.15	98.49	114.31
5.69	9.63	0.00	13.34	19.70	8.22	6.26	5.47	8.92	5.13	70.51	62.74	96.37	105.69	96.23	93.26	48.45	84.16	115.91	65.88	72.93	41.33	37.24	51.02	30.74	70.28	93.15	93.00	62.87	31.90	8.29	21.58	36.82	7.64	83.69	71.10	63.86	96.93	103.54	111.56	92.44
19.84	5.52	13.77	0.00	16.57	12.58	8.65	9.60	11.83	10.13	63.07	58.75	93.80	89.39	76.06	86.52	31.53	88.28	87.36	56.59	66.85	65.85	50.98	58.15	39.35	57.42	87.60	81.15	56.09	21.27	8.57	28.50	40.43	7.17	74.96	56.36	55.88	87.96	82.13	94.06	122.02
27.26	21.57	21.07	17.10	0.00	27.05	14.54	16.50	25.05	16.27	56.93	67.76	78.89	87.36	87.56	74.89	36.97	77.20	98.16	60.25	64.95	68.98	48.47	51.01	47.22	81.52	85.52	74.99	60.42	12.74	18.87	13.91	23.95	13.81	61.71	68.16	62.41	104.79	83.24	90.85	124.07
9.13	5.83	7.26	11.63	24.49	0.00	11.05	5.84	0.66	6.52	72.05	67.54	100.75	96.14	99.14	99.95	45.29	100.98	103.48	64.66	68.45	49.66	45.76	54.66	28.92	57.91	88.79	106.63	61.54	34.50	6.70	27.68	51.58	7.74	74.43	75.08	61.11	113.58	88.85	110.46	100.78
13.26	5.88	6.72	9.88	13.31	10.86	0.00	4.48	9.87	4.50	65.72	62.59	104.48	93.58	90.00	98.29	38.47	99.06	93.76	73.55	68.12	53.68	50.67	53.97	41.59	74.21	81.79	90.61	66.18	22.39	5.97	20.76	38.88	2.05	76.75	62.17	60.23	100.84	83.23	94.35	111.74
10.50	2.93	6.48	9.87	16.95	5.60	5.27	0.00	6.08	0.99	61.58	59.71	106.31	96.47	85.06	90.20	45.98	88.41	89.99	76.87	72.72	54.45	48.88	56.69	29.98	61.10	96.47	90.51	62.61	22.29	1.43	25.49	44.22	2.73	86.73	68.06	68.66	90.62	84.93	93.68	122.05
10.23	5.19	7.52	11.71	24.56	0.84	9.61	5.34	0.00	5.35	72.13	75.49	99.59	108.28	98.98	88.91	41.88	89.85	113.74	67.10	69.69	52.95	48.55	57.46	25.26	51.49	91.66	99.17	67.76	31.22	5.01	32.86	46.94	9.25	72.21	72.36	63.99	106.14	82.81	111.00	109.52
8.01	4.82	4.62	9.12	16.39	6.27	4.69	1.02	6.14	0.00	58.34	67.25	103.76	97.14	98.15	88.89	42.95	83.26	90.54	61.55	76.04	51.73	49.39	53.92	37.26	66.70	87.05	89.94	60.24	23.96	2.87	27.49	46.69	3.59	73.17	75.43	74.19	106.25	86.22	98.77	102.08
72.44	69.01	66.65	51.81	54.63	72.56	63.18	61.14	74.51	74.11	0.00	0.56	36.73	40.05	36.64	32.50	22.46	33.20	36.87	5.66	3.86	128.16	100.20	99.26	82.69	115.31	36.92	33.27	2.48	51.10	62.56	67.76	64.12	70.86	26.31	3.38	3.18	34.60	21.92	34.70	152.30
80.57	68.15	68.26	54.20	52.59	70.29	63.87	62.49	65.09	68.53	0.58	0.00	33.92	32.69	41.42	37.81	24.42	28.20	35.19	5.62	3.67	119.97	116.76	107.48	73.39	100.62	35.25	33.76	2.28	52.63	65.04	65.99	71.32	64.78	22.50	2.53	2.97	38.36	22.60	37.18	183.71
105.25	97.56	87.69	87.21	94.42	88.40	101.03	87.02	107.57	97.27	39.23	34.00	0.00	1.83	0.61	0.42	61.24	48.33	22.92	28.37	35.40	162.31	153.33	149.32	124.19	146.91	0.76	0.63	42.67	76.31	93.41	104.30	81.05	93.38	16.62	37.58	42.02	35.78	33.50	21.15	210.78
93.68	91.21	90.76	93.84	76.29	87.64	78.87	102.21	88.60	91.23	33.07	36.90	1.87	0.00	2.46	2.06	49.51	39.61	23.47	30.81	36.37	126.38	132.65	145.27	111.17	122.77	1.12	2.40	38.10	66.01	92.06	91.46	93.25	88.29	17.02	35.34	40.64	30.49	35.07	23.78	195.68
114.55	81.09	99.83	77.05	76.48	88.73	100.11	102.99	87.48	106.92	38.71	40.65	0.56	2.03	0.00	0.18	60.00	45.16	24.68	29.61	33.99	143.75	124.03	120.71	121.43	132.17	1.06	0.48	33.32	73.32	98.21	91.91	88.66	97.40	19.21	33.19	36.08	37.97	38.15	21.75	169.25
102.33	93.07	93.12	84.33	95.60	105.68	83.27	89.19	94.36	83.71	34.07	37.53	0.35	1.96	0.18	0.00	57.41	48.84	26.28	29.73	29.77	127.00	146.73	143.70	116.95	131.14	1.15	0.34	35.72	72.57	92.22	92.87	89.77	83.23	18.22	36.99	36.74	37.23	31.30	25.97	170.48
48.05	38.84	43.38	31.50	36.28	39.82	37.13	37.27	49.02	42.75	22.13	27.06	60.79	50.81	51.47	57.29	0.00	46.19	63.39	29.75	27.22	84.44	87.44	100.77	67.17	91.36	51.93	56.21	23.84	26.25	44.74	56.69	48.46	43.44	42.73	24.34	26.17	56.62	51.09	56.73	130.64
91.36	76.36	101.92	75.98	88.95	83.48	83.82	83.87	88.53	83.33	31.12	29.50	43.16	48.30	40.73	47.26	50.36	0.00	25.67	30.12	31.28	132.52	131.91	136.85	94.23	111.23	50.71	41.98	28.42	70.33	79.55	110.73	102.28	89.83	49.24	24.86	28.68	19.48	10.38	26.96	186.41
118.02	108.34	100.39	87.55	89.14	95.29	96.78	94.45	108.17	98.67	40.02	36.19	25.75	21.35	21.00	22.22	59.93	29.60	0.00	34.15	34.86	157.88	160.20	161.44	106.87	129.83	25.53	25.94	36.67	72.62	103.44	112.45	90.82	107.63	33.05	36.54	37.47	11.17	21.27	0.37	231.03
71.28	64.39	63.92	63.53	67.96	75.85	63.93	63.99	75.56	63.86	5.47	5.87	30.51	34.11	35.63	32.90	23.92	34.66	34.61	0.00	3.84	111.20	116.80	110.52	78.82	113.65	32.79	35.35	7.39	43.62	73.98	84.10	81.59	68.46	22.32	6.25	6.47	37.41	26.01	32.33	190.48
78.12	61.80	80.61	63.58	70.84	65.22	69.27	74.76	71.78	76.69	4.00	3.21	37.60	31.55	30.23	38.62	26.04	26.86	34.44	3.46	0.00	108.60	127.76	114.74	74.58	103.84	34.62	34.29	3.89	46.41	62.08	70.88	84.43	58.51	20.41	2.77	3.94	37.35	23.36	32.23	173.99
45.64	62.80	50.54	69.66	61.98	54.33	57.86	58.34	46.77	47.13	130.87	110.12	164.16	144.73	129.79	144.05	89.86	159.12	154.03	125.08	116.15	0.00	9.96	21.45	51.38	75.41	150.59	148.16	107.55	72.74	49.96	45.57	67.01	54.59	142.67	105.76	103.51	139.60	143.37	153.21	62.47
39.24	49.45	41.61	52.79	57.93	45.85	48.17	47.54	48.32	38.90	95.65	122.28	134.20	126.98	148.68	133.68	93.27	117.62	140.76	119.96	116.25	10.46	0.00	23.76	45.42	58.17	125.98	153.54	104.84	72.11	42.98	50.48	64.53	50.64	117.35	110.74	107.52	138.33	131.74	163.05	72.06
42.30	51.86	42.27	52.02	49.64	49.04	44.47	54.28	45.30	56.10	119.28	114.72	152.18	138.18	141.59	145.86	96.35	128.40	168.08	100.54	120.42	20.05	24.96	0.00	61.76	73.91	121.81	123.21	113.47	73.68	48.26	39.37	52.35	57.49	106.67	122.85	115.60	153.51	129.11	149.30	56.30
28.24	29.26	34.94	33.16	46.32	29.94	41.16	34.48	28.43	35.60	79.63	71.87	113.78	119.50	124.34	106.82	69.92	106.52	131.64	82.74	90.18	51.74	44.01	60.44	0.00	30.63	125.93	128.56	82.63	53.30	34.12	53.18	65.11	36.47	113.13	79.23	84.50	115.94	102.99	116.55	107.49
62.31	58.01	68.08	60.55	86.89	62.21	73.11	65.91	62.05	58.47	110.63	109.12	150.73	146.11	144.85	145.47	92.26	132.02	153.90	112.72	122.62	63.26	54.10	77.09	28.80	0.00	154.38	144.93	117.09	83.90	65.69	85.06	109.39	67.95	135.40	111.04	110.89	129.15	106.06	138.46	114.62
109.71	97.12	99.25	86.87	83.82	91.95	82.37	88.10	93.49	98.44	39.82	32.07	0.96	1.00	1.15	1.15	48.70	41.25	26.15	29.53	36.29	131.19	122.81	126.95	103.64	128.69	0.00	1.40	33.49	76.82	84.80	87.83	95.34	90.16	16.85	39.16	33.89	36.10	40.48	24.48	166.38
106.10	96.35	93.40	80.58	87.33	89.24	85.92	94.45	106.21	88.22	33.08	34.20	0.60	2.31	0.43	0.33	55.27	44.86	22.37	33.33	31.65	155.99	156.36	147.43	115.21	131.45	1.51	0.00	35.52	69.16	95.55	97.84	89.67	94.34	16.13	40.42	39.88	34.49	39.51	24.47	177.15
79.78	60.61	62.23	61.17	55.90	69.76	61.22	66.31	60.32	62.90	2.83	1.98	39.69	33.66	41.15	35.41	24.55	29.20	35.33	6.85	4.48	111.32	116.06	123.79	73.80	96.73	37.73	40.82	0.00	45.21	67.70	68.46	70.64	59.21	28.16	1.47	0.56	40.63	22.20	40.20	165.95
30.33	22.14	26.50	19.24	14.19	31.97	22.20	23.22	32.31	24.33	47.38	45.98	71.67	61.18	71.21	73.88	27.67	66.71	77.26	46.84	51.62	80.07	71.17	59.22	49.75	86.72	75.11	65.21	47.68	0.00	24.83	27.29	29.91	21.96	52.61	54.46	46.61	93.74	77.25	75.00	136.08
11.97	1.83	6.95	7.80	19.47	5.38	5.44	1.64	5.40	2.58	59.97	60.82	88.77	95.59	105.93	105.27	42.06	96.29	112.85	65.74	70.17	53.24	40.63	50.90	34.21	59.63	90.23	102.77	70.72	24.01	0.00	22.90	47.31	3.34	76.99	74.59	57.13	97.53	93.66	104.71	123.01
26.34	26.65	20.25	25.01	14.59	26.54	18.50	22.89	29.80	27.71	75.69	82.72	89.11	84.91	103.77	89.86	56.16	110.31	111.41	80.23	80.62	47.23	49.30	43.01	52.70	74.44	86.03	103.20	73.35	25.67	29.27	0.00	20.75	21.17	78.74	83.19	68.86	103.83	95.02	106.69	99.38
40.70	37.71	35.60	42.43	21.79	46.81	33.84	41.61	50.85	40.41	71.54	67.37	97.43	90.70	88.01	82.49	58.57	97.08	106.16	67.13	68.67	65.88	66.91	48.29	66.36	103.65	82.82	92.39	76.07	27.90	39.81	18.98	0.00	39.83	68.58	66.78	66.97	106.94	85.16	101.74	100.60
11.05	4.92	6.47	7.03	15.12	7.96	1.92	3.20	9.46	3.28	61.27	64.91	91.75	98.28	92.39	102.19	44.22	92.50	97.80	72.12	67.85	58.23	51.79	48.66	34.58	68.19	94.27	97.49	60.60	23.17	3.35	23.58	42.56	0.00	74.76	60.70	63.85	107.12	88.61	109.62	99.50
78.31	75.21	77.39	66.09	60.51	74.31	77.52	71.00	81.03	85.04	26.53	25.16	19.60	14.99	16.88	15.57	39.18	40.01	31.75	21.02	23.93	138.14	118.19	106.58	102.29	136.12	15.38	16.70	25.80	56.50	69.62	73.79	65.12	65.80	0.00	25.84	26.60	44.88	32.18	30.78	180.72
68.46	59.36	68.92	54.54	68.71	72.52	61.49	66.78	63.47	75.54	3.01	2.99	36.48	39.44	33.19	35.75	27.22	26.04	31.69	6.33	2.95	106.13	98.44	127.08	93.06	109.93	36.01	33.91	1.58	44.19	67.09	71.83	70.95	61.97	22.92	0.00	1.72	31.73	23.79	35.11	179.56
84.54	69.25	62.23	61.17	60.79	68.71	62.13	58.66	68.55	67.62	3.28	2.67	43.34	33.76	42.76	38.64	23.76	30.45	33.17	7.12	4.12	105.87	97.71	123.72	75.14	99.14	42.23	36.04	0.52	49.85	59.92	68.99	67.26	67.04	30.07	1.82	0.00	36.87	24.04	40.83	171.81
97.59	110.83	93.81	87.92	90.21	97.96	113.67	114.35	98.32	111.68	39.11	35.89	34.51	39.55	33.63	32.36	57.03	16.26	11.01	34.78	36.90	166.83	132.85	160.58	118.66	122.02	31.93	36.20	34.43	91.47	92.15	99.77	107.58	96.12	41.39	30.55	37.73	0.00	14.31	11.28	197.80
105.93	91.90	84.58	88.89	92.12	90.13	97.00	85.45	88.27	82.55	21.98	26.84	38.73	38.51	37.70	31.74	53.01	8.82	22.12	20.74	19.07	158.40	130.40	123.69	90.32	116.98	31.96	31.82	23.25	69.74	95.60	102.45	98.39	89.72	35.66	22.77	24.10	16.51	0.00	22.70	213.42
101.18	109.68	111.39	104.82	92.30	106.68	96.81	96.04	102.46	101.03	41.41	38.71	22.47	22.24	26.22	22.24	60.65	26.69	0.36	37.52	31.11	162.26	161.34	161.52	132.89	143.63	26.44	22.79	35.68	81.14	106.75	113.69	96.40	95.51	32.13	39.52	36.56	11.66	22.96	0.00	183.68
100.53	105.41	112.71	129.85	118.76	105.27	98.42	123.23	97.71	105.04	184.51	163.97	213.72	200.85	214.26	172.43	141.92	212.12	183.12	159.73	152.32	70.61	69.69	59.76	122.72	126.87	187.91	175.36	169.68	113.52	103.61	90.76	99.13	96.19	163.33	179.33	191.61	214.81	176.85	207.16	0.00
~
Delivery quantities;
12 6 1 0 5 0 5 8 0 1 0 8 1 1 1 2 1 1 1 0 0 0 1 2 1 0 2 2 2 2 0 2 2 1 1 0 0 2 2 0 
~
Pick-up quantities;
28 0 0 24 48 36 48 30 8 12 18 0 0 0 0 18 0 0 12 4 6 4 0 0 0 6 12 12 8 12 12 12 0 0 6 4 12 8 0 4 
~
Vehicle capacity; 
120 120 120 120 
~


