Cost matrix.
0.00	10.94	11.80	12.37	13.81	18.44	9.90	18.81	25.95	80.38	74.85	87.06	78.49	47.97	81.17	77.83	96.18	89.95	44.50	29.21	55.96	5.59	50.13	46.83	34.30	40.18	60.59	16.43	14.85	10.33	30.94	124.70	108.51	109.06	116.24	50.73	37.61	38.98	55.35	99.11	112.92
11.42	0.00	4.75	1.40	4.98	6.37	5.29	8.98	20.83	74.14	73.78	74.94	64.48	38.37	76.97	71.00	90.99	102.39	46.29	21.11	42.96	5.11	42.55	49.04	34.00	31.06	44.16	27.04	9.13	1.05	26.74	100.68	85.89	76.90	87.52	63.17	40.60	39.12	69.43	95.31	81.64
12.18	5.92	0.00	3.88	2.98	9.07	11.07	4.87	13.64	61.49	73.80	71.59	64.40	38.62	70.11	75.87	80.38	96.71	38.63	19.29	38.10	6.70	42.31	52.27	38.85	37.81	58.18	24.21	4.08	4.77	21.71	106.00	98.77	87.69	93.12	63.54	53.82	51.21	59.17	87.26	96.20
11.70	1.27	4.24	0.00	4.35	5.91	6.42	7.64	16.77	72.40	75.80	75.39	58.39	37.25	62.85	78.33	94.32	103.54	44.11	20.82	45.71	5.63	42.43	42.85	30.97	36.40	49.49	26.96	8.56	0.43	26.04	90.44	89.00	81.29	89.15	63.44	43.18	43.54	68.15	99.86	94.99
15.67	5.48	3.14	3.79	0.00	6.60	11.90	3.07	14.34	65.67	66.30	58.52	61.29	40.12	61.55	72.58	87.92	82.85	32.34	14.23	35.93	9.56	39.39	48.16	36.64	41.21	55.28	30.82	5.28	4.57	29.20	86.77	84.49	83.17	87.28	67.74	54.88	44.67	62.75	103.06	83.20
14.93	5.36	10.26	6.88	7.67	0.00	9.47	8.67	18.44	62.92	65.26	68.65	59.17	38.47	68.58	68.01	89.69	95.97	37.56	14.19	37.88	10.46	30.85	36.56	26.81	33.15	44.19	35.30	13.44	5.62	37.04	94.65	92.66	77.15	83.78	51.76	39.96	40.56	58.14	98.53	78.85
10.51	5.76	9.72	6.76	9.95	7.89	0.00	13.76	22.00	62.06	62.69	63.91	73.29	41.25	64.89	67.36	89.03	87.14	51.82	26.49	41.64	5.55	42.96	44.65	28.90	26.60	44.26	28.30	15.09	6.29	32.85	106.53	84.62	84.79	114.43	52.69	37.10	36.71	58.98	107.62	97.84
18.75	9.38	4.26	8.22	3.16	9.06	12.29	0.00	9.74	64.94	60.99	64.78	56.27	31.92	59.16	71.87	81.11	90.33	36.56	14.94	37.00	11.97	36.61	49.59	36.62	38.60	55.14	31.36	6.58	6.81	24.70	95.68	83.44	72.27	96.21	69.39	46.91	43.66	71.58	89.48	82.55
27.22	18.09	13.72	15.81	13.28	18.69	26.66	11.23	0.00	71.12	56.08	67.02	63.33	35.02	72.44	71.18	85.46	85.77	24.55	18.20	37.87	18.68	40.35	62.24	44.46	45.00	67.75	28.94	12.39	19.89	18.79	100.11	94.29	85.16	91.94	69.81	66.31	61.82	73.70	96.65	82.71
70.11	73.86	59.05	59.12	66.02	69.83	77.66	65.25	56.98	0.00	0.53	0.57	3.70	26.00	11.11	12.68	30.18	29.86	55.59	49.38	29.98	77.11	29.10	54.75	64.02	72.85	66.18	101.28	62.69	61.68	86.52	33.38	27.02	18.79	36.92	117.14	98.20	89.33	111.04	37.17	31.04
86.27	72.19	74.41	59.22	71.15	61.30	65.03	65.48	70.09	0.53	0.00	1.05	3.62	24.10	11.55	13.37	36.14	31.54	63.77	47.94	28.79	63.70	24.45	51.26	64.55	72.07	63.34	84.50	73.33	69.44	75.46	31.25	29.15	19.88	35.24	126.08	91.42	95.63	113.92	34.45	30.41
74.14	68.93	63.68	72.14	69.48	57.04	75.24	55.64	64.25	0.53	1.15	0.00	3.62	25.04	12.86	12.41	32.51	28.82	68.03	45.38	25.78	70.20	30.11	51.13	59.65	66.37	72.67	88.02	70.66	60.19	83.20	35.45	24.66	18.39	36.62	122.38	89.26	101.99	98.85	32.24	25.63
71.71	71.74	69.13	58.02	60.53	51.21	73.82	53.94	55.91	2.90	3.20	3.73	0.00	26.31	12.42	10.59	38.51	32.68	63.83	49.59	21.77	75.77	21.32	41.56	69.07	58.07	57.49	79.58	66.47	71.19	85.25	39.86	30.37	21.74	41.33	117.18	99.18	81.97	96.38	40.15	33.08
52.41	38.41	44.23	40.53	32.79	39.28	39.26	36.42	40.62	25.91	29.00	30.41	22.28	0.00	29.55	30.32	55.60	60.35	44.01	20.70	1.60	48.71	0.41	34.91	48.68	49.91	54.05	69.43	42.91	38.60	49.85	60.37	47.43	48.79	65.39	94.72	77.85	72.26	82.79	59.26	49.88
89.11	60.97	67.16	66.40	67.90	65.47	62.43	72.22	66.24	11.67	11.22	11.95	13.28	31.40	0.00	0.35	44.20	38.78	62.54	55.14	33.31	70.93	32.32	42.71	55.33	68.14	60.54	89.35	63.76	60.88	87.34	31.82	22.54	18.07	45.00	125.78	85.86	93.98	100.77	32.05	18.54
75.84	67.59	71.47	61.15	75.13	64.77	77.51	65.02	70.62	12.28	13.03	10.46	11.20	34.66	0.32	0.00	47.43	42.75	63.49	53.46	28.92	72.98	27.68	47.67	56.01	66.38	59.67	91.82	67.80	75.62	88.00	34.25	18.34	17.11	39.38	100.76	99.12	83.31	116.09	27.67	19.46
99.94	85.94	96.51	101.33	81.50	95.79	108.77	80.88	74.01	35.65	31.59	31.80	34.35	50.69	39.29	40.90	0.00	0.45	62.72	76.34	57.27	95.91	57.87	74.96	89.46	108.93	86.65	116.97	101.65	98.36	90.46	37.23	49.42	33.71	15.24	126.87	122.89	122.40	126.15	41.42	40.11
115.57	103.12	93.87	99.74	77.21	88.46	84.36	79.71	86.89	34.34	32.56	36.03	37.92	51.55	47.23	40.20	0.50	0.00	64.96	67.92	50.19	91.54	60.70	78.95	93.25	88.06	103.47	110.01	80.92	87.31	89.16	32.41	47.17	34.61	14.60	156.73	144.11	135.10	138.86	45.52	47.45
44.04	46.80	34.87	40.97	40.32	38.59	46.39	35.38	24.43	59.59	55.74	61.49	61.54	42.02	61.45	63.49	65.42	69.94	0.00	35.24	38.35	48.43	38.04	70.32	77.69	64.65	82.90	46.86	32.62	40.79	29.26	85.03	92.64	75.60	90.34	106.57	92.39	87.98	114.17	89.17	81.65
32.83	17.04	19.96	18.96	13.58	13.31	26.02	11.95	16.44	54.08	55.16	46.50	41.64	20.96	50.94	47.52	65.59	68.71	31.66	0.00	22.74	27.31	23.77	45.15	34.08	35.94	50.65	39.63	18.52	18.48	32.18	91.48	63.66	69.71	87.59	76.55	66.51	58.07	80.62	90.97	81.11
55.49	36.81	41.19	43.57	34.29	33.09	44.15	36.39	38.16	30.22	29.91	28.72	23.73	1.57	30.81	35.31	48.26	52.28	38.18	19.99	0.00	41.78	1.45	40.82	44.09	52.50	47.03	63.63	38.82	36.95	54.69	56.65	55.84	42.52	54.22	85.03	75.86	64.09	85.86	56.62	57.38
5.98	6.11	8.19	5.45	9.61	11.17	4.55	12.47	18.84	79.94	68.79	79.72	62.55	46.42	80.83	81.94	101.23	108.92	40.28	22.51	51.41	0.00	49.92	52.01	31.33	34.74	48.51	24.36	10.56	6.21	27.91	106.22	88.48	84.64	112.98	51.35	44.48	42.10	60.81	111.89	103.93
48.20	44.85	36.15	35.23	35.21	30.74	45.84	33.76	35.55	25.32	26.94	24.48	27.47	0.38	30.17	29.43	59.21	58.85	40.22	21.34	1.45	46.49	0.00	34.96	43.28	43.91	56.96	71.72	36.02	44.64	59.26	59.36	49.74	45.83	65.09	96.62	72.18	66.18	87.72	67.77	50.40
47.06	44.32	50.04	44.69	43.67	36.00	42.25	43.02	58.11	55.19	53.93	45.78	43.85	35.50	40.66	43.30	80.53	76.68	67.11	38.88	35.91	46.99	35.12	0.00	22.02	23.16	18.66	76.82	50.25	46.87	63.82	67.92	59.76	55.01	85.87	80.49	54.09	50.85	66.20	65.10	59.62
33.83	35.22	40.04	33.01	40.80	25.47	28.16	42.21	45.76	65.98	64.08	62.84	65.44	45.55	67.16	58.45	92.51	111.08	74.05	34.87	44.54	34.12	48.25	20.87	0.00	0.59	16.26	59.41	36.13	33.31	60.99	103.72	74.93	87.77	107.68	59.24	26.72	32.59	47.18	90.17	72.26
33.92	29.15	41.23	32.61	37.02	28.14	28.75	43.73	44.76	69.40	68.57	62.36	57.34	49.14	63.18	58.48	105.98	102.87	67.39	41.78	48.90	37.30	47.30	20.10	0.72	0.00	16.52	54.10	40.72	34.70	57.01	103.81	77.62	83.99	90.67	52.20	33.03	29.04	43.61	80.87	81.80
55.10	49.16	58.19	49.59	51.05	45.35	50.93	60.10	67.26	66.55	58.51	65.22	60.32	54.52	52.06	58.31	105.38	99.71	87.51	49.85	57.50	56.33	58.41	17.28	17.50	18.17	0.00	81.70	55.64	46.42	71.29	84.88	80.95	81.89	89.15	58.72	36.49	44.61	51.45	80.29	80.37
15.89	30.46	23.50	26.92	28.04	35.09	27.83	33.49	31.60	87.77	93.46	92.31	90.03	72.15	104.00	87.97	115.71	125.02	50.91	43.96	70.90	20.61	57.72	76.34	48.39	52.97	75.82	0.00	22.52	26.92	26.84	135.79	109.80	110.07	123.35	43.92	51.29	42.46	74.11	126.26	105.21
14.04	8.29	3.89	7.25	5.48	14.18	15.44	6.47	11.60	76.99	59.79	62.65	59.54	40.35	67.72	70.55	80.00	82.34	30.94	17.49	41.86	9.91	42.70	46.12	41.84	44.27	52.50	22.66	0.00	7.59	21.67	101.04	103.21	84.80	94.30	57.31	54.92	53.81	75.48	106.44	80.56
11.86	1.02	4.07	0.48	4.18	6.36	7.15	8.04	17.99	66.46	61.16	75.21	59.59	44.07	69.68	68.85	81.52	88.33	43.36	20.24	36.08	5.88	37.12	51.04	36.08	34.13	54.14	23.74	8.38	0.00	25.16	94.84	100.40	84.70	97.64	60.00	46.61	44.55	56.41	95.41	94.57
24.73	31.09	24.98	27.56	25.34	35.11	33.83	23.21	17.94	88.45	84.22	77.86	79.52	48.47	82.34	82.51	86.70	104.88	31.53	30.28	51.95	27.76	49.84	80.36	61.86	57.58	73.13	21.43	19.44	28.74	0.00	117.10	100.30	102.66	99.17	73.29	77.90	72.78	76.39	113.33	107.90
111.26	107.40	110.85	92.29	88.92	83.15	99.97	93.63	102.76	32.54	34.43	33.98	34.90	59.02	33.68	33.01	35.10	32.03	97.94	77.82	59.53	119.97	66.93	75.94	84.57	92.35	89.42	130.17	103.98	111.66	99.22	0.00	17.70	14.48	21.51	134.42	141.17	119.84	144.54	11.37	19.87
106.26	93.39	83.20	90.01	96.82	81.92	80.60	82.27	87.98	30.75	27.94	28.37	27.44	51.37	19.98	18.16	44.31	40.75	95.20	75.99	47.11	101.04	53.24	55.32	72.87	79.26	76.76	118.33	96.98	87.78	92.73	18.67	0.00	9.15	35.29	147.15	96.72	98.98	128.07	9.77	0.17
94.60	85.49	93.71	95.31	83.20	76.11	82.64	92.92	73.97	22.12	23.12	20.89	22.73	51.50	16.82	19.60	37.25	34.34	92.16	74.39	48.60	99.51	52.99	54.98	74.40	82.99	84.94	104.74	91.18	89.48	97.03	14.43	9.69	0.00	28.45	118.53	105.57	105.73	116.02	12.92	9.74
116.71	100.62	104.08	106.31	96.82	100.76	91.20	97.95	84.27	35.50	36.37	35.79	35.39	57.50	36.83	37.28	15.89	14.01	81.43	71.48	63.70	92.85	61.98	77.54	111.62	95.16	107.18	139.69	100.20	88.65	120.30	20.68	39.21	29.41	0.00	144.23	117.97	117.29	126.24	28.81	37.27
45.95	55.03	52.12	60.58	63.24	63.00	56.44	62.22	73.74	103.34	126.22	120.64	124.57	90.19	103.53	117.21	159.96	129.56	98.07	71.71	102.77	52.58	96.11	74.86	50.07	50.65	62.83	53.04	55.45	59.02	63.31	156.36	135.06	131.85	152.28	0.00	27.14	25.76	26.26	127.20	148.45
39.41	42.94	49.19	48.43	48.90	43.45	40.68	59.35	66.98	97.22	91.60	94.43	98.12	76.07	97.04	88.71	141.95	127.61	88.42	62.01	73.98	44.88	71.34	56.52	26.44	32.64	39.19	47.77	53.60	46.74	73.72	110.69	120.07	118.59	124.80	26.58	0.00	4.84	17.08	132.72	98.74
39.71	38.87	51.27	45.40	42.22	43.94	39.59	42.70	55.25	98.85	86.90	91.85	86.43	62.77	101.04	103.89	120.05	140.90	86.46	61.55	64.39	36.32	75.77	52.06	32.79	34.20	46.62	50.22	49.32	45.02	64.12	112.62	100.17	107.54	143.21	20.48	4.71	0.00	23.18	113.53	119.54
51.12	60.22	67.67	69.12	74.97	58.68	52.44	66.51	79.92	95.95	102.12	119.45	99.85	94.19	97.77	92.08	157.11	132.93	100.90	83.55	78.07	52.71	88.14	58.02	36.54	47.16	50.36	75.11	73.80	67.96	87.87	122.86	110.49	132.07	131.38	26.41	15.59	20.43	0.00	138.77	129.04
99.23	92.82	106.97	95.92	97.70	101.94	104.73	87.19	89.75	32.36	32.41	29.94	41.40	60.62	29.57	31.79	39.52	45.83	88.98	85.43	57.38	107.28	62.17	65.86	91.09	85.73	83.32	140.48	112.23	108.32	114.64	10.93	9.92	11.75	30.27	143.96	113.74	118.00	133.57	0.00	10.45
102.65	84.72	92.14	87.97	89.00	85.13	101.61	87.59	98.72	28.94	25.36	29.52	32.38	57.93	20.60	22.46	41.35	45.70	84.15	75.81	52.44	93.75	47.99	65.17	79.94	84.30	78.71	117.01	93.14	92.14	93.92	20.50	0.18	9.83	35.53	148.37	101.43	117.62	116.66	10.25	0.00
~
Delivery quantities.
14 16 12 5 16 8 0 0 1 1 1 3 3 1 8 1 3 8 0 0 0 2 1 1 0 0 1 0 1 4 1 2 0 0 1 1 0 1 0 2 
~
Pick-up quantities.
20 0 36 36 36 0 24 12 0 12 0 0 12 6 18 0 6 18 4 4 4 0 6 12 12 8 0 12 12 6 4 0 4 12 4 12 8 0 4 0 
~
Vehicle capacity. 
120 120 120 120 
~

