Cost matrix;
0.00	7.78	13.54	12.35	11.53	8.92	103.50	8.36	85.57	83.54	79.67	79.15	66.42	83.84	72.14	71.22	60.95	70.24	110.18	97.37	123.87	79.21	74.24	29.12	40.70	27.71	20.15	15.35	101.69	76.91	124.98	105.64	99.90	121.80	112.14	61.06	71.49	61.98	41.68	54.26	71.37
7.87	0.00	4.99	13.84	6.69	0.76	87.33	2.92	90.75	66.30	68.62	72.80	73.57	76.62	76.81	52.31	63.81	58.54	100.25	88.19	102.19	79.16	80.10	21.78	36.10	27.60	9.08	13.71	97.81	78.98	108.88	111.97	95.48	109.79	93.66	59.44	65.81	65.08	43.86	61.27	81.11
14.20	4.59	0.00	11.89	4.89	4.48	84.63	3.30	79.20	67.73	61.57	66.61	57.97	70.53	61.20	51.89	57.43	46.61	87.82	93.36	109.26	62.90	71.26	14.97	27.65	18.22	5.39	11.39	105.68	81.28	91.97	111.58	88.60	90.06	98.59	61.92	70.11	80.61	46.77	60.13	65.07
12.01	14.64	12.00	0.00	7.59	14.85	78.53	11.25	71.41	72.61	61.44	61.39	56.81	71.17	81.29	61.36	59.80	57.15	99.92	88.84	104.08	64.20	65.21	23.92	35.37	20.73	15.90	0.71	103.29	77.76	107.45	96.49	84.60	107.87	77.77	58.68	74.76	70.37	58.17	62.41	64.41
10.43	7.52	5.57	7.24	0.00	6.97	82.83	4.32	68.92	61.09	59.73	55.89	56.77	68.83	65.77	55.92	53.98	55.52	89.93	79.29	99.97	76.09	61.42	19.25	35.82	20.18	8.65	7.81	89.92	69.52	103.66	92.56	81.73	98.08	100.56	64.62	83.37	77.26	40.57	68.53	74.66
8.79	0.83	4.15	13.25	6.12	0.00	82.27	2.01	85.67	65.90	74.54	73.73	61.47	75.42	66.93	55.77	57.12	56.52	94.62	96.17	107.17	63.24	68.23	20.35	31.57	22.32	9.18	14.33	105.36	83.93	102.35	113.86	79.93	112.86	88.34	58.49	68.35	72.57	43.84	62.13	71.96
88.33	87.18	93.05	91.03	88.51	81.02	0.00	79.78	6.81	22.50	30.37	32.52	19.87	42.58	40.37	53.61	53.57	47.08	8.52	7.38	50.10	37.99	33.18	80.56	80.19	57.68	73.06	79.39	9.63	14.28	31.17	13.97	39.23	23.94	6.34	143.10	164.82	163.84	113.94	117.72	30.77
10.05	2.94	3.69	10.59	4.76	1.91	91.87	0.00	69.69	73.65	73.66	68.30	62.45	72.10	80.53	56.44	48.97	50.65	83.65	82.56	96.77	72.86	73.94	16.91	30.63	23.26	8.12	10.30	105.11	73.71	112.42	91.94	96.12	113.96	102.28	67.37	77.68	79.93	40.21	63.56	77.02
90.44	76.44	82.82	75.48	70.39	76.02	6.56	83.91	0.00	19.47	22.18	25.96	18.02	31.94	38.67	50.43	46.02	50.49	17.04	13.93	45.20	38.05	31.53	71.09	66.67	50.62	81.70	81.64	15.72	11.52	36.54	22.92	44.78	24.53	12.37	140.53	134.25	146.33	112.65	137.55	26.30
72.03	68.87	72.99	64.80	62.47	66.81	26.36	65.18	21.90	0.00	4.51	5.54	26.15	14.94	16.74	24.33	26.68	23.37	28.01	30.84	40.52	14.81	14.34	63.03	57.38	52.83	59.38	59.23	31.10	9.37	30.50	35.15	32.08	32.15	27.91	126.02	127.61	143.11	111.91	120.89	34.25
68.81	76.13	71.37	68.09	59.97	78.71	26.11	74.07	22.16	3.84	0.00	3.71	26.74	11.00	12.11	22.94	21.15	22.70	30.17	28.73	31.25	11.18	11.65	56.28	46.27	50.74	57.90	59.32	29.97	13.38	37.25	35.46	27.22	34.30	29.11	147.48	158.72	125.61	115.86	95.47	39.07
77.52	76.54	65.16	73.30	56.39	62.37	28.86	61.59	26.23	5.42	3.61	0.00	32.11	11.78	10.67	19.47	18.84	19.66	38.56	36.05	35.50	13.31	12.73	46.76	46.70	46.80	62.66	61.40	35.55	13.52	35.94	36.77	28.28	43.41	32.71	145.95	140.90	152.38	101.71	115.66	41.79
67.65	72.65	62.23	68.79	68.72	64.94	22.76	67.88	16.78	27.40	25.83	25.31	0.00	44.87	43.02	40.29	44.41	40.65	28.49	28.41	60.46	41.74	38.16	54.13	55.42	49.86	56.98	66.61	35.59	24.98	52.04	39.96	60.87	41.38	27.67	142.46	144.58	148.38	108.34	121.18	12.61
90.36	64.41	63.01	76.41	78.13	71.84	37.03	69.94	35.29	16.22	11.86	12.78	41.65	0.00	0.10	16.60	17.90	18.85	44.51	36.55	30.99	0.19	0.49	54.35	46.50	48.68	62.98	67.52	48.03	25.40	36.13	42.87	18.81	36.53	42.15	132.78	150.28	144.23	103.44	104.98	50.89
77.13	65.43	62.25	80.07	66.17	64.30	40.73	70.85	37.79	16.07	12.25	12.65	41.50	0.12	0.00	19.11	17.67	19.07	43.54	43.98	32.24	0.28	0.65	61.73	43.73	50.88	56.33	63.48	45.95	23.96	40.17	51.59	20.04	41.39	42.64	133.64	135.88	135.73	93.98	117.21	60.94
66.24	55.50	47.78	59.45	49.51	49.18	52.71	62.00	46.29	28.75	25.66	21.92	41.19	17.86	17.53	0.00	0.44	0.34	52.60	58.89	50.88	16.22	15.80	38.92	28.55	42.74	47.08	56.29	50.85	37.41	57.26	66.72	39.33	53.39	57.60	110.47	117.67	126.72	89.74	89.05	60.71
70.01	62.86	54.20	56.81	60.93	61.39	45.88	59.36	44.42	28.10	23.65	18.53	39.62	16.36	17.33	0.45	0.00	0.19	54.56	49.32	50.79	16.74	17.81	34.52	31.68	35.53	44.79	62.56	57.79	34.51	48.58	57.40	34.17	56.75	49.63	131.40	126.49	124.50	88.98	97.75	53.84
65.74	51.35	51.50	65.06	59.56	59.39	53.59	60.39	41.13	27.20	23.62	17.58	40.97	17.57	16.88	0.28	0.17	0.00	54.53	54.48	44.29	18.50	17.34	36.55	29.30	39.72	43.73	55.51	52.10	33.65	49.37	67.76	36.20	53.88	58.80	115.11	119.12	110.60	82.50	75.88	55.66
98.32	94.75	92.69	93.63	98.92	97.56	8.89	99.18	13.82	32.00	32.07	31.07	33.54	44.54	47.75	49.01	54.69	51.88	0.00	2.35	40.43	43.89	47.14	91.60	79.52	68.36	80.94	96.47	1.61	18.35	22.41	7.05	47.97	16.02	2.38	172.79	149.34	160.25	123.48	129.36	37.53
91.01	91.09	83.45	76.76	82.93	92.73	6.80	87.40	11.71	27.81	33.37	34.72	25.33	41.32	41.43	47.39	55.35	47.35	2.66	0.00	46.91	39.46	37.71	74.82	79.63	75.57	84.28	77.16	4.43	16.83	27.19	7.90	42.61	16.35	0.23	165.66	168.40	169.13	134.84	152.01	31.73
117.36	91.95	95.85	109.88	92.46	103.84	50.35	88.09	51.07	36.16	35.49	33.31	53.62	28.55	27.72	42.46	41.22	46.30	43.47	44.00	0.00	31.33	28.26	87.81	82.69	80.43	90.37	92.16	46.51	33.22	23.38	42.18	9.48	36.94	38.58	178.70	159.32	150.16	114.85	113.87	72.27
78.69	69.22	73.94	71.88	61.16	73.41	36.61	74.97	38.25	17.47	13.01	11.16	45.72	0.18	0.27	18.32	18.07	18.09	45.50	43.77	29.01	0.00	0.35	56.71	46.00	48.33	60.75	65.56	46.00	25.22	41.15	54.35	17.80	46.28	43.36	131.33	158.38	153.12	95.93	102.91	58.18
76.86	71.89	63.00	77.28	65.92	63.05	34.33	73.29	39.15	16.44	12.28	10.92	44.95	0.46	0.53	15.14	18.18	17.81	37.72	35.94	28.01	0.30	0.00	49.68	46.54	50.93	65.37	74.91	42.89	22.49	38.57	47.38	21.89	40.83	37.78	143.07	156.53	129.10	106.69	108.73	51.93
26.34	21.18	16.51	30.54	22.19	18.43	70.64	19.75	62.29	63.31	61.98	53.06	63.20	53.17	49.49	43.06	38.70	37.20	79.35	85.42	93.23	57.06	55.30	0.00	12.98	18.28	12.03	24.20	93.06	64.69	97.74	88.26	70.76	83.71	85.07	84.53	89.58	90.38	50.00	49.07	73.25
38.63	33.87	29.86	35.48	30.12	34.37	81.92	30.30	66.75	56.49	53.96	52.33	66.34	46.89	42.76	28.10	28.03	26.96	87.98	76.20	73.75	45.34	46.01	11.71	0.00	30.82	22.86	38.54	75.38	67.20	80.35	79.05	61.65	76.28	83.14	88.88	88.99	97.29	51.12	64.91	72.79
30.76	24.22	21.36	20.94	20.89	25.33	57.59	24.00	58.22	48.93	55.29	46.53	41.22	49.82	46.93	34.45	41.85	38.55	68.51	63.98	87.68	54.00	55.44	18.27	31.97	0.00	17.95	18.35	71.17	51.74	75.99	78.23	77.25	80.69	72.65	81.82	100.16	99.69	57.53	78.99	50.27
19.69	10.07	5.17	17.82	9.29	8.52	85.40	8.22	68.14	62.98	69.21	62.89	63.66	62.70	62.99	45.34	49.32	44.53	80.74	84.68	87.75	61.36	68.05	11.90	24.03	17.40	0.00	16.77	87.92	77.03	86.15	91.82	89.75	96.06	88.38	69.37	83.25	71.49	44.50	63.87	58.45
12.31	13.98	13.52	0.60	8.33	13.14	73.92	12.49	80.36	67.30	70.30	70.21	53.95	76.89	68.00	58.51	50.01	50.76	98.42	76.34	102.67	67.04	73.01	29.07	41.03	20.48	15.30	0.00	80.04	82.22	93.25	106.00	90.62	104.40	94.24	59.71	72.40	75.85	50.61	73.00	56.50
104.64	91.77	87.41	88.39	85.87	86.92	11.33	94.35	16.31	32.98	38.04	36.69	28.16	44.81	40.84	50.76	59.41	61.03	1.45	4.17	47.38	37.78	43.60	84.41	71.88	81.62	91.58	89.32	0.00	24.87	23.21	4.90	41.10	14.09	4.05	138.11	166.34	171.63	118.77	146.55	38.40
94.79	70.52	70.30	80.88	73.01	79.90	13.16	78.26	10.18	9.66	11.69	12.98	22.92	25.39	21.66	32.62	34.29	33.15	18.77	20.78	41.42	24.98	24.10	58.38	63.09	50.87	61.07	81.26	22.59	0.00	30.85	25.15	34.57	24.89	20.19	145.72	137.59	149.10	119.94	104.54	36.68
103.36	93.79	99.40	106.28	107.72	94.27	32.90	93.31	35.20	29.92	30.88	38.75	44.76	34.91	38.46	52.62	52.68	54.13	21.48	28.72	22.77	37.32	34.37	90.99	84.72	82.83	94.72	111.79	26.05	32.34	0.00	26.24	25.80	12.18	22.68	160.08	177.77	184.98	137.37	125.10	63.90
103.53	90.94	105.32	97.39	93.62	99.21	14.98	93.75	20.38	32.59	39.18	44.81	36.02	42.93	50.94	65.87	56.77	65.78	7.05	9.56	47.68	47.99	52.99	91.93	82.07	74.32	96.38	108.61	5.34	28.18	29.18	0.00	52.63	14.18	9.80	183.57	164.50	184.31	149.44	134.14	42.91
100.83	82.17	77.57	85.58	94.05	87.54	48.15	101.16	44.56	35.15	27.19	32.34	54.25	19.01	17.77	38.53	35.18	32.95	46.02	49.13	9.83	18.63	21.73	83.20	63.08	70.28	78.65	91.30	49.07	37.55	25.51	46.82	0.00	41.44	43.52	139.71	145.78	141.17	107.16	129.33	68.83
119.19	111.95	99.06	101.47	112.36	113.13	19.67	106.82	27.32	35.13	36.54	41.60	39.06	39.51	41.70	61.28	55.16	63.65	15.42	17.09	35.88	41.65	40.70	91.00	94.40	72.32	103.62	105.76	15.15	25.74	10.33	15.22	32.91	0.00	18.20	184.33	156.03	177.10	151.83	137.08	48.68
107.73	96.97	98.70	81.80	91.65	89.33	7.62	90.92	14.76	28.77	35.08	33.44	25.35	41.74	40.71	59.33	57.15	58.39	2.38	0.23	40.54	40.38	43.99	76.15	75.01	73.39	79.61	91.55	3.97	19.57	27.52	8.08	43.65	16.07	0.00	137.91	184.58	171.20	131.24	124.97	30.83
52.44	55.18	72.93	64.30	63.89	68.49	157.72	64.47	152.90	129.45	117.11	127.97	113.92	130.72	136.42	106.24	114.06	111.78	145.71	160.29	175.99	142.01	120.52	86.21	90.46	82.06	78.87	59.54	155.15	150.67	184.40	154.10	155.86	176.49	165.89	0.00	14.33	17.49	53.76	69.22	141.94
68.41	62.99	79.05	86.41	83.50	63.52	157.63	69.65	165.58	154.25	159.15	134.89	123.10	141.16	152.31	111.92	111.17	111.28	153.65	173.43	173.61	149.21	134.20	92.49	111.94	91.24	88.35	72.71	190.16	133.36	200.56	154.03	159.91	174.38	165.63	14.55	0.00	0.45	46.09	60.68	125.21
64.79	67.31	84.12	71.93	80.50	68.21	166.18	72.65	146.49	125.97	145.95	133.77	141.93	143.77	142.64	111.26	125.31	135.23	189.64	150.65	187.57	150.50	155.15	99.40	106.25	101.94	78.45	67.92	158.69	152.63	187.48	168.62	167.96	160.17	183.69	17.11	0.54	0.00	50.41	63.20	149.23
34.45	41.00	45.24	55.21	49.37	36.56	119.61	42.86	121.93	108.07	92.99	97.93	108.07	102.22	92.88	93.51	92.16	93.90	137.61	130.89	143.45	88.17	94.27	49.50	60.59	56.88	41.84	47.02	131.45	103.27	131.21	152.38	125.24	156.05	128.54	50.77	45.72	50.92	0.00	24.85	119.63
57.91	51.04	59.92	71.00	59.52	59.25	127.03	60.07	117.05	109.86	117.43	98.84	118.20	114.31	116.06	82.01	81.48	92.25	139.33	145.94	142.20	94.53	112.87	54.92	62.99	75.62	58.58	67.94	137.34	124.27	141.86	137.17	115.61	141.25	155.10	62.32	75.14	60.57	24.63	0.00	109.84
79.86	74.95	69.05	69.56	62.90	71.28	31.48	75.22	26.74	34.96	39.34	38.27	13.67	50.34	59.97	56.57	63.39	62.64	34.56	31.62	74.04	48.99	49.30	72.96	69.42	53.02	60.41	69.49	34.76	38.18	64.75	40.50	76.17	52.41	30.76	112.47	145.71	148.12	100.28	139.13	0.00
~
Delivery quantities;
1 1 1 6 4 1 0 2 8 6 0 1 0 4 2 4 4 0 2 2 1 0 2 4 1 1 2 0 2 0 4 1 0 0 1 1 0 0 4 0 
~
Pick-up quantities;
48 0 8 48 32 0 8 30 12 12 16 24 12 12 8 0 16 6 18 6 0 4 0 6 4 0 6 4 12 4 12 12 6 12 0 8 6 8 0 4 
~
Vehicle capacity; 
120 120 120 120 
~

