Cost matrix;
0.00	9.21	26.32	18.56	26.34	19.88	11.85	18.06	21.98	16.82	83.16	72.57	90.56	48.71	43.04	50.37	36.43	43.85	41.24	63.77	39.93	14.46	34.62	56.69	61.71	42.44	65.46	60.70	37.69	15.14	11.21	0.44	46.48	40.93	46.59	28.66	46.08	0.32	12.68	10.10	106.09
9.12	0.00	22.75	8.84	23.30	10.19	4.75	8.09	13.01	11.90	72.36	59.08	77.66	43.30	46.88	44.10	28.51	30.95	29.47	52.82	27.75	18.57	29.84	52.76	41.47	31.55	50.90	46.76	33.48	15.68	5.10	9.54	46.93	36.37	41.34	20.35	33.99	9.68	4.81	5.10	111.94
26.21	25.30	0.00	22.68	0.55	24.52	18.02	20.84	19.32	12.19	58.94	59.42	67.36	25.94	24.95	26.18	39.80	47.58	42.95	59.01	45.02	36.61	45.22	63.21	73.18	52.46	63.50	55.36	48.21	11.99	18.87	23.09	61.05	63.10	64.88	34.19	39.46	25.51	17.90	16.97	89.59
15.71	9.71	20.03	0.00	20.39	2.60	5.75	0.45	5.30	8.98	58.18	66.25	72.94	46.61	44.87	39.67	28.71	27.02	24.98	43.42	29.66	22.51	35.45	57.03	43.79	31.78	46.18	44.04	27.75	13.81	5.02	15.00	60.00	46.03	41.69	13.97	27.21	18.22	5.10	7.60	102.31
22.27	24.09	0.54	22.58	0.00	20.85	19.00	19.86	16.27	10.97	59.27	52.66	65.08	21.18	25.83	20.62	38.59	43.50	48.84	48.57	55.34	37.84	58.02	71.60	58.25	52.16	62.54	58.11	42.41	11.49	20.49	26.39	68.11	58.14	65.63	29.59	40.89	24.40	20.52	17.21	97.14
16.21	9.87	25.57	2.38	22.28	0.00	8.87	3.27	5.80	10.97	68.37	59.55	87.07	44.37	42.37	42.18	24.60	26.19	25.53	47.46	24.67	27.77	27.60	51.87	46.48	22.88	35.91	43.66	21.59	15.86	6.32	16.42	61.08	48.10	45.14	10.17	21.70	20.05	7.19	10.03	105.49
11.69	5.24	18.97	6.36	17.40	8.14	0.00	6.26	7.93	8.24	74.77	61.66	75.79	39.87	36.90	41.24	30.14	30.32	29.01	57.31	29.64	22.17	33.90	54.84	55.52	29.35	47.90	50.94	29.49	9.15	1.29	10.57	59.50	48.07	47.91	18.57	32.10	10.79	0.43	1.22	106.22
18.33	8.01	18.24	0.43	19.57	3.04	6.26	0.00	3.89	9.74	65.67	59.75	87.51	38.27	37.41	45.91	23.61	30.04	25.61	51.46	31.57	26.79	33.65	55.25	43.42	27.21	47.12	41.93	24.29	13.53	5.16	17.56	58.78	42.84	50.29	14.61	29.15	16.70	5.73	7.38	103.06
21.15	12.51	15.80	4.50	18.32	5.78	9.59	4.61	0.00	8.46	64.05	55.24	80.16	38.80	34.04	40.60	26.92	28.81	28.75	50.85	31.09	31.29	39.98	55.85	48.28	28.42	38.72	38.95	23.84	13.62	7.77	18.39	63.16	52.33	53.05	16.91	24.45	21.88	7.57	10.31	99.00
16.74	13.01	12.56	11.14	10.78	12.66	7.70	8.41	7.33	0.00	72.44	62.62	71.72	30.54	30.28	38.32	31.53	38.52	35.33	59.38	42.41	27.07	40.02	60.90	59.03	39.44	53.58	55.90	38.58	3.98	8.79	14.25	64.48	52.71	54.04	22.51	35.14	17.69	8.53	9.01	97.53
88.20	74.26	60.95	67.35	70.94	62.16	61.96	64.27	60.75	59.27	0.00	5.08	32.72	69.43	61.11	60.01	49.27	54.34	54.18	20.46	59.92	93.62	75.61	92.61	62.09	70.39	40.43	34.40	51.09	69.32	66.72	75.91	126.92	89.70	96.39	62.63	48.02	76.45	72.67	73.54	32.53
73.45	67.61	59.22	55.52	65.19	54.23	56.65	63.78	59.35	64.55	5.77	0.00	26.60	51.87	55.79	60.34	46.32	52.07	45.88	18.31	59.32	92.79	91.87	76.07	67.28	64.13	33.39	36.74	51.86	62.14	70.04	72.79	125.86	92.07	103.45	52.42	52.94	68.72	66.22	59.44	34.61
100.57	87.30	66.52	70.97	65.46	71.50	80.69	84.62	67.77	83.66	33.76	28.93	0.00	63.32	62.57	54.22	64.65	66.57	79.29	42.94	97.60	91.83	112.02	100.82	85.38	88.13	69.79	58.70	69.12	87.98	73.52	101.83	130.45	125.30	111.33	77.81	65.78	97.96	74.65	76.56	21.47
46.21	46.32	25.98	38.19	23.28	40.32	36.66	42.01	37.42	35.06	66.07	64.20	62.56	0.00	0.33	0.47	54.53	66.49	61.16	65.71	66.99	59.11	66.22	90.88	93.59	63.59	62.38	60.46	65.75	33.47	39.87	50.87	94.04	78.71	85.15	52.53	58.61	48.03	43.47	46.92	88.19
44.68	47.13	24.07	42.76	21.49	49.29	45.50	40.10	37.29	31.36	70.69	51.78	65.48	0.32	0.00	0.21	61.03	67.56	59.47	59.43	68.98	69.74	77.00	98.23	82.20	75.84	74.10	62.44	56.11	32.50	45.03	48.25	89.52	97.99	94.77	50.26	56.55	42.25	46.29	41.04	72.34
50.96	45.45	20.90	45.16	24.77	39.46	37.21	39.96	34.36	36.09	66.38	52.50	66.58	0.52	0.22	0.00	57.61	61.88	64.68	57.42	74.61	58.38	74.68	96.48	73.35	73.94	67.47	61.66	62.75	37.31	44.84	52.68	89.89	75.78	89.83	46.13	61.26	52.09	38.97	45.01	77.80
39.35	32.68	46.75	23.58	37.77	26.59	33.76	29.13	29.80	36.20	45.36	42.89	67.95	58.34	61.90	64.46	0.00	0.54	0.95	29.42	15.83	44.24	36.05	44.15	26.39	15.90	19.65	17.75	0.85	40.04	34.43	40.58	72.55	45.88	51.00	11.34	0.35	44.97	33.91	29.28	81.68
46.54	31.49	46.54	25.59	46.23	22.42	30.73	27.55	30.07	35.74	48.88	51.36	72.21	62.90	61.87	60.22	0.52	0.00	0.44	26.03	18.69	43.82	33.59	45.22	20.66	16.63	18.69	17.46	0.86	34.65	29.00	39.34	71.86	47.83	50.62	12.77	0.10	44.62	32.70	31.86	85.30
40.54	29.66	40.86	29.01	48.83	26.96	35.58	25.42	28.94	37.72	50.63	47.98	71.98	54.43	66.02	65.91	0.99	0.50	0.00	26.68	18.33	40.67	35.66	36.05	19.78	16.11	16.83	18.81	0.99	38.05	28.70	41.90	78.84	47.38	42.83	12.05	0.55	42.60	33.52	31.73	83.70
68.49	54.14	51.57	49.99	50.27	41.01	48.99	50.27	49.74	49.97	19.71	19.13	45.65	60.37	70.24	59.97	33.26	32.84	32.86	0.00	40.47	62.35	67.76	73.38	44.75	40.67	17.98	18.36	28.03	55.46	50.26	59.84	108.59	66.88	84.69	38.23	28.24	62.35	59.97	61.32	51.74
38.63	32.33	48.77	25.74	53.76	25.30	33.65	29.40	35.86	40.34	58.96	60.31	100.30	77.54	73.59	67.84	15.22	16.86	15.09	43.15	0.00	30.76	23.75	26.16	18.65	0.31	28.07	30.52	15.35	44.78	34.78	33.00	51.66	32.85	29.53	17.09	18.59	41.08	31.40	31.50	101.28
16.64	18.06	35.35	27.18	34.87	22.76	22.04	27.25	32.94	28.60	94.98	76.05	93.76	60.86	64.07	62.68	38.59	43.59	40.16	65.45	31.15	0.00	19.24	46.81	50.11	34.07	62.68	65.71	40.10	29.12	24.77	15.48	29.93	25.42	30.21	29.75	40.85	14.24	22.23	22.21	132.37
28.73	24.36	52.68	31.26	48.93	34.18	36.76	29.54	34.73	40.90	75.64	92.92	115.86	78.62	71.81	69.52	34.53	39.48	39.17	69.52	22.43	19.88	0.00	23.14	32.99	22.09	53.00	52.09	38.64	38.39	33.08	30.27	35.59	12.20	11.63	27.39	37.37	27.34	28.47	30.13	135.11
56.30	49.00	77.19	47.26	78.19	44.63	58.61	52.55	58.29	67.33	85.70	76.89	101.90	85.54	92.71	96.76	35.87	35.33	42.31	70.96	28.35	41.05	22.22	0.00	23.83	24.45	44.92	49.04	40.22	65.84	53.81	54.74	55.20	20.09	20.53	40.12	36.42	58.21	46.37	51.08	136.84
54.82	42.23	56.49	46.96	71.73	47.45	52.74	49.04	52.43	56.95	60.63	56.24	89.21	76.06	82.76	84.88	23.58	23.80	25.18	38.80	15.69	52.22	32.39	24.60	0.00	19.60	24.34	28.39	25.24	61.26	44.12	61.80	62.38	38.01	36.08	33.57	25.07	55.68	44.45	47.55	101.70
40.78	33.49	54.26	28.42	47.84	24.89	36.13	26.30	31.99	41.90	65.29	57.26	88.31	68.74	74.21	70.01	17.12	16.97	14.82	50.81	0.30	31.42	20.16	25.69	16.50	0.00	33.43	33.62	16.60	44.12	30.83	38.95	56.64	29.14	28.74	19.05	16.03	33.38	33.25	37.07	108.56
63.58	53.60	56.75	37.45	55.31	45.54	46.14	38.08	41.96	47.91	35.65	35.99	67.71	66.68	64.42	60.80	18.92	16.16	15.62	19.28	29.75	55.14	55.80	52.17	28.79	29.90	0.00	0.53	15.81	58.10	41.34	58.89	81.32	59.38	60.94	31.88	15.70	52.72	42.16	54.79	68.67
61.79	51.28	50.93	44.68	55.96	41.91	48.08	46.39	42.73	51.23	39.97	38.92	65.69	60.97	62.32	75.11	20.16	18.61	16.05	18.29	32.78	53.58	51.66	50.97	27.50	33.13	0.52	0.00	17.73	55.54	48.66	59.17	88.34	55.15	56.15	26.80	19.40	65.44	50.26	45.66	74.86
40.39	34.66	43.46	25.71	41.09	24.06	28.65	25.44	27.35	30.80	54.86	48.46	83.42	55.72	57.26	64.52	0.88	0.81	1.08	28.34	13.99	35.79	35.98	34.91	21.46	16.47	16.07	18.52	0.00	40.73	33.06	37.57	63.37	47.08	49.32	11.62	0.70	42.75	34.24	36.43	94.71
13.88	14.56	9.82	13.11	10.98	17.30	9.57	13.90	13.73	4.71	72.36	67.83	76.32	35.77	35.23	33.85	43.93	43.97	43.87	55.32	40.34	28.28	45.07	55.72	53.82	41.11	56.15	50.88	37.36	0.00	9.57	15.87	66.00	59.76	57.50	27.79	43.53	13.12	9.89	8.60	89.87
13.44	5.79	18.05	4.97	18.76	7.35	1.18	5.05	7.46	7.12	75.22	61.30	73.24	44.72	42.48	37.42	32.19	27.43	28.83	51.73	33.40	21.51	32.26	53.90	46.21	33.60	44.10	46.16	30.38	10.92	0.00	13.67	50.55	42.74	41.28	17.49	29.99	12.47	0.73	2.19	101.23
0.44	9.51	22.86	17.05	24.35	17.90	11.97	15.92	22.13	17.22	79.03	80.56	87.32	46.76	48.73	43.22	36.05	43.32	39.11	71.34	37.65	15.03	29.91	60.67	49.72	40.37	52.86	55.06	41.87	13.61	12.44	0.00	48.60	43.62	42.43	31.65	42.68	0.46	13.06	9.14	115.60
46.50	47.20	71.80	63.63	71.80	52.79	52.20	61.54	70.54	57.11	110.88	118.82	149.15	82.27	87.82	100.18	71.24	78.60	79.48	108.46	51.53	36.44	32.53	54.93	69.21	58.79	94.29	91.50	74.19	54.25	62.65	40.28	0.00	29.07	30.23	64.44	64.42	48.67	57.97	47.60	159.40
37.23	39.81	56.92	42.83	68.65	41.11	43.27	48.58	49.74	55.15	100.08	82.42	123.67	93.88	78.72	87.03	42.39	41.78	49.78	76.12	28.84	30.14	14.42	19.26	36.35	31.37	64.71	66.71	47.77	55.10	48.54	41.78	27.22	0.00	0.24	46.45	42.75	43.64	44.83	45.91	133.85
44.73	36.24	67.24	41.46	57.72	43.85	41.10	43.45	48.69	57.49	85.27	84.75	109.68	87.45	78.07	96.59	42.01	48.91	44.48	83.07	27.62	29.43	11.57	21.69	38.57	27.86	55.66	59.24	44.93	50.54	44.93	36.52	31.51	0.22	0.00	36.87	51.07	45.95	45.00	48.05	144.34
26.08	20.40	35.81	15.18	33.35	11.51	20.58	13.42	17.10	23.34	54.61	59.31	78.28	52.26	55.50	55.83	13.39	11.47	12.92	41.98	16.05	32.16	26.99	47.52	27.91	18.07	26.70	29.51	11.47	25.45	17.48	26.16	61.61	44.78	47.10	0.00	13.28	29.65	19.71	20.26	87.06
45.17	33.35	45.36	23.91	44.29	24.40	31.00	24.31	25.57	36.04	46.47	49.88	78.09	60.88	61.41	61.54	0.35	0.10	0.62	31.97	15.81	38.01	40.58	45.29	25.19	17.20	19.01	16.64	0.75	36.45	32.15	39.58	76.11	46.29	47.19	11.79	0.00	36.93	33.94	32.82	94.14
0.28	9.17	24.94	17.09	23.76	19.67	11.63	18.52	21.26	16.74	87.20	71.12	102.02	44.81	45.31	45.63	38.27	45.51	36.45	60.12	37.42	15.80	32.53	54.28	60.91	37.40	63.46	61.69	41.42	13.77	12.82	0.37	44.11	40.10	41.55	28.15	44.41	0.00	10.57	10.95	108.11
12.07	5.74	18.57	5.00	17.51	8.09	0.49	5.33	7.74	7.12	70.85	65.92	89.07	45.72	40.24	36.51	30.58	30.97	31.49	49.85	29.34	19.90	31.60	50.46	42.91	31.47	52.37	47.53	30.13	8.62	0.73	10.36	53.02	43.70	48.77	16.58	35.16	12.13	0.00	1.40	103.75
9.94	5.14	18.16	6.67	16.97	8.19	1.24	6.27	10.20	7.60	77.37	57.23	77.42	39.11	44.02	46.05	34.80	34.04	34.58	53.69	35.14	21.12	28.65	57.12	48.84	32.10	53.15	50.29	30.33	10.06	2.69	10.27	50.01	49.64	42.16	22.08	35.56	11.12	1.56	0.00	100.30
98.46	106.99	84.68	94.22	86.01	102.48	100.44	107.69	87.64	91.09	36.33	38.67	19.00	81.67	81.51	88.39	88.43	80.41	87.14	62.50	105.07	111.24	114.00	119.08	101.60	108.12	74.44	79.39	95.16	98.76	97.17	97.78	159.69	149.38	131.78	91.82	80.91	102.27	110.24	95.17	0.00
~
Delivery quantities;
4 6 5 8 0 0 0 8 0 1 2 1 0 0 8 3 2 1 4 4 2 2 0 0 2 2 1 2 2 1 2 2 2 2 4 2 1 1 1 0 
~
Pick-up quantities;
18 28 8 42 28 32 48 36 4 0 12 0 18 4 0 0 18 0 0 12 12 0 12 12 12 0 12 4 0 0 4 12 0 0 0 8 12 4 6 4 
~
Vehicle capacity; 
120 120 120 120 
~

