Cost matrix;
0.00	93.41	10.77	11.52	18.47	14.25	6.22	0.51	12.93	13.07	20.39	50.24	71.90	64.36	59.84	59.00	50.35	49.29	71.43	78.61	117.44	95.25	19.73	72.17	38.67	23.29	51.24	17.50	13.18	46.27	54.91	71.63	83.99	88.67	105.09	88.69	112.98	89.11	111.30	118.69	52.82
112.32	0.00	102.94	98.57	85.76	100.87	94.21	116.30	89.57	87.10	76.89	89.39	33.38	56.12	51.81	55.20	49.14	62.03	48.36	47.41	0.35	0.95	81.72	50.96	69.88	87.76	76.63	123.41	93.29	80.01	73.76	33.35	36.57	71.20	34.68	42.83	25.37	21.60	4.67	25.98	67.61
11.38	94.02	0.00	3.00	9.00	2.96	3.78	10.43	8.34	4.69	8.46	49.46	61.50	50.00	50.44	51.79	40.85	45.27	79.30	76.63	88.49	84.86	9.39	49.89	35.76	22.84	40.61	27.54	3.26	42.91	50.68	63.68	72.98	79.00	88.19	76.23	102.72	94.94	97.75	99.17	52.05
12.84	88.17	3.02	0.00	7.35	0.68	6.64	12.77	10.30	6.69	5.91	43.92	66.48	51.81	57.55	55.12	43.42	43.51	65.48	77.16	101.66	97.01	9.11	51.02	32.02	22.07	45.04	30.02	0.50	44.47	50.72	67.22	67.89	70.55	84.12	65.87	103.93	76.74	89.09	88.84	46.10
18.85	92.65	8.06	8.81	0.00	7.42	11.31	15.93	5.99	4.43	7.88	49.90	57.87	49.22	45.79	47.95	33.89	35.32	57.45	73.35	82.38	92.19	0.59	50.64	26.35	18.48	37.61	30.00	7.03	34.77	50.40	66.86	57.93	59.27	74.46	71.87	104.99	73.23	86.78	85.45	48.44
13.17	88.68	3.60	0.72	8.68	0.00	7.98	11.56	10.50	6.10	6.81	53.09	64.11	52.82	56.66	53.00	42.18	39.85	68.84	75.96	98.43	86.86	7.87	54.84	25.97	21.59	37.76	27.22	0.46	40.90	48.15	62.26	59.29	73.64	83.55	64.26	96.86	81.54	87.90	91.76	51.80
5.33	106.41	4.41	6.08	12.06	6.49	0.00	4.91	9.31	7.53	14.35	51.24	70.31	60.99	65.58	56.58	44.63	39.86	77.45	69.71	111.38	103.45	12.11	62.87	35.16	19.04	40.82	22.87	6.78	45.48	55.22	73.44	61.96	83.09	82.55	67.62	100.14	100.65	102.46	117.17	51.61
0.45	105.68	9.62	12.01	18.32	11.95	6.14	0.00	14.26	10.77	19.10	57.56	75.93	56.97	70.42	63.61	49.30	51.71	87.39	88.45	115.06	116.53	16.94	65.85	42.63	20.16	47.38	18.24	13.61	41.34	63.41	84.73	66.65	80.85	98.96	89.01	118.80	87.43	100.77	115.89	63.56
15.12	102.69	8.80	10.70	5.98	11.14	9.69	14.37	0.00	4.36	11.32	63.68	74.87	56.34	57.87	59.93	42.36	37.39	72.09	63.63	96.81	88.86	6.53	57.69	34.50	13.14	36.36	21.68	8.86	35.09	59.08	74.25	60.02	78.97	81.39	72.98	95.93	73.46	79.70	90.45	62.11
12.00	87.22	4.57	5.91	4.58	7.34	7.63	12.10	4.03	0.00	9.90	60.94	57.50	48.63	48.94	51.76	39.03	35.12	64.16	75.37	85.46	93.56	4.96	49.75	33.42	15.03	39.16	22.87	5.28	36.07	45.37	60.34	60.66	68.66	90.24	79.00	107.50	72.53	88.63	98.92	51.71
19.86	87.45	8.00	7.13	7.31	5.91	11.66	18.71	12.21	8.50	0.00	43.67	58.54	44.05	45.06	48.83	28.96	29.56	68.29	61.80	94.60	91.87	6.92	41.28	19.90	25.23	40.56	36.21	5.89	36.72	41.81	50.29	57.50	61.48	79.90	55.38	100.34	82.41	76.26	99.68	47.70
60.07	111.21	54.51	50.39	54.03	53.62	56.73	56.27	61.01	58.76	52.20	0.00	62.22	47.43	46.91	46.31	47.80	55.78	61.11	52.63	91.22	100.16	59.21	46.16	54.36	78.58	87.39	63.50	51.98	82.00	24.86	58.65	67.02	42.84	79.30	56.58	100.41	108.01	87.97	98.49	23.42
71.44	39.16	68.22	68.82	66.38	65.42	65.53	70.22	71.32	68.57	57.20	74.02	0.00	22.35	22.28	23.26	27.26	28.30	13.01	11.43	33.62	30.55	67.21	22.80	34.97	80.53	66.56	89.71	61.70	52.80	40.89	3.30	1.73	31.33	23.99	12.67	35.15	40.97	28.92	38.97	43.55
68.50	55.76	60.10	52.63	55.28	54.95	65.79	63.50	59.92	61.28	48.01	43.54	19.06	0.00	0.52	0.19	19.49	21.75	19.00	17.76	59.85	52.91	47.12	0.52	32.84	62.76	56.27	70.92	49.34	60.12	15.34	20.99	22.04	15.98	36.44	17.18	54.00	63.18	55.88	58.88	18.37
69.39	62.69	54.67	50.56	47.23	46.82	55.32	63.25	51.37	54.90	49.15	42.83	21.41	0.54	0.00	0.31	22.06	20.62	17.00	16.38	56.81	53.00	52.27	0.84	26.32	68.10	61.42	74.22	46.02	62.63	16.98	18.58	20.32	17.03	37.57	19.47	58.95	56.88	56.86	48.70	16.42
69.95	63.84	49.22	57.06	54.77	50.17	52.84	70.50	62.40	54.80	43.87	39.49	23.78	0.18	0.31	0.00	23.03	23.14	16.11	16.86	57.01	62.82	44.92	0.54	25.65	69.82	63.53	85.61	49.29	58.68	17.98	21.21	22.32	18.18	37.22	18.79	55.02	68.83	53.89	50.52	15.40
48.98	53.75	44.82	35.64	36.85	42.85	51.13	45.70	44.29	36.20	33.72	55.99	22.78	22.35	20.49	19.94	0.00	0.19	31.19	29.26	50.14	56.00	36.97	21.33	9.47	51.77	43.23	66.14	34.10	43.75	28.10	26.13	20.99	39.10	47.96	33.62	54.56	56.69	52.40	63.78	28.57
50.48	58.93	46.69	40.57	38.87	34.04	45.14	45.94	41.34	37.30	32.72	55.77	23.65	21.88	19.65	19.06	0.24	0.00	30.06	30.27	55.31	53.47	39.19	24.35	11.13	45.30	40.70	74.04	35.40	42.08	30.30	22.55	24.32	35.91	52.56	34.74	58.65	53.87	53.63	64.75	32.41
76.03	47.59	72.66	71.99	59.81	70.07	78.17	88.86	77.51	74.03	58.34	58.16	12.02	17.85	19.50	16.32	31.88	32.96	0.00	0.68	47.35	46.95	64.08	17.50	42.89	77.68	70.51	93.29	75.75	72.38	35.26	11.03	10.69	20.24	18.52	0.66	37.26	49.11	45.54	32.15	32.77
87.67	46.55	71.37	65.57	69.80	67.89	74.25	86.92	76.08	67.96	63.75	64.93	12.99	18.91	19.00	19.51	34.66	29.54	0.65	0.00	43.75	47.14	62.00	19.37	39.16	74.45	69.14	98.04	68.20	62.80	31.00	10.94	12.20	19.19	16.89	0.51	38.13	57.33	42.52	34.74	35.10
107.80	0.30	87.28	88.55	84.40	83.81	87.04	112.51	91.03	80.13	92.60	100.26	31.45	51.05	53.31	53.01	51.62	51.89	41.64	46.78	0.00	0.50	90.30	55.31	64.47	97.38	66.13	129.61	89.56	69.90	74.36	42.29	34.23	66.83	32.59	38.65	21.00	21.67	4.60	22.13	66.97
94.81	0.96	89.04	92.13	92.13	81.02	100.90	92.38	82.74	96.41	76.26	112.28	30.30	61.87	53.49	49.94	47.66	51.66	46.78	41.26	0.49	0.00	95.39	56.09	60.04	102.03	68.87	112.80	92.33	64.99	75.07	40.65	32.95	69.41	40.14	44.75	26.06	24.38	3.82	26.03	69.24
19.70	93.42	8.59	8.90	0.61	9.13	12.99	18.89	6.26	5.50	7.50	50.11	64.69	45.20	50.15	55.13	36.52	36.54	71.70	73.26	98.15	84.11	0.00	54.67	23.12	18.06	33.61	32.64	7.69	31.21	49.97	61.71	60.59	65.74	85.72	57.25	89.31	77.16	77.21	97.68	43.63
64.82	53.40	59.57	51.41	49.86	47.37	56.79	71.54	59.27	49.08	43.64	42.40	20.89	0.57	0.81	0.63	19.12	19.48	17.74	16.14	61.59	53.76	56.72	0.00	31.10	61.71	67.85	84.68	58.82	59.29	16.47	17.37	18.87	18.71	33.38	18.29	55.49	62.98	48.20	48.50	15.77
37.02	58.58	31.63	32.69	26.20	26.05	36.54	37.72	28.49	32.43	25.35	55.09	37.29	28.09	31.90	32.00	10.12	8.77	43.15	45.23	62.64	56.58	26.11	25.94	0.00	39.72	32.82	50.32	30.48	31.39	31.55	38.75	35.05	49.75	56.84	37.45	65.64	57.35	64.76	75.91	30.69
20.53	101.01	19.88	21.55	18.65	22.39	19.09	20.15	13.39	19.06	24.24	74.13	72.49	63.50	62.70	60.25	45.22	44.45	75.81	82.38	91.15	99.93	19.49	69.07	43.49	0.00	24.81	19.61	24.72	27.65	63.65	63.85	75.13	85.35	100.21	87.86	112.09	72.68	90.42	118.88	60.55
51.66	63.12	39.46	46.31	31.51	40.16	43.97	49.10	37.83	38.16	41.48	72.75	64.04	63.28	59.58	59.74	44.64	44.75	63.91	78.91	72.76	78.94	37.00	70.48	31.62	27.98	0.00	51.87	38.32	0.13	69.75	57.23	52.22	73.22	91.62	77.00	89.33	59.84	68.93	81.38	70.92
18.82	110.51	24.03	25.09	26.14	31.44	20.49	17.64	27.25	24.56	38.91	64.96	86.88	72.49	84.77	81.18	65.13	69.95	86.51	96.04	130.23	113.48	33.96	82.67	53.57	22.88	44.79	0.00	25.60	46.71	66.00	84.56	99.30	104.79	117.85	89.65	116.23	109.25	99.16	137.95	81.89
13.54	99.90	3.36	0.46	8.20	0.52	7.29	13.90	10.46	6.18	6.49	48.97	69.46	53.73	47.51	53.07	34.21	41.02	59.46	64.38	96.22	94.82	8.68	56.57	27.62	24.92	45.93	26.13	0.00	45.43	43.38	61.33	65.09	66.47	76.56	59.95	110.38	79.50	80.32	101.47	51.47
51.20	69.93	39.34	40.20	35.69	39.64	39.85	41.67	32.98	36.77	43.60	75.51	54.82	65.40	65.69	63.43	38.59	37.80	66.42	70.81	66.26	77.41	34.29	55.17	38.67	31.06	0.14	50.88	38.16	0.00	64.57	60.34	62.02	73.05	91.13	62.04	89.38	54.47	59.53	96.67	63.09
65.49	70.80	48.34	45.15	48.19	50.91	54.32	56.59	50.96	54.93	38.60	28.57	35.50	19.69	18.95	16.29	29.81	28.95	33.40	30.11	78.97	64.44	46.46	19.47	32.09	65.20	75.25	72.29	42.99	63.09	0.00	36.01	33.40	22.07	50.10	32.83	73.85	83.45	65.95	74.24	0.56
68.11	37.01	61.12	67.35	55.05	70.73	65.22	74.78	65.25	60.82	54.92	64.52	3.21	20.54	19.16	20.68	27.38	25.88	10.49	11.55	34.60	34.93	53.85	20.71	33.05	79.11	60.26	82.75	70.94	55.10	39.08	0.00	2.24	32.10	23.90	9.88	38.50	50.02	34.58	37.89	39.80
74.16	34.60	68.62	61.20	57.28	69.37	76.61	70.63	66.10	68.32	62.15	72.21	1.97	18.82	22.86	19.05	23.74	22.94	11.48	12.89	34.06	37.96	62.26	22.40	38.35	63.12	64.36	87.30	58.04	59.40	37.28	2.23	0.00	29.84	23.63	13.88	32.87	41.56	29.83	39.04	32.68
88.21	63.25	68.18	74.09	65.58	71.25	77.74	73.01	77.59	73.56	61.07	45.77	30.01	19.27	16.49	16.78	35.07	43.16	19.98	23.21	61.90	67.98	75.35	18.92	49.00	88.15	78.10	92.69	64.75	78.76	24.75	30.30	29.86	0.00	35.35	21.86	50.15	81.91	62.96	53.19	22.28
95.26	39.39	91.93	77.70	86.63	76.07	88.15	96.20	89.32	89.98	71.63	75.57	25.15	35.80	32.45	34.84	42.72	51.53	18.61	16.21	39.29	37.16	88.60	30.47	62.04	103.19	76.55	109.21	81.70	84.08	45.43	22.27	24.04	32.61	0.00	19.41	19.79	49.57	32.25	21.73	44.60
76.24	41.20	62.92	71.31	69.27	60.87	84.06	85.67	73.27	69.10	63.19	57.92	12.76	16.82	19.25	15.39	28.57	35.63	0.74	0.44	41.66	45.02	72.25	17.61	41.38	78.85	72.05	97.96	64.61	62.55	29.62	10.42	13.01	21.91	17.35	0.00	33.66	47.59	40.85	35.89	34.80
110.94	23.48	109.65	105.26	98.28	97.62	104.99	111.23	104.17	88.31	89.77	102.79	39.24	50.60	55.65	56.72	66.79	63.95	31.99	37.01	25.61	21.49	86.27	55.35	63.51	114.73	91.08	129.97	86.90	88.22	63.65	38.59	36.36	59.50	23.17	38.50	0.00	51.66	27.43	0.17	67.85
101.92	23.17	77.94	84.62	83.80	86.41	97.15	96.20	79.51	91.63	68.06	97.14	40.78	56.80	55.34	61.12	51.65	57.09	54.87	51.56	25.50	23.47	84.53	60.26	60.22	84.88	57.69	93.81	81.90	59.78	86.56	44.49	39.06	84.09	58.35	53.04	51.91	0.00	23.24	48.78	75.33
95.22	4.26	88.13	85.56	78.11	80.76	83.48	105.49	78.96	92.22	87.14	96.36	28.61	53.61	57.67	57.60	50.68	53.36	39.06	36.36	4.16	3.77	85.65	56.04	52.80	92.47	66.30	118.48	84.30	72.18	73.20	39.04	29.73	61.06	39.38	43.51	25.35	22.00	0.00	27.39	66.91
120.44	20.77	106.45	111.27	98.62	100.72	113.24	124.31	98.80	105.82	87.09	108.02	34.88	58.32	48.12	60.52	52.93	63.56	35.90	36.98	22.03	23.50	98.81	48.60	73.53	97.71	85.01	114.52	89.84	99.30	67.46	39.62	37.46	59.93	21.08	32.09	0.16	51.40	26.21	0.00	64.26
59.57	77.62	53.93	42.24	52.69	50.90	58.19	62.17	55.31	45.93	44.22	24.76	41.16	18.41	17.43	16.98	32.38	33.92	34.13	32.76	80.22	65.11	52.82	18.77	35.05	65.05	74.29	71.81	47.55	75.16	0.66	32.47	33.83	21.36	49.21	30.73	72.25	84.62	73.19	73.54	0.00
~
Delivery quantities;
5 16 0 14 5 6 1 6 0 0 8 0 0 2 4 8 0 4 6 4 1 2 0 2 0 0 4 1 4 1 2 2 1 4 0 4 1 2 1 2 
~
Pick-up quantities;
0 24 32 28 6 4 0 12 12 42 0 16 4 24 6 16 12 8 0 24 6 4 6 4 12 6 8 0 0 0 12 12 4 0 12 0 8 4 0 6 
~
Vehicle capacity; 
120 120 120 120 
~

