Cost matrix;
0.00	5.65	0.32	12.48	11.06	6.31	26.15	118.32	13.49	85.73	71.94	66.49	79.79	100.56	106.54	70.82	67.97	82.35	122.23	82.91	55.49	56.87	51.58	39.56	50.38	36.53	43.44	41.24	30.39	46.44	24.46	28.63	17.19	45.78	28.10	55.18	60.75	46.08	30.65	40.75	104.90
6.10	0.00	5.29	6.33	6.64	2.82	20.50	110.51	10.09	79.94	77.69	70.34	78.44	100.54	103.89	61.36	61.30	67.21	101.02	72.25	49.76	49.07	45.50	44.60	60.90	39.11	50.36	52.10	32.04	46.52	21.45	25.19	10.74	45.22	34.60	61.67	70.08	53.51	35.78	38.84	106.01
0.28	5.66	0.00	12.44	11.26	5.34	21.72	113.09	13.44	69.14	66.39	72.72	76.38	109.58	95.49	64.94	66.01	76.34	103.51	76.63	51.08	56.65	54.51	45.60	60.57	38.22	51.58	46.57	32.63	42.12	22.71	32.24	14.86	36.20	26.37	49.18	62.70	47.98	34.09	40.22	107.16
11.20	6.11	11.09	0.00	2.18	5.70	15.17	96.33	4.05	71.52	64.39	56.42	67.31	93.73	78.15	52.56	59.75	78.46	91.14	72.94	37.17	42.49	41.15	50.66	67.49	46.93	57.68	62.58	23.76	41.92	17.63	16.87	5.96	51.99	30.78	61.13	70.58	62.65	36.89	46.37	97.65
12.22	6.42	10.47	2.21	0.00	5.43	16.90	103.24	3.27	61.57	59.80	61.42	71.38	89.08	86.75	61.34	48.92	63.65	100.10	61.79	39.19	41.50	39.99	59.94	60.75	48.12	54.32	56.19	22.41	38.05	19.27	17.24	7.00	43.08	33.23	51.54	59.50	53.37	41.23	38.96	87.61
6.44	3.04	6.31	7.01	5.17	0.00	22.69	100.68	6.24	70.26	69.47	62.73	76.40	93.05	80.78	54.13	62.75	79.30	114.24	72.46	45.19	47.29	41.22	43.42	67.30	36.58	47.42	55.90	29.21	40.85	19.41	22.46	11.31	39.42	28.06	50.07	64.06	47.23	36.98	35.33	99.79
22.38	18.76	26.07	16.50	17.82	20.77	0.00	105.25	21.32	62.30	57.28	61.56	66.84	86.07	89.52	52.87	53.10	82.41	94.12	69.23	39.49	41.76	41.53	60.35	68.84	52.99	70.07	68.03	11.89	26.54	0.60	18.69	11.07	66.68	45.77	75.99	75.62	75.23	57.76	66.82	93.46
108.60	96.61	102.44	109.07	101.80	101.67	95.08	0.00	92.02	40.80	37.01	37.40	39.38	32.80	15.86	55.87	54.88	41.43	11.16	45.29	65.11	61.27	54.43	155.00	147.22	149.06	129.94	140.62	88.23	80.14	94.59	89.12	93.76	137.18	102.94	116.52	146.87	133.25	139.88	133.59	20.98
12.19	9.30	11.48	4.26	2.87	7.76	18.37	110.73	0.00	69.61	66.42	57.12	68.28	99.92	74.83	56.07	54.61	70.75	91.51	65.23	40.73	40.46	36.29	63.09	62.21	50.75	54.04	62.14	26.87	40.80	19.61	17.56	9.25	42.46	33.56	59.01	67.09	61.00	37.92	41.52	90.06
76.07	68.02	79.28	63.56	57.53	65.44	62.05	36.43	58.85	0.00	3.51	3.53	5.49	29.40	26.15	23.32	21.94	38.53	31.48	36.99	26.44	23.76	23.40	116.56	114.83	116.49	114.34	122.29	48.27	62.19	57.33	48.02	61.18	100.28	76.41	87.99	98.76	110.51	97.84	90.24	38.77
81.61	68.93	76.98	71.44	64.78	61.67	53.04	37.83	66.97	3.86	0.00	0.64	1.91	32.27	20.97	20.60	18.83	34.02	39.47	29.21	23.81	25.83	20.92	117.39	120.33	119.68	114.85	103.55	47.14	60.53	63.77	40.22	60.80	84.77	93.85	78.75	115.94	122.05	90.47	83.20	36.59
68.35	75.83	71.82	67.56	72.12	71.62	66.48	37.04	63.15	3.31	0.60	0.00	2.74	33.91	21.51	17.74	21.16	31.32	34.00	29.67	21.42	22.58	22.93	120.29	123.39	119.77	100.74	102.84	52.83	56.28	56.06	44.87	65.14	97.64	85.90	79.20	98.00	121.78	93.83	81.03	43.55
73.05	75.51	71.49	72.00	67.58	63.08	63.32	37.74	60.15	5.22	2.19	3.01	0.00	32.69	25.25	19.06	17.21	31.37	34.04	34.93	26.12	22.53	27.03	110.74	114.26	107.71	119.30	108.70	45.79	59.63	54.60	42.93	66.63	83.27	75.56	83.97	105.40	110.70	89.54	88.76	34.88
109.81	104.10	105.48	95.21	80.24	106.95	76.71	35.01	95.99	29.14	36.10	33.61	35.18	0.00	33.42	57.13	47.12	62.13	28.66	59.11	55.90	53.56	44.39	137.87	156.44	140.73	152.89	161.67	66.76	69.03	82.50	65.25	89.39	124.36	121.16	132.48	127.24	149.32	121.70	136.23	18.46
88.28	101.70	102.37	92.17	90.05	98.71	78.27	15.26	75.21	22.71	22.99	25.49	25.69	35.87	0.00	34.38	31.14	34.16	18.68	36.54	47.58	51.58	42.13	158.30	146.99	124.65	124.78	124.40	78.21	74.33	81.96	65.83	79.48	121.28	115.37	112.02	122.11	126.39	108.00	117.56	29.15
73.22	55.07	69.24	55.14	55.56	60.27	61.05	52.13	54.50	22.22	17.64	18.61	17.10	47.50	31.62	0.00	0.30	17.29	56.90	17.24	23.73	23.51	21.32	119.87	105.60	101.65	85.22	96.75	48.28	67.97	60.36	37.00	57.36	75.69	63.34	62.45	91.56	95.77	80.50	79.82	58.67
61.01	54.69	57.20	57.62	56.11	65.42	59.80	46.94	54.17	22.73	22.23	18.41	16.99	58.14	38.91	0.28	0.00	16.52	58.45	17.27	21.31	20.54	19.76	111.41	116.32	92.42	104.84	100.81	43.76	62.82	57.82	37.76	56.35	74.78	75.10	73.31	87.85	89.70	86.73	71.97	58.62
86.00	67.65	88.32	71.54	61.99	81.36	72.46	47.84	68.41	36.69	27.57	35.88	27.76	68.48	33.61	18.21	17.62	0.00	59.14	1.36	43.09	37.30	37.79	127.80	145.01	97.55	110.12	111.26	60.63	79.98	73.56	62.09	63.32	81.75	74.18	77.24	94.87	106.16	110.51	86.89	62.86
110.98	110.73	100.90	108.99	95.76	103.70	85.93	12.83	89.31	38.95	34.99	41.79	34.38	26.86	19.03	55.26	54.54	51.40	0.00	54.02	63.62	61.99	52.64	140.70	181.12	152.14	167.84	169.36	86.87	90.33	84.14	87.14	83.74	116.54	130.36	113.71	141.21	143.01	149.72	142.50	11.39
74.95	68.44	87.95	63.86	67.15	72.08	68.35	42.82	63.21	33.75	33.09	32.29	29.29	57.90	35.82	20.37	21.75	1.53	58.02	0.00	44.36	44.05	37.10	106.44	114.96	104.04	108.69	113.50	66.88	77.27	72.06	62.69	70.60	77.84	77.64	74.42	91.90	117.75	105.74	77.06	58.70
57.67	47.52	51.67	38.80	39.58	39.96	36.09	64.50	35.39	25.71	25.73	22.92	25.98	55.86	44.09	24.44	23.42	34.85	58.10	39.42	0.00	0.15	0.49	95.63	120.12	90.08	89.48	80.71	21.97	34.86	39.70	23.45	37.95	76.50	68.15	69.19	98.03	83.40	76.06	75.65	53.02
49.39	46.82	48.09	36.47	38.40	49.63	33.46	66.03	41.63	22.46	26.62	23.06	22.28	45.88	41.29	18.90	19.33	35.51	60.74	43.57	0.17	0.00	0.40	90.90	115.56	97.39	94.93	102.27	26.31	36.70	37.44	21.19	36.59	73.75	57.14	77.88	87.09	81.06	72.75	70.92	58.12
54.31	45.09	54.51	44.98	41.33	45.56	37.75	58.86	41.63	25.00	24.60	20.28	24.14	45.88	51.29	24.11	21.03	39.65	64.46	39.04	0.58	0.40	0.00	84.60	111.60	91.85	92.39	96.02	26.35	40.24	40.32	21.70	40.42	77.62	68.92	69.88	87.46	81.63	84.74	73.30	61.20
42.69	50.60	48.45	48.89	47.21	54.96	57.17	142.91	55.25	120.14	126.25	108.51	113.43	133.67	146.88	99.09	110.75	135.92	140.20	123.67	94.77	96.88	93.60	0.00	14.60	9.21	46.99	30.70	82.58	88.02	67.11	63.33	54.43	53.49	56.74	79.48	71.27	39.35	28.41	58.19	148.54
57.27	61.52	48.78	73.73	59.32	66.05	79.52	184.23	63.02	122.70	124.03	131.69	147.25	145.78	167.53	118.09	114.27	143.51	165.63	122.79	103.41	96.35	113.77	13.68	0.00	22.33	36.97	32.32	79.53	82.78	79.87	86.73	66.75	63.75	53.71	74.73	62.88	46.78	33.64	54.40	158.10
34.76	37.26	35.33	41.96	42.96	42.21	52.38	130.27	49.56	120.56	101.46	108.23	115.45	150.54	130.58	96.67	108.69	111.89	158.25	124.78	78.06	75.20	88.73	10.62	20.02	0.00	36.30	26.12	75.72	85.83	49.92	60.08	50.16	48.83	45.27	60.28	62.48	33.76	17.54	43.02	151.35
46.81	56.18	46.81	62.87	49.97	49.81	72.16	129.24	54.69	119.92	117.49	121.50	105.35	149.17	138.69	93.85	109.76	97.31	148.30	103.34	83.28	98.03	84.34	39.54	43.35	30.44	0.00	10.05	81.16	100.16	64.85	65.73	66.75	22.33	34.29	44.74	29.35	0.59	19.23	24.91	166.65
43.42	47.19	47.25	51.70	60.71	51.40	69.68	140.61	57.48	114.82	102.88	117.45	125.08	125.87	145.92	96.82	107.89	103.14	132.73	110.20	84.66	89.34	105.27	32.94	30.61	22.67	10.52	0.00	77.39	81.77	67.37	73.31	61.64	35.00	34.77	51.28	40.11	9.05	14.94	31.86	152.57
38.52	27.23	33.99	25.50	22.41	32.34	11.72	91.24	25.38	45.40	48.52	48.58	47.37	70.07	62.87	47.97	50.34	56.81	90.12	57.39	25.46	23.85	24.49	72.68	79.34	59.45	78.07	70.62	0.00	22.81	11.05	9.53	17.93	76.43	58.58	66.13	85.23	76.79	71.10	57.27	88.32
54.33	48.44	48.60	35.14	45.30	40.78	23.44	91.82	44.31	49.46	52.78	62.84	53.70	71.06	88.27	63.98	65.79	70.72	80.80	76.13	35.94	38.34	40.37	84.60	85.70	77.51	85.93	84.93	20.39	0.00	26.22	30.01	37.50	96.92	77.86	85.94	101.57	88.48	69.13	73.79	87.33
23.92	18.24	28.04	18.02	20.08	20.63	0.59	98.53	21.85	53.46	53.29	62.27	61.46	78.91	91.73	60.46	58.62	79.35	99.21	74.57	36.38	40.35	34.58	65.29	70.40	54.17	73.12	74.49	12.35	22.04	0.00	17.79	12.62	57.27	47.61	65.35	89.08	73.58	50.89	60.74	96.25
33.22	25.76	29.45	20.28	20.86	22.60	16.97	81.34	19.89	49.94	41.19	46.22	49.60	61.38	62.18	41.51	38.69	59.44	75.29	64.05	24.39	24.08	22.02	68.15	89.64	71.65	71.90	76.71	9.91	33.18	16.92	0.00	14.96	62.48	48.54	61.98	83.99	64.97	62.37	57.66	88.32
16.82	10.55	16.74	5.70	8.10	12.93	11.76	91.14	9.02	59.93	55.08	57.87	54.30	88.58	77.89	55.62	57.94	67.72	88.78	72.28	37.52	33.90	35.84	59.77	67.11	47.99	63.67	67.41	17.23	34.70	12.05	14.29	0.00	46.69	43.53	56.70	62.41	72.35	51.16	52.93	100.12
37.95	48.63	42.87	53.88	40.53	37.57	56.01	117.35	46.29	98.37	90.74	97.44	92.46	138.07	98.75	77.68	71.36	86.21	144.29	84.26	75.78	82.34	67.36	56.39	61.46	42.74	21.90	31.15	76.86	93.69	63.78	57.05	59.00	0.00	16.56	19.70	15.36	22.55	31.97	5.30	129.36
25.09	27.50	28.02	34.57	30.94	30.53	47.14	113.73	33.18	84.93	78.00	93.95	77.06	121.13	103.52	71.61	62.15	74.26	107.40	74.91	66.18	67.37	66.15	47.21	63.38	35.56	33.77	29.67	55.17	77.40	44.28	48.48	39.93	16.62	0.00	29.15	35.28	27.66	23.71	10.61	119.00
47.99	56.24	48.00	58.00	59.39	56.12	77.62	114.61	49.26	82.61	88.53	76.03	87.64	112.57	98.75	64.37	73.71	72.07	115.28	69.20	62.27	67.75	70.01	77.76	89.95	68.73	44.67	57.91	74.75	88.61	72.91	55.06	62.46	22.50	31.83	0.00	20.01	47.77	47.89	26.40	133.04
62.23	63.33	58.53	64.96	64.62	54.46	78.70	137.09	54.27	112.58	110.11	113.86	94.18	153.39	117.22	97.73	94.67	94.66	148.19	99.22	90.27	83.22	77.92	75.65	76.64	64.35	30.76	41.29	94.80	107.02	85.28	76.34	72.45	18.03	31.60	23.52	0.00	29.97	40.66	24.42	138.14
42.44	50.52	47.15	60.93	52.78	49.18	75.55	157.54	55.10	128.89	111.03	106.39	126.18	159.30	143.94	97.18	93.58	106.99	141.49	95.99	80.69	83.60	81.83	42.08	46.51	30.99	0.53	8.97	81.87	108.00	63.95	78.27	57.38	24.38	32.95	48.50	31.32	0.00	18.34	23.57	167.06
31.93	36.31	28.38	40.16	39.60	35.57	61.53	153.87	42.67	109.94	104.94	110.71	90.04	127.84	130.31	85.04	91.94	94.49	147.47	99.79	87.48	77.10	78.57	27.97	30.89	16.43	22.08	15.24	59.51	81.16	49.36	64.33	41.35	29.84	26.73	50.25	40.99	19.08	0.00	22.23	151.56
39.82	39.47	33.16	41.23	37.50	35.04	61.26	116.28	43.83	87.46	94.97	93.60	96.38	114.40	107.97	68.63	76.06	91.91	119.64	79.45	76.52	70.36	81.39	58.00	57.46	44.33	25.90	31.27	61.13	92.00	61.02	53.90	55.25	5.74	9.31	27.64	20.74	23.27	26.02	0.00	146.08
110.24	107.67	112.10	88.90	96.23	107.21	93.57	24.87	91.10	38.05	40.38	37.51	38.97	17.05	26.05	57.50	58.54	64.83	11.07	68.11	53.69	55.51	65.71	134.50	170.70	149.11	153.27	139.26	86.32	76.92	91.07	89.94	92.68	126.19	128.84	112.01	137.84	157.13	132.51	137.70	0.00
~
Delivery quantities;
14 1 1 0 0 5 0 16 3 4 1 0 4 8 1 3 4 3 1 0 1 1 2 0 0 2 1 1 2 2 2 2 1 2 0 2 0 2 4 1 
~
Pick-up quantities;
0 32 0 30 30 32 6 10 18 16 12 18 12 0 0 24 4 0 12 4 0 0 0 4 12 0 0 6 8 6 4 6 12 8 12 12 12 0 0 0 
~
Vehicle capacity; 
120 120 120 120 
~
