Cost matrix;
0.00	16.19	10.13	14.24	13.86	18.70	0.54	10.01	8.86	12.54	19.20	28.39	85.71	79.65	15.11	84.30	82.59	73.82	64.22	62.44	50.92	68.46	73.88	77.01	98.78	105.50	87.04	87.48	111.78	96.09	72.94	70.72	30.38	103.12	10.11	9.50	11.36	12.98	11.39	32.29	12.57
17.51	0.00	7.91	5.34	8.88	6.94	17.71	8.69	8.88	8.98	30.54	31.76	69.39	62.41	14.76	67.84	64.87	55.43	52.08	49.75	32.51	64.17	62.68	63.04	96.83	86.02	70.64	67.98	88.51	67.16	60.84	49.13	51.56	76.51	9.72	9.88	9.63	33.54	10.75	53.57	8.05
8.98	9.27	0.00	3.32	8.61	11.42	8.40	0.51	2.98	6.77	27.94	30.35	66.58	69.40	12.94	71.77	65.96	71.18	53.23	56.17	46.20	70.88	57.89	58.44	94.91	86.53	78.18	77.99	92.78	77.67	72.18	53.89	37.82	84.37	2.42	3.23	5.83	20.26	7.84	41.25	4.37
11.76	6.00	3.37	0.00	7.56	9.80	10.86	2.75	4.40	7.34	24.87	27.77	65.74	69.34	12.59	74.16	60.54	71.18	57.58	49.44	42.66	66.42	57.97	58.86	90.01	96.29	73.12	81.34	97.59	80.05	71.53	52.47	43.91	82.31	4.34	4.50	7.27	23.44	9.28	46.11	4.86
14.88	10.81	7.92	8.49	0.00	5.97	12.65	7.72	4.90	2.57	32.25	21.99	71.69	62.01	6.44	62.37	62.17	67.23	56.33	47.16	37.98	59.45	65.97	59.11	97.06	83.67	76.92	81.98	83.15	70.54	67.48	52.11	39.22	87.29	9.59	4.99	2.93	27.41	2.82	53.81	4.46
18.01	6.49	10.39	8.25	6.69	0.00	21.43	9.84	10.19	9.54	40.94	31.60	63.20	61.59	11.57	57.52	67.77	58.60	47.60	45.93	34.56	63.19	56.02	50.36	75.01	92.91	57.60	67.99	98.39	58.70	57.27	43.13	46.26	72.71	14.38	8.59	9.50	35.53	8.64	61.65	7.78
0.64	19.53	10.12	12.04	12.68	18.26	0.00	8.60	9.28	10.36	19.68	24.53	80.17	68.55	14.08	83.61	72.93	88.63	69.30	57.42	52.53	72.10	77.16	70.75	93.43	110.33	85.31	83.51	99.49	78.17	79.27	67.15	31.18	104.28	9.12	10.49	12.24	13.46	11.98	36.82	10.78
10.69	8.81	0.41	2.67	8.85	10.94	10.03	0.00	3.89	7.05	23.39	26.21	62.06	67.90	13.51	79.26	65.55	68.00	61.52	57.75	37.84	61.53	60.62	71.33	96.71	103.15	66.45	75.76	93.69	73.18	70.44	51.63	37.73	79.00	2.05	3.25	6.14	19.74	8.37	50.02	3.77
9.24	8.79	2.89	4.73	5.61	10.72	10.37	3.15	0.00	2.63	28.57	22.74	61.87	72.02	8.03	64.99	74.78	69.62	54.52	48.19	45.52	65.47	60.47	58.07	89.49	104.49	84.22	84.75	94.14	65.78	72.63	57.25	36.15	80.81	6.01	0.05	3.16	20.83	5.28	42.33	1.73
11.83	9.03	6.53	6.96	2.81	8.21	10.27	6.54	3.33	0.00	31.40	25.59	64.02	57.66	5.74	65.34	69.54	67.42	57.03	47.55	38.48	60.55	66.19	65.86	96.35	100.32	77.84	72.51	90.33	75.59	68.52	57.52	35.77	81.08	8.35	2.69	0.20	22.44	1.89	43.03	2.35
20.40	29.54	26.27	25.58	35.74	35.57	19.28	27.21	29.64	33.40	0.00	46.21	91.38	93.87	33.08	98.17	89.85	82.53	77.03	79.80	59.93	76.99	75.30	77.34	112.87	118.96	98.30	99.17	135.56	112.17	91.08	84.17	50.48	127.11	22.37	28.89	27.33	11.79	30.21	22.57	30.94
25.20	31.73	29.40	27.57	23.83	26.06	24.06	28.64	23.70	23.93	45.37	0.00	88.86	74.91	18.62	76.41	87.16	82.30	73.66	77.89	54.80	92.66	83.26	78.65	105.11	86.42	69.45	68.27	99.06	84.92	64.16	74.47	13.48	78.67	33.58	26.22	24.05	28.13	22.02	49.62	28.30
75.26	58.81	78.65	70.49	61.34	54.66	69.57	72.30	63.50	61.79	88.36	74.67	0.00	3.79	76.32	7.29	8.69	7.64	18.82	18.47	29.10	26.09	25.25	27.85	34.36	41.57	16.71	25.94	58.66	16.66	37.43	20.10	83.57	32.54	77.53	68.79	60.13	99.28	64.95	121.25	65.52
82.73	66.01	72.11	65.77	56.17	51.30	70.62	66.73	72.41	71.72	94.07	71.34	4.04	0.00	60.13	11.04	9.07	9.62	17.95	18.61	24.79	28.03	28.54	23.82	37.60	39.22	16.96	30.21	56.75	15.24	31.74	16.75	94.22	37.37	72.43	65.17	56.78	97.26	59.84	113.48	67.91
15.70	15.32	12.31	13.00	6.12	13.02	12.81	12.44	9.73	6.31	32.88	19.07	68.63	70.83	0.00	64.76	80.37	63.98	54.19	61.63	36.92	66.34	60.48	65.92	84.07	88.46	67.10	83.11	85.90	76.36	66.76	53.06	30.16	80.87	13.34	8.50	5.72	22.09	4.42	41.68	9.00
71.13	59.66	72.67	59.13	65.87	61.14	86.05	68.00	75.97	73.83	93.16	73.40	7.06	10.68	73.05	0.00	0.16	0.42	18.72	16.79	31.30	18.92	19.87	19.87	38.77	46.47	23.68	37.89	60.55	23.83	43.01	18.12	95.95	37.99	62.87	74.93	64.11	102.22	75.94	112.99	71.20
72.65	68.03	80.08	74.12	64.92	65.94	74.44	74.70	73.12	71.48	94.24	79.48	7.21	10.93	68.82	0.18	0.00	0.18	17.04	19.13	28.15	21.65	22.88	21.50	45.91	44.44	26.55	36.26	60.82	20.57	39.99	16.02	107.45	38.69	76.24	66.36	62.74	88.22	71.29	126.12	76.16
79.39	58.36	65.17	70.28	73.81	62.07	78.66	77.69	76.62	76.58	97.78	86.16	8.42	9.83	75.02	0.39	0.22	0.00	18.50	15.95	27.70	20.96	22.93	23.08	38.32	40.62	25.61	32.77	66.48	25.93	41.29	15.77	100.08	39.63	80.51	77.35	67.86	96.02	71.91	110.39	64.88
67.93	51.37	53.99	50.94	53.76	44.37	66.91	54.39	55.76	54.87	75.78	66.40	21.44	17.83	59.13	16.51	18.48	17.35	0.00	0.30	22.53	16.46	13.15	14.27	49.96	58.77	34.30	49.07	74.55	38.82	41.81	0.18	83.20	58.51	59.46	53.06	58.63	82.07	56.82	90.08	58.80
58.12	50.66	55.48	52.77	55.45	40.42	72.47	49.04	49.08	56.06	83.08	67.08	23.41	16.92	61.00	19.19	16.66	17.31	0.29	0.00	20.01	16.13	12.98	12.19	51.77	53.98	38.35	47.53	66.59	38.89	48.04	0.56	91.51	61.56	50.79	55.72	48.45	78.02	54.52	102.02	54.29
55.80	30.62	44.70	42.52	39.71	28.36	50.76	38.36	45.67	41.09	71.20	50.22	28.19	26.68	37.06	35.22	28.31	33.12	23.96	21.64	0.00	33.53	35.39	31.97	57.58	52.04	30.11	38.97	67.16	36.42	30.31	19.04	61.52	50.43	49.24	43.21	40.91	59.95	36.43	83.37	37.50
85.91	53.52	68.80	68.11	67.52	58.24	69.64	59.32	66.70	59.66	97.26	93.49	28.63	28.60	74.07	22.95	20.61	20.25	15.04	15.26	39.94	0.00	3.31	2.84	60.06	63.64	45.26	60.36	88.22	39.14	55.83	16.17	105.25	63.71	68.45	64.98	74.35	92.44	66.95	104.24	70.53
66.67	56.72	65.14	66.94	55.07	53.25	75.57	59.84	63.29	66.40	82.62	75.45	23.56	28.29	71.80	21.70	20.98	21.88	12.37	14.07	32.00	3.31	0.00	0.14	59.35	56.46	41.18	54.18	73.02	44.03	58.18	12.26	94.36	69.07	71.02	70.13	69.13	88.29	66.42	111.25	64.60
82.36	59.40	60.74	60.91	57.01	51.28	64.70	64.45	67.19	58.21	76.18	77.87	25.76	25.33	76.87	18.96	21.61	20.81	12.07	12.54	31.29	2.80	0.13	0.00	55.67	59.17	45.73	57.85	76.57	44.51	54.49	13.86	88.43	69.80	71.44	67.74	66.10	81.25	61.08	93.54	62.18
109.23	81.82	100.41	83.63	94.07	79.34	106.50	105.38	87.22	85.63	137.57	85.64	33.80	39.79	83.25	38.94	41.16	41.77	61.06	52.68	51.04	69.59	63.02	64.62	0.00	0.34	20.61	17.03	22.85	21.33	31.91	55.11	117.02	8.43	95.79	84.55	89.94	101.84	97.94	124.88	81.48
100.59	86.55	84.43	105.77	85.15	76.24	96.20	101.98	98.06	99.61	120.98	91.45	37.04	34.44	82.23	45.94	38.80	42.15	55.85	52.28	62.56	65.09	70.20	65.28	0.30	0.00	22.09	15.90	23.52	20.88	35.99	61.01	116.04	7.76	106.23	82.90	87.53	117.34	83.49	147.47	104.53
74.49	76.69	69.63	65.29	72.24	64.83	73.81	75.61	69.40	79.61	105.58	75.28	16.87	17.59	76.77	25.58	21.54	25.60	32.75	31.32	30.55	38.35	48.07	41.99	19.60	24.38	0.00	11.93	37.08	0.61	22.33	36.50	92.17	19.49	78.91	70.00	76.61	105.04	71.80	119.54	75.66
89.45	82.01	74.98	69.86	67.63	72.28	95.39	86.04	74.94	74.02	102.86	74.05	28.17	24.50	67.69	32.75	34.85	33.13	40.25	43.83	43.08	53.00	47.47	48.27	15.76	18.24	11.90	0.00	29.24	11.93	15.44	41.00	88.52	10.62	86.99	78.51	70.69	104.66	77.10	130.24	69.92
118.70	84.38	99.11	95.23	93.82	83.64	106.94	97.69	89.41	103.09	120.83	97.28	51.74	57.17	98.74	59.72	68.70	59.78	65.61	77.92	65.21	93.46	80.98	92.35	25.32	22.13	40.26	29.76	0.00	40.84	37.12	68.56	109.18	22.10	91.24	92.80	103.16	115.65	106.56	125.99	108.67
83.60	61.72	67.19	65.91	73.03	59.43	92.91	76.93	81.93	73.75	92.51	70.15	14.38	15.89	82.74	22.31	21.20	21.00	38.53	35.04	37.95	47.88	40.49	42.71	20.93	22.00	0.51	10.39	44.10	0.00	25.10	35.03	91.65	20.29	84.82	65.27	71.03	96.19	74.49	113.28	77.99
69.83	63.61	66.91	64.53	66.67	58.54	78.62	62.55	58.06	55.87	83.17	67.17	30.16	31.63	60.36	39.80	40.35	46.00	44.45	43.68	27.57	57.67	63.03	63.09	31.41	30.18	20.12	14.71	34.35	25.36	0.00	50.06	84.62	22.95	77.83	66.06	55.56	95.03	64.82	96.62	56.88
67.02	43.40	51.58	45.90	49.24	49.91	66.06	56.87	61.16	47.88	82.81	72.31	19.45	19.77	56.02	15.62	15.53	16.78	0.17	0.49	20.71	16.62	13.62	14.90	56.15	63.77	38.15	38.90	73.04	31.53	42.17	0.00	85.69	61.21	50.67	61.93	47.55	78.44	57.66	108.84	55.08
33.62	47.44	35.54	44.89	33.15	43.74	38.29	37.17	33.13	33.17	48.06	14.84	93.72	84.35	32.46	88.18	95.14	86.34	86.49	86.86	73.81	103.05	107.98	92.82	105.58	117.80	100.37	98.77	114.68	101.23	70.54	92.39	0.00	89.02	45.35	34.35	31.77	33.41	31.32	42.71	42.30
100.80	77.10	100.00	89.04	81.04	84.84	95.91	97.82	99.14	95.65	127.25	93.97	35.94	33.19	77.87	47.90	46.50	45.85	57.82	50.30	55.57	61.94	58.73	59.36	8.49	8.18	17.14	11.89	18.23	20.21	24.96	56.10	92.31	0.00	83.74	86.61	93.61	117.69	85.89	143.22	96.22
10.48	9.10	2.11	4.52	9.44	12.67	8.84	2.20	5.65	8.53	21.04	29.48	76.82	61.56	15.69	71.94	67.16	73.25	57.04	48.88	45.07	67.93	59.57	66.71	103.85	89.04	72.36	70.73	92.80	72.30	75.64	55.31	38.10	100.80	0.00	5.80	7.86	18.79	10.21	43.63	5.85
10.24	10.00	2.91	4.31	6.10	9.57	8.47	3.20	0.06	2.85	29.61	23.34	64.00	58.35	8.13	65.02	72.39	70.93	57.91	62.10	38.54	66.38	70.02	60.70	94.45	98.39	69.25	76.48	100.17	83.46	70.56	57.77	41.84	78.99	5.80	0.00	2.60	23.19	4.48	41.71	1.64
13.03	9.94	5.43	7.41	3.21	7.76	12.51	6.09	2.52	0.22	26.29	25.02	75.24	62.23	6.01	70.06	77.00	66.49	59.58	49.04	34.82	62.03	72.47	64.80	97.78	90.54	78.68	82.68	89.12	73.83	55.16	56.03	35.82	86.67	8.59	2.53	0.00	24.80	2.22	41.88	2.24
11.17	27.01	19.71	28.00	23.56	33.13	13.04	23.12	25.10	26.49	12.81	31.62	93.63	97.06	26.70	87.35	81.61	92.38	73.35	85.57	58.06	83.75	76.43	79.52	110.80	111.37	95.03	87.76	111.68	88.62	82.62	80.45	32.48	97.10	21.02	21.88	25.62	0.00	21.84	21.53	22.01
11.49	13.38	7.92	9.24	2.80	9.67	13.61	7.66	5.41	1.89	30.23	21.92	60.27	66.09	4.19	65.08	78.20	75.32	52.74	55.11	41.50	64.28	68.43	61.52	85.22	93.35	69.93	69.58	90.97	71.30	65.33	51.23	33.78	89.79	9.15	5.45	2.64	27.42	0.00	49.46	4.60
36.68	50.58	44.76	44.35	46.54	59.79	37.00	44.89	41.58	48.07	24.27	42.48	114.18	113.12	42.29	123.66	111.15	116.14	88.33	91.38	86.20	95.89	102.15	97.91	125.66	126.31	124.98	118.59	142.03	108.07	97.28	102.85	46.78	147.64	41.45	39.17	49.37	24.33	40.76	0.00	48.88
10.55	8.42	4.53	4.35	3.89	8.88	9.87	4.62	1.66	2.30	29.26	23.46	67.38	60.35	8.73	61.26	64.52	66.20	48.58	54.72	34.92	58.39	64.28	70.18	91.81	82.72	73.45	73.12	97.16	79.87	66.87	53.67	38.15	90.93	5.61	1.42	2.19	26.11	4.81	43.19	0.00
~
Delivery quantities;
8 8 14 10 9 6 9 1 10 0 6 0 1 4 0 4 0 10 8 10 4 1 0 1 2 3 3 3 3 2 6 1 4 0 3 1 4 0 4 3 
~
Pick-up quantities;
16 24 36 24 48 30 34 0 8 48 0 18 0 0 30 6 18 24 0 12 12 0 18 12 0 0 6 4 12 0 12 0 12 4 0 8 0 12 0 12 
~
Vehicle capacity; 
100 100 100 100 100 
~

