Cost matrix;
0.00	19.04	11.45	89.29	16.51	17.45	10.65	19.36	8.49	16.68	82.48	84.52	67.91	51.23	47.58	118.84	75.97	74.75	46.69	8.68	45.47	46.24	62.28	33.41	83.06	50.98	16.35	26.96	34.20	31.92	14.53	33.23	28.44	85.73	114.61	83.48	116.62	30.37	10.87	15.73	39.70
21.40	0.00	7.25	78.53	6.40	7.92	7.68	6.51	9.08	6.53	48.98	58.76	63.15	35.98	33.90	93.98	59.07	55.15	34.43	11.30	30.22	36.13	57.80	41.26	50.01	63.77	31.96	38.12	48.62	53.61	25.07	54.47	36.11	68.93	79.42	65.10	78.02	12.29	8.16	3.49	30.49
11.34	6.56	0.00	81.67	6.31	8.27	2.25	7.29	3.55	7.69	54.62	67.15	66.42	45.80	43.41	103.04	72.11	64.36	42.40	3.54	37.16	44.78	66.83	36.14	69.21	47.79	21.87	30.11	42.05	46.13	22.86	47.51	34.00	74.77	101.19	73.15	92.04	19.85	1.54	4.83	30.69
98.26	87.47	93.24	0.00	86.69	86.33	94.52	90.77	98.43	85.61	27.39	29.31	29.63	82.70	88.21	16.69	21.24	19.57	57.80	83.72	57.58	57.25	111.29	99.16	31.89	116.33	113.89	103.57	117.83	117.46	117.30	120.54	98.33	25.59	10.88	30.30	47.90	68.63	92.68	89.95	70.41
18.63	5.25	6.24	72.70	0.00	11.86	8.59	0.97	10.64	10.75	52.53	54.81	51.97	43.65	49.62	83.06	63.20	63.87	35.96	9.67	37.20	36.42	64.18	27.42	64.57	50.14	22.15	31.52	40.47	47.51	25.90	51.32	30.42	83.34	81.99	62.23	85.09	12.91	7.58	2.61	26.16
17.00	6.95	7.72	97.18	12.91	0.00	5.94	14.30	7.02	0.61	59.76	57.34	66.18	32.97	32.26	105.59	73.27	64.32	39.47	8.45	35.05	41.12	71.28	39.17	55.07	68.49	27.63	38.53	52.15	46.77	28.67	48.15	35.86	89.85	101.01	69.85	96.08	17.15	5.98	9.20	35.99
11.79	7.88	2.07	93.42	9.77	6.99	0.00	9.27	1.84	5.85	58.85	73.34	68.71	44.62	42.82	105.60	70.52	77.26	36.29	3.04	41.43	36.51	64.52	33.96	67.92	56.78	21.81	32.47	45.22	45.35	22.46	42.78	30.26	86.60	103.95	61.69	92.26	23.23	0.57	6.81	36.01
18.77	6.34	6.88	90.55	0.79	14.63	9.19	0.00	11.63	13.13	59.43	64.57	59.43	50.13	47.37	83.93	64.72	59.16	33.08	10.17	35.15	40.13	63.44	32.11	55.59	51.30	26.27	30.63	50.23	38.57	24.17	46.07	30.71	84.03	96.04	59.52	98.17	13.36	9.40	3.71	23.24
10.08	9.81	3.41	84.89	10.18	7.31	1.97	9.92	0.00	8.45	68.17	67.35	72.43	37.97	46.00	91.73	69.47	67.75	46.27	1.76	37.35	48.30	55.37	34.03	66.99	47.52	20.52	31.80	42.14	36.00	23.60	40.19	29.25	85.85	101.51	64.93	99.62	23.87	2.42	8.87	35.67
16.80	8.34	7.55	88.64	12.24	0.53	5.83	14.42	8.64	0.00	58.22	60.17	65.86	37.56	37.18	93.17	66.98	71.73	40.27	10.42	37.65	40.10	68.31	44.06	57.06	67.38	29.24	33.58	48.64	50.96	32.37	53.54	42.14	89.62	105.63	65.75	88.47	19.50	6.55	9.08	33.50
81.99	52.44	63.05	30.90	62.72	62.24	60.46	55.52	58.29	55.66	0.00	4.67	0.09	56.81	61.07	32.95	13.06	13.52	25.19	63.20	22.44	25.80	107.60	79.09	2.52	94.79	74.64	76.44	108.29	101.68	83.19	98.53	82.90	22.10	35.68	5.08	37.99	37.91	59.25	51.71	51.10
79.77	51.57	61.63	32.79	59.28	60.51	70.23	64.95	75.69	66.06	5.65	0.00	5.03	56.87	53.11	33.14	14.83	14.42	26.26	68.10	24.18	28.63	109.44	87.60	7.23	124.21	95.42	82.19	105.16	101.89	88.65	100.39	95.49	19.80	36.65	0.37	29.06	42.47	72.20	67.32	48.72
65.47	51.24	55.11	26.64	54.88	61.69	64.59	56.18	63.34	63.37	0.07	5.50	0.00	52.13	53.97	38.61	12.47	14.13	22.54	63.39	24.80	23.39	104.79	79.35	2.82	112.67	89.85	78.49	87.45	108.41	75.07	102.06	83.63	25.65	33.77	4.54	35.48	43.59	57.16	59.37	47.63
43.21	41.41	42.17	82.74	40.54	36.33	36.25	46.54	42.98	32.38	65.50	60.03	57.04	0.00	0.34	87.65	73.62	70.05	45.56	46.92	45.24	45.94	109.43	67.13	61.70	91.72	59.91	66.53	75.59	86.66	56.92	78.74	74.63	70.20	82.97	53.45	79.72	42.82	37.50	44.37	58.15
43.36	41.26	45.86	81.36	49.23	30.99	41.12	50.73	40.74	33.20	66.02	55.93	52.09	0.32	0.00	81.83	69.48	79.29	40.68	40.98	42.44	37.67	103.89	81.64	65.39	99.49	61.41	80.53	84.55	70.38	56.27	80.29	79.77	67.91	106.44	61.64	72.93	36.27	40.95	37.64	63.31
109.66	90.52	95.26	20.86	85.39	87.97	96.97	97.61	106.73	88.08	42.27	38.16	42.10	102.87	98.41	0.00	33.72	33.05	68.00	114.49	62.92	62.10	117.71	127.46	37.97	126.40	105.75	111.79	135.96	127.01	103.89	145.48	104.92	17.35	11.47	35.37	36.10	85.44	98.23	93.11	72.45
74.74	57.81	70.03	18.64	68.24	65.87	64.48	61.68	70.05	65.53	13.63	16.30	12.88	64.06	74.04	32.33	0.00	0.81	32.04	69.93	28.45	33.32	95.59	81.19	10.65	101.55	95.89	83.48	94.80	96.89	84.00	107.72	74.92	25.54	27.04	15.72	46.34	52.55	66.04	66.72	44.13
74.94	68.75	60.25	17.41	70.69	73.03	76.67	62.80	64.21	60.03	13.37	17.73	12.29	60.74	68.55	30.92	0.77	0.00	32.01	62.70	35.16	28.01	107.74	90.21	9.99	117.33	90.72	83.88	93.30	118.56	79.80	124.57	91.66	24.14	28.64	16.75	43.50	51.36	68.73	71.10	48.36
50.38	34.74	35.47	49.32	35.99	35.46	36.71	35.89	38.61	35.59	21.36	26.03	26.48	39.19	43.17	58.52	27.24	30.59	0.00	48.15	0.41	0.57	91.02	59.93	21.78	80.19	53.88	66.58	83.68	82.70	67.45	86.84	64.93	48.02	59.26	27.57	56.10	19.93	34.76	35.49	30.35
8.16	9.31	3.83	89.83	9.58	9.35	2.84	9.25	1.84	10.73	68.96	66.90	60.84	48.26	44.44	91.17	76.48	71.60	41.15	0.00	42.96	38.08	60.71	29.35	64.89	56.75	17.57	25.73	45.84	36.82	18.87	43.99	34.95	97.55	105.83	62.63	87.20	25.47	3.47	8.87	35.64
57.09	32.12	42.90	52.82	37.91	39.50	39.35	35.48	39.18	39.00	20.80	26.94	26.27	36.53	40.48	54.94	30.91	34.12	0.34	43.37	0.00	0.81	92.11	65.48	23.80	82.40	52.03	67.98	74.25	71.48	61.69	85.97	60.52	40.69	52.72	27.84	60.96	19.97	37.71	31.54	33.20
48.17	33.21	43.54	44.36	39.78	36.18	39.35	39.67	44.46	39.09	24.78	26.60	21.22	38.06	45.63	52.72	31.97	30.61	0.55	46.01	0.94	0.00	85.55	59.09	23.85	83.12	67.39	67.84	75.91	83.75	65.88	96.14	62.71	46.60	64.35	24.01	56.96	23.73	42.16	38.09	30.84
62.85	63.07	61.39	106.46	63.41	72.41	63.93	61.05	57.08	60.85	103.04	104.87	112.84	107.88	108.39	145.10	114.15	112.10	96.97	66.41	84.28	87.04	0.00	28.72	105.92	16.82	49.07	28.53	20.79	45.08	48.37	57.46	26.06	133.63	135.33	112.37	140.17	76.35	65.25	55.73	54.25
32.72	32.30	35.85	87.13	28.46	36.81	37.51	33.54	37.29	43.37	84.49	86.04	71.48	78.00	69.04	128.68	83.78	93.79	56.89	33.60	67.19	56.94	26.27	0.00	82.36	24.20	18.44	4.13	19.48	31.72	16.66	39.15	0.18	94.69	102.02	82.35	114.79	43.03	30.78	35.02	32.29
77.96	57.55	61.77	28.08	57.63	63.25	61.52	55.22	66.17	58.33	2.57	6.91	2.59	65.63	56.89	39.13	9.26	10.25	25.09	69.32	24.87	24.65	109.68	87.82	0.00	112.16	79.37	72.41	101.36	105.62	82.10	116.72	78.14	20.19	37.22	6.26	42.00	44.26	57.50	61.97	44.72
45.73	56.27	50.44	107.08	52.81	58.76	52.51	60.39	58.26	54.00	110.12	113.26	110.09	88.56	90.23	123.52	99.94	97.42	79.26	49.45	84.27	77.59	14.84	22.72	92.81	0.00	31.81	21.69	8.54	26.35	36.58	44.14	26.06	119.93	118.83	125.04	146.43	60.53	61.04	56.27	61.92
16.81	28.93	22.54	101.50	27.02	27.58	20.19	24.79	21.29	32.42	80.40	94.42	92.76	67.12	67.52	103.77	82.89	75.44	62.97	17.23	65.88	63.68	48.48	15.67	83.66	32.22	0.00	13.76	23.06	22.05	0.26	32.33	16.31	103.23	117.16	80.12	127.43	39.61	22.46	22.01	46.67
24.66	35.37	30.95	103.32	29.89	33.79	27.88	30.36	30.20	34.67	92.57	77.62	81.83	79.16	70.14	116.32	77.22	80.00	62.08	32.33	68.64	60.89	28.19	4.96	85.13	22.05	11.81	0.00	15.19	24.65	11.88	40.19	5.05	117.12	121.66	98.67	104.15	43.10	27.16	28.32	43.19
35.48	54.52	40.90	110.22	41.15	50.42	41.16	45.39	40.43	54.62	87.89	115.76	110.26	86.68	85.09	130.41	105.40	106.95	69.91	40.88	69.96	72.38	23.21	15.72	90.17	8.59	24.28	15.68	0.00	19.49	24.05	33.64	17.05	135.07	122.36	103.42	150.84	53.87	40.40	52.49	51.87
27.83	43.25	37.29	140.11	39.07	50.61	37.34	44.33	34.76	47.65	108.80	97.02	108.25	83.09	86.44	128.70	96.24	105.00	79.92	37.70	88.31	79.33	46.76	27.49	92.26	28.55	18.63	21.61	17.09	0.00	19.05	18.34	29.43	132.47	138.41	107.56	117.34	60.10	37.85	43.03	66.28
15.55	29.85	21.58	110.49	22.11	30.89	20.33	23.32	22.13	26.48	78.86	79.34	76.59	67.03	70.50	114.71	91.85	93.74	62.58	18.51	67.14	60.39	48.58	17.99	77.94	29.18	0.30	12.73	26.52	21.77	0.00	35.16	18.81	95.23	105.13	91.02	121.62	35.87	24.30	22.17	44.03
38.39	57.68	51.69	142.44	57.84	54.30	41.42	58.49	39.81	54.94	122.86	113.44	117.75	70.77	83.80	131.08	112.45	108.36	85.63	38.30	80.18	78.79	58.56	48.95	114.04	45.48	32.26	44.84	36.89	18.33	34.45	0.00	47.05	117.07	129.71	121.37	121.96	72.19	48.64	48.75	82.71
32.62	32.41	29.95	94.67	31.71	44.07	31.33	27.59	31.12	40.50	90.00	88.09	90.44	71.06	74.95	114.01	74.17	82.26	59.34	32.42	62.58	67.19	30.25	0.21	87.84	22.88	15.83	4.58	17.03	32.33	19.20	49.08	0.00	113.23	118.39	86.81	104.86	47.27	35.98	33.09	41.40
101.67	86.54	84.13	25.34	79.71	88.16	82.10	78.38	94.15	85.93	22.84	19.60	20.26	72.11	68.61	18.27	22.17	26.16	49.45	87.75	46.03	44.97	116.26	113.50	23.00	127.15	108.64	115.30	128.49	121.81	108.70	120.16	103.68	0.00	22.00	21.34	25.07	73.69	77.84	79.45	64.91
99.92	102.08	105.90	11.55	82.44	88.01	106.00	83.99	94.73	87.58	35.78	36.24	37.92	96.95	100.87	10.54	31.37	31.56	57.96	99.87	61.59	65.78	133.59	97.39	40.02	149.46	119.69	98.58	135.74	124.29	110.42	160.50	112.81	23.72	0.00	32.70	40.70	80.11	108.48	83.43	74.21
69.33	60.75	67.89	33.64	66.48	71.93	63.28	66.92	67.76	57.96	4.99	0.37	4.95	65.14	60.19	35.28	17.33	14.39	29.00	65.09	30.42	25.10	116.72	93.45	6.23	104.01	83.07	85.39	101.54	108.30	82.16	127.94	77.10	17.73	35.84	0.00	28.78	41.57	74.90	68.70	49.85
99.13	84.56	102.85	49.94	79.79	83.97	90.87	80.92	107.33	86.91	34.77	30.81	40.76	76.98	65.89	39.11	39.19	44.36	48.35	100.95	62.95	60.94	155.95	110.48	43.13	130.95	104.37	116.20	125.55	136.41	115.59	141.04	104.66	20.13	44.92	29.01	0.00	79.53	94.03	89.34	81.16
35.72	14.62	19.14	67.94	15.91	20.65	19.18	15.67	21.42	21.47	41.83	47.16	45.16	45.29	37.37	73.41	44.94	42.75	20.11	24.29	20.87	23.59	70.81	39.52	40.99	59.81	34.19	39.20	55.21	63.24	39.50	62.30	43.63	57.73	83.17	41.85	84.71	0.00	17.82	13.27	17.84
10.62	7.34	1.81	77.81	8.27	6.39	0.55	8.09	2.50	6.86	61.20	74.69	60.17	41.85	42.61	104.30	70.21	74.40	37.10	3.15	36.35	35.84	55.75	29.69	68.94	58.19	19.93	33.15	44.03	36.18	23.92	41.06	33.95	96.43	96.76	71.03	85.70	19.54	0.00	6.48	35.65
17.52	3.72	4.18	87.53	3.01	9.92	6.77	3.51	7.44	9.18	51.32	61.28	52.04	43.20	45.52	99.75	61.93	62.04	34.70	7.43	30.30	31.23	55.99	36.83	56.02	52.90	26.10	29.19	50.52	46.97	23.83	50.94	35.96	73.11	86.88	60.12	93.79	13.45	6.67	0.00	28.00
44.96	28.48	35.30	66.80	21.92	31.41	37.28	24.73	32.70	32.80	50.08	56.21	45.63	61.51	64.48	68.89	45.62	43.13	29.23	37.62	27.49	29.88	55.66	34.51	42.56	53.72	43.20	39.31	56.81	62.39	37.93	70.65	40.85	73.65	76.46	54.59	72.01	19.81	30.23	28.63	0.00
~
Delivery quantities;
16 0 2 0 1 0 20 0 0 0 6 4 4 0 2 2 0 2 2 0 1 0 1 6 6 4 1 1 4 1 0 2 3 4 3 2 2 1 6 2 
~
Pick-up quantities;
4 18 4 12 0 8 36 36 36 18 12 0 24 30 8 16 8 6 4 6 0 18 0 8 8 4 0 0 8 0 12 18 8 0 4 0 12 8 12 18 
~
Vehicle capacity; 
100 100 100 100 100 
~

