Cost matrix;
0.00	8.41	11.25	9.74	99.88	12.12	11.55	17.42	67.17	78.24	71.36	67.91	46.39	51.09	46.16	46.99	55.14	51.02	89.33	78.41	73.28	52.26	33.45	25.80	11.78	37.24	51.09	114.00	46.43	45.21	40.79	19.17	54.17	62.99	17.55	81.23	50.66	29.29	15.68	103.53	96.50
10.03	0.00	3.67	2.14	85.22	3.53	3.39	10.16	60.70	72.61	70.41	71.54	49.35	45.51	40.67	42.95	47.42	46.02	72.11	74.83	75.48	52.18	28.29	22.04	6.42	26.93	45.67	84.12	47.16	49.37	46.05	25.53	47.50	63.01	10.24	70.71	43.31	23.24	10.47	99.03	93.55
11.47	3.68	0.00	5.41	81.04	2.81	1.15	7.88	70.08	73.15	58.64	65.90	41.69	45.98	38.52	41.68	36.48	41.06	65.50	70.21	60.43	46.80	29.76	21.70	4.21	24.55	43.91	100.92	62.07	60.18	52.52	26.19	36.09	54.33	6.23	58.03	45.39	19.78	7.32	107.90	83.57
9.00	2.35	6.12	0.00	75.27	4.54	5.51	15.48	75.58	78.84	63.43	73.29	51.74	51.14	43.74	39.81	41.98	43.86	70.25	78.20	72.46	47.27	30.81	25.72	8.36	30.15	43.72	95.71	50.46	48.87	56.23	21.17	49.90	58.18	10.94	72.57	43.40	22.29	14.68	111.31	93.05
100.02	84.31	77.83	85.99	0.00	85.26	74.80	64.90	57.25	61.74	58.88	52.69	43.48	38.95	40.64	51.43	54.30	63.47	66.87	72.72	67.55	100.77	110.25	70.54	74.77	55.00	54.49	44.12	140.22	131.54	130.77	115.46	46.61	55.99	66.16	64.37	46.50	70.72	70.68	32.91	47.50
12.10	3.45	3.03	4.26	92.97	0.00	3.99	10.17	64.23	60.65	69.82	57.02	43.14	49.32	45.92	36.38	41.59	36.00	59.91	71.88	61.87	45.39	30.86	24.60	6.97	29.91	44.23	94.99	48.88	47.84	58.03	24.47	44.66	55.21	7.13	62.39	47.12	22.08	10.30	105.62	92.60
11.57	3.33	1.22	6.08	86.67	3.43	0.00	7.68	57.89	75.79	64.46	69.25	45.70	46.34	40.64	40.53	42.44	37.38	66.94	74.26	75.34	43.90	33.92	19.86	3.63	27.84	42.38	90.35	53.70	57.80	57.52	29.34	39.86	56.83	7.64	58.15	42.11	18.34	7.62	104.42	81.46
17.31	10.46	8.70	14.93	73.19	11.00	8.98	0.00	60.40	69.11	63.12	58.13	33.91	33.88	30.21	30.99	35.38	36.25	64.72	62.78	73.36	54.09	36.44	11.64	5.01	15.77	31.62	94.00	59.17	69.92	68.28	32.87	34.53	51.14	6.33	56.57	37.41	20.62	1.39	95.40	68.44
76.93	74.19	63.71	70.62	52.27	63.02	57.52	55.94	0.00	6.80	8.90	3.56	62.53	51.69	64.63	22.51	23.72	27.63	14.28	15.52	14.03	74.07	65.42	62.25	68.19	42.81	23.97	37.12	123.71	124.13	117.53	95.64	40.07	9.13	58.40	3.92	58.74	44.42	57.45	55.44	24.95
79.19	73.62	75.17	66.14	69.48	67.18	65.01	65.44	7.91	0.00	4.62	6.33	58.49	71.25	58.80	25.43	27.24	29.74	7.87	8.49	7.88	56.48	68.41	68.46	70.80	54.37	25.69	33.11	122.11	107.21	109.54	89.19	44.22	16.34	58.97	5.67	69.85	52.44	60.79	51.27	32.53
67.38	66.30	58.36	61.23	67.71	64.87	55.91	56.92	8.83	5.83	0.00	4.46	54.77	59.77	58.62	22.41	24.09	23.12	9.04	8.59	9.10	63.70	53.26	63.11	59.51	49.11	22.95	45.66	118.09	115.01	115.21	88.37	35.79	15.50	51.67	4.37	65.93	47.33	58.13	51.97	30.53
83.27	67.82	59.06	60.08	58.66	60.71	61.21	65.14	3.13	5.49	4.93	0.00	54.22	63.39	59.08	26.64	21.72	22.00	11.15	12.17	12.78	57.84	64.25	62.76	69.71	41.28	25.75	33.41	117.71	128.84	122.10	89.47	32.38	10.70	54.95	0.46	54.24	41.53	59.87	53.82	29.89
42.87	48.98	40.44	42.23	45.32	43.45	41.12	29.46	59.54	60.10	58.59	66.23	0.00	0.62	0.15	41.75	37.62	42.24	68.47	72.76	71.01	78.96	77.05	21.47	35.06	21.56	37.10	74.06	87.20	101.29	88.34	73.58	24.87	47.79	39.73	56.77	1.16	45.50	35.04	74.79	57.41
43.02	41.82	37.17	48.84	42.59	40.80	38.63	36.37	63.56	62.09	55.39	56.44	0.71	0.00	0.68	40.38	37.35	35.73	76.86	73.95	73.66	89.30	71.81	20.10	39.80	21.66	37.37	72.91	96.37	85.50	86.06	59.95	19.39	48.92	41.82	62.02	0.40	35.70	34.62	73.36	67.64
48.56	48.41	39.91	51.77	44.57	50.11	41.50	33.26	55.23	64.17	60.77	56.35	0.12	0.70	0.00	36.91	40.68	39.42	62.25	63.39	62.49	81.03	75.51	22.30	43.87	21.30	40.43	69.55	104.85	101.71	96.42	62.75	23.70	50.15	36.90	61.42	0.98	42.83	38.49	63.30	57.87
47.87	42.39	34.36	39.39	53.05	40.45	36.39	31.37	24.42	28.09	24.41	26.99	42.30	45.19	46.28	0.00	0.41	0.24	31.80	29.98	28.95	58.92	49.10	40.12	42.02	22.82	0.21	55.36	101.11	91.02	87.73	74.53	18.86	21.02	35.52	21.58	39.39	20.34	33.38	71.56	41.84
57.85	38.05	44.09	48.47	53.78	44.20	41.75	33.14	24.57	26.53	22.95	21.99	40.10	45.81	39.08	0.39	0.00	0.65	34.03	32.12	29.97	52.50	51.05	40.14	37.97	23.21	0.67	50.70	81.80	99.18	97.22	65.48	19.65	21.76	28.80	23.64	40.78	20.51	35.93	60.73	41.94
51.09	47.23	39.66	48.62	63.31	42.43	43.15	36.69	27.20	29.02	24.37	27.10	40.43	42.34	36.47	0.23	0.57	0.00	34.61	32.38	30.94	49.45	46.14	35.33	35.40	25.98	0.36	51.63	95.27	86.35	83.94	67.48	20.91	20.55	35.80	21.71	40.77	18.81	37.92	72.20	46.48
71.61	70.90	72.27	80.42	76.14	75.78	74.00	72.95	13.69	7.44	9.51	12.20	61.69	71.19	70.28	35.29	30.28	33.69	0.00	0.17	0.53	64.78	66.69	73.32	77.73	58.61	30.90	43.47	114.98	128.60	128.01	103.55	41.81	25.02	55.31	12.86	62.79	44.08	74.47	63.36	42.06
81.64	75.81	66.62	69.35	79.15	66.89	61.00	69.06	15.43	6.84	8.12	14.21	73.97	72.04	77.45	32.22	33.82	31.35	0.16	0.00	0.68	52.48	61.51	62.56	64.52	52.37	30.22	42.48	128.45	102.08	111.03	97.66	52.33	23.37	55.33	11.25	77.40	46.22	73.59	66.41	36.60
88.46	80.71	66.35	63.81	76.32	66.18	65.53	74.88	16.80	8.45	10.66	11.55	72.50	62.11	73.87	34.73	32.66	33.69	0.52	0.62	0.00	60.88	57.13	62.18	63.47	60.52	31.17	39.10	112.13	107.17	125.57	98.21	45.50	20.55	61.25	13.66	74.37	43.18	76.14	63.62	37.35
55.03	47.48	52.96	47.76	103.32	51.13	49.24	58.99	65.50	60.92	62.56	69.13	81.70	75.45	92.05	47.41	49.42	52.68	64.55	56.09	53.56	0.00	19.92	63.84	49.56	64.12	53.19	88.23	61.58	74.94	78.69	55.99	75.20	76.35	42.28	70.02	85.88	43.88	57.19	120.67	85.97
35.57	34.59	32.26	26.91	102.30	29.27	29.61	42.30	58.86	72.25	62.15	66.07	64.12	63.09	71.80	50.16	45.25	49.44	61.99	60.15	55.56	17.24	0.00	44.62	39.39	45.81	46.27	94.87	56.63	50.15	59.64	44.76	57.16	60.89	30.72	66.19	67.02	28.99	43.09	112.18	94.46
23.59	23.72	21.03	26.57	64.47	22.71	18.72	9.83	60.84	58.65	58.99	57.83	24.57	20.71	25.86	41.16	41.70	32.57	65.50	63.34	74.35	57.50	46.84	0.00	17.35	14.03	37.25	93.29	81.86	68.16	65.19	42.18	28.50	52.06	19.80	63.11	21.35	22.31	11.81	81.13	67.55
11.39	6.01	3.56	8.74	82.19	7.84	3.11	5.37	69.68	59.75	56.28	57.80	40.27	42.88	36.12	36.38	40.56	40.87	62.18	63.09	75.46	48.28	32.61	16.04	0.00	24.07	44.75	95.15	58.68	63.29	51.91	30.82	40.22	56.26	6.94	64.70	41.23	19.14	5.37	95.47	76.83
31.13	29.63	22.43	30.11	55.97	29.62	21.59	18.97	53.77	56.38	50.38	45.54	21.03	23.10	22.57	25.42	22.37	21.98	59.38	53.26	54.95	63.10	48.32	12.89	25.55	0.00	22.70	79.56	72.14	88.27	84.83	58.57	13.16	39.32	16.90	48.63	21.49	16.77	20.04	72.84	61.34
53.25	47.72	38.95	45.67	57.23	40.47	37.75	32.22	23.72	29.16	20.50	20.95	42.14	36.69	42.10	0.22	0.53	0.38	27.52	31.41	27.83	46.16	46.69	39.07	42.11	25.79	0.00	50.60	104.09	101.54	83.77	69.95	19.69	19.76	29.18	24.70	43.90	20.16	39.76	62.72	46.66
116.87	93.23	100.68	102.53	51.41	106.15	105.60	78.31	36.25	37.63	44.48	33.66	65.67	79.06	64.22	55.33	53.48	59.21	44.91	40.63	38.52	102.62	103.01	83.56	90.53	62.07	58.55	0.00	153.47	131.14	166.78	133.81	52.84	30.71	77.59	36.84	77.92	75.31	85.10	23.98	11.43
46.88	59.07	53.30	55.00	128.31	57.47	55.69	59.78	126.79	110.59	102.52	123.70	107.55	90.63	98.83	93.41	93.77	95.77	123.16	123.88	108.89	69.53	55.83	65.01	66.05	76.66	95.31	138.54	0.00	10.87	11.02	33.08	97.23	112.06	61.34	120.97	99.78	63.43	61.44	173.19	134.47
50.40	48.71	55.66	44.45	123.87	47.31	60.57	64.54	105.69	129.47	127.46	106.87	95.15	97.65	81.43	97.02	89.30	86.10	118.56	110.37	103.26	68.46	56.06	66.54	60.23	77.21	86.95	134.23	9.05	0.00	0.28	29.04	93.04	113.20	59.84	114.75	100.79	70.98	55.69	153.45	120.03
50.71	55.16	61.97	50.61	145.86	47.17	59.21	60.69	122.73	125.19	115.85	108.74	99.10	104.22	98.37	93.39	82.23	96.16	131.01	122.34	115.05	65.41	54.46	75.91	52.77	79.43	81.74	141.30	10.17	0.26	0.00	25.85	88.57	103.76	60.04	119.75	80.43	70.09	64.84	154.12	132.50
20.63	23.12	25.46	26.44	97.91	29.24	31.02	36.87	97.56	99.54	92.46	85.46	61.56	73.15	66.19	72.42	72.60	61.83	98.21	91.35	93.51	52.59	36.93	48.77	26.82	53.97	62.75	112.91	26.61	28.39	25.42	0.00	64.21	93.08	31.54	93.56	69.71	48.61	30.10	138.86	108.40
42.73	46.45	35.47	47.22	44.77	37.23	34.75	34.45	32.29	45.45	33.69	34.88	20.68	23.39	21.08	18.00	20.48	18.74	47.00	43.78	42.61	76.05	58.24	24.64	40.01	13.75	19.41	55.25	103.27	97.55	93.95	64.62	0.00	25.63	30.20	36.45	19.12	26.04	33.86	56.11	43.09
63.82	67.31	55.55	64.64	44.43	61.54	53.74	51.45	8.35	16.98	14.22	10.47	47.42	49.41	45.93	18.61	19.08	21.65	23.47	24.10	22.65	76.49	60.26	47.59	64.11	40.82	19.39	36.56	126.36	122.11	127.94	77.54	28.97	0.00	53.05	10.89	46.51	36.18	56.81	44.71	24.35
19.13	10.56	6.67	11.02	72.45	8.91	8.28	6.70	63.35	53.63	60.05	61.55	34.11	36.75	42.12	34.77	34.64	32.65	68.21	53.78	56.90	50.62	32.88	17.74	6.91	21.22	34.14	84.06	61.24	54.07	65.27	37.57	30.42	53.17	0.00	59.85	38.70	13.55	7.94	89.82	70.82
80.77	70.63	56.49	69.24	66.73	61.36	65.66	57.27	4.12	4.76	4.78	0.47	54.99	56.82	59.03	21.18	25.94	22.18	10.99	12.75	13.47	65.90	59.97	56.27	62.18	46.83	25.55	34.43	125.29	123.10	129.75	100.25	39.64	10.93	58.22	0.00	59.65	46.80	68.64	53.83	30.94
49.88	41.94	42.34	47.61	44.29	44.37	43.05	35.91	55.04	63.54	62.29	63.12	1.18	0.40	1.04	35.26	43.21	42.29	75.07	73.80	64.02	85.19	61.96	22.84	38.44	20.25	35.47	76.46	90.02	86.01	99.79	62.21	19.92	49.53	35.79	64.07	0.00	43.41	32.91	69.00	65.56
34.02	20.39	20.52	21.01	64.43	21.17	23.02	16.60	48.84	52.08	39.77	38.97	42.54	39.83	45.04	19.14	21.50	21.00	51.69	48.17	54.61	42.95	30.11	27.83	20.28	18.02	22.86	78.83	66.07	72.94	74.31	50.05	24.77	39.53	13.97	47.06	41.15	0.00	19.51	87.81	62.91
16.36	10.93	7.29	12.75	64.96	11.93	7.22	1.46	62.92	71.43	56.85	58.91	35.92	33.67	32.95	35.12	39.57	37.86	65.07	59.62	59.39	55.08	41.54	10.04	5.12	17.83	35.46	94.93	62.36	54.83	64.74	32.19	29.40	61.52	7.94	67.26	38.24	21.30	0.00	98.18	79.86
103.81	105.04	100.82	92.04	34.61	92.67	103.63	96.93	44.51	49.87	58.68	57.82	69.51	71.72	58.36	56.68	59.38	65.50	67.37	67.49	61.87	105.40	106.30	87.32	94.83	77.69	61.10	20.83	157.84	133.41	157.04	133.44	55.10	50.31	81.94	57.37	68.06	76.15	86.36	0.00	22.54
84.75	78.32	80.53	76.98	40.62	73.32	80.79	76.18	23.07	33.62	35.68	31.74	66.65	56.03	63.89	47.95	43.76	42.86	37.16	33.75	34.85	92.60	97.49	76.80	74.98	54.39	46.70	11.96	135.19	135.25	124.77	116.05	46.65	27.79	75.04	26.02	58.42	65.82	87.18	23.94	0.00
~
Delivery quantities;
4 12 0 2 20 2 1 4 4 0 0 0 5 2 0 8 0 2 1 6 1 2 1 2 3 0 3 4 6 0 1 1 2 3 0 0 1 6 4 0 
~
Pick-up quantities;
36 36 48 30 12 0 0 24 0 8 16 4 12 0 20 6 24 18 0 4 0 12 18 4 18 12 18 0 0 12 0 0 12 4 4 6 4 4 6 12 
~
Vehicle capacity; 
100 100 100 100 100 
~


