Cost matrix;
0.00	20.08	15.62	6.14	8.37	15.19	9.38	5.27	27.02	11.48	8.53	78.04	79.20	73.59	47.25	44.81	54.57	66.26	29.29	42.78	45.50	51.24	31.51	69.72	64.40	62.16	46.91	100.80	111.34	119.04	23.39	45.09	10.00	30.86	9.52	30.51	62.71	80.47	69.14	105.06	53.00
20.16	0.00	7.84	16.35	11.79	11.84	12.84	15.66	17.30	5.96	10.38	67.02	56.24	64.51	30.10	33.90	29.45	41.60	39.17	50.90	30.96	31.64	17.60	42.26	46.61	47.80	51.95	84.09	103.86	94.12	26.58	42.70	10.09	11.90	8.07	59.04	45.98	68.76	59.14	97.99	60.90
17.25	7.88	0.00	9.96	11.93	4.63	15.21	10.88	12.07	7.80	7.77	61.35	56.65	55.12	34.39	35.32	38.31	57.76	40.46	55.07	33.12	39.30	22.93	55.91	57.66	48.27	49.08	93.20	83.80	83.91	22.50	39.74	10.52	14.58	7.74	50.11	43.68	68.17	60.99	79.68	66.92
5.39	14.16	11.45	0.00	7.81	9.34	9.47	0.58	20.78	8.88	5.31	74.54	62.88	73.71	48.96	40.76	48.08	60.30	35.37	45.29	48.85	49.98	28.78	60.92	68.39	65.01	41.09	92.27	110.04	99.75	21.49	41.43	5.48	24.70	6.02	44.63	61.87	88.12	66.55	92.07	53.44
8.05	13.80	14.05	7.30	0.00	14.01	0.62	7.09	24.44	6.53	5.59	77.88	76.07	65.98	43.64	46.95	43.89	61.91	29.03	34.45	48.11	42.20	18.82	49.62	52.69	55.64	43.99	90.33	94.94	96.22	26.69	43.99	4.13	23.53	6.23	46.68	51.33	79.74	70.67	108.85	44.03
12.27	11.75	5.00	9.11	14.24	0.00	13.02	9.66	11.12	10.24	7.93	68.12	70.59	64.72	36.88	37.29	41.02	56.01	41.64	47.67	41.93	45.03	27.02	61.59	65.99	58.61	58.60	87.84	110.90	105.11	16.39	34.49	10.71	19.99	9.42	40.70	51.96	71.88	58.13	94.95	70.42
8.51	10.97	12.69	9.67	0.66	15.79	0.00	7.74	23.25	5.66	6.04	65.07	67.14	71.85	50.08	44.09	44.40	55.81	27.59	40.96	43.42	43.97	19.68	51.79	61.51	57.72	38.90	91.07	108.12	94.67	28.84	52.62	4.35	24.80	6.52	45.09	49.66	81.84	83.10	110.44	51.38
5.12	15.38	11.04	0.53	7.78	9.05	8.01	0.00	17.22	7.20	4.93	78.42	66.04	77.52	48.97	48.30	47.93	65.12	32.89	47.29	43.81	49.63	24.92	60.89	57.78	65.15	44.77	100.05	116.91	100.92	24.19	44.43	4.76	25.16	5.44	39.21	53.50	82.23	71.46	95.96	62.01
24.51	16.14	12.15	19.09	26.05	12.43	27.91	17.90	0.00	19.93	16.96	64.70	60.98	67.71	32.53	36.38	40.27	52.00	57.52	69.31	39.59	36.33	31.78	55.09	63.58	56.02	60.60	78.20	90.92	101.76	13.35	22.14	17.59	14.83	16.37	54.21	54.40	61.39	52.94	80.41	73.12
12.95	7.27	8.22	7.70	6.40	8.85	6.23	7.49	18.20	0.00	3.42	58.47	70.05	69.50	38.45	35.25	35.59	47.71	36.76	49.72	36.72	42.41	16.10	58.03	54.52	49.71	50.72	79.02	100.44	87.49	27.05	43.36	4.03	15.99	2.74	41.80	52.08	70.78	70.32	98.02	49.17
8.38	9.38	7.08	4.94	5.78	7.12	6.86	4.34	17.54	3.41	0.00	68.44	71.63	60.26	45.06	43.27	43.60	54.75	32.87	47.36	37.45	41.40	21.21	52.19	59.67	56.77	45.83	81.79	95.31	114.81	23.52	44.29	1.65	18.59	1.09	46.84	48.01	82.32	77.55	96.97	55.86
88.50	61.28	59.64	74.53	68.26	66.15	68.40	80.21	57.96	67.12	70.69	0.00	5.98	7.54	30.45	30.74	29.10	22.94	76.28	102.26	26.80	27.55	54.82	19.84	21.83	18.75	92.33	19.69	36.19	32.28	84.63	70.62	67.05	55.82	74.93	115.00	35.42	66.59	50.81	54.50	96.56
82.85	51.70	66.38	68.96	59.30	62.35	69.01	65.44	52.55	64.13	66.49	6.56	0.00	3.34	26.53	22.30	26.61	23.08	90.07	104.84	21.73	25.10	54.67	22.17	22.63	19.71	105.17	25.26	42.70	39.06	82.27	70.70	63.60	42.92	60.40	98.85	40.50	57.70	38.07	58.74	78.93
78.08	61.24	61.64	74.20	61.59	58.89	68.35	75.75	62.43	59.10	68.00	6.79	2.99	0.00	26.95	28.32	24.51	21.38	77.94	93.13	25.39	24.04	49.04	22.43	25.58	21.83	84.57	23.75	36.60	35.31	78.44	78.71	66.00	41.78	61.86	98.33	42.44	57.32	37.60	55.44	98.11
49.34	34.34	37.19	40.71	41.71	41.16	46.42	48.88	36.11	42.09	46.54	25.98	22.54	28.34	0.00	0.37	0.21	21.47	69.56	69.94	0.29	0.38	35.31	23.33	24.51	20.42	83.55	43.82	54.70	52.64	56.12	52.36	40.83	24.60	41.28	93.46	27.47	51.60	45.05	70.52	73.23
45.67	34.90	33.71	40.78	41.53	42.83	46.29	42.88	40.00	39.07	38.00	30.39	26.39	22.68	0.44	0.00	0.36	21.84	64.33	72.96	0.65	0.72	29.75	18.83	24.90	21.06	75.05	52.44	54.33	62.50	57.27	53.67	41.25	22.82	46.21	75.96	27.22	59.45	42.15	64.87	62.82
54.76	29.76	40.11	47.40	49.54	37.21	44.38	52.69	35.15	34.90	44.65	27.43	24.88	23.99	0.24	0.35	0.00	22.18	60.30	78.84	0.27	0.30	28.98	23.68	21.57	22.97	79.08	49.90	60.11	56.16	48.98	51.91	45.65	21.63	45.96	89.95	29.42	57.88	43.69	62.00	62.53
60.76	53.04	49.65	67.72	61.56	50.70	56.72	59.62	50.66	49.57	50.93	22.94	18.62	24.23	23.17	23.70	23.47	0.00	61.16	71.59	20.12	21.83	38.34	0.47	0.73	0.12	71.37	32.54	60.56	54.98	76.63	81.09	57.02	36.13	54.44	98.24	17.56	82.95	57.83	70.99	62.81
33.12	33.70	43.42	32.83	24.03	43.10	26.10	36.62	47.19	31.00	35.84	90.32	89.25	78.15	64.86	66.92	68.35	62.34	0.00	12.78	68.23	60.18	25.91	58.14	72.16	63.27	12.73	98.28	114.60	118.62	62.07	75.30	31.36	48.63	33.81	49.54	53.28	111.51	102.36	135.36	22.53
44.69	47.73	53.65	40.61	34.16	50.43	42.82	44.67	64.88	41.94	43.09	85.15	98.61	94.23	66.69	72.21	71.03	83.59	13.75	0.00	79.27	78.34	36.88	72.24	71.67	83.11	0.27	99.78	143.20	133.99	64.16	94.88	47.85	53.23	44.48	44.08	66.15	130.29	123.78	139.62	22.93
54.89	35.58	35.97	45.96	39.74	46.78	45.57	43.05	36.68	36.07	42.39	28.00	20.88	23.13	0.29	0.71	0.31	22.93	65.61	65.51	0.00	0.13	33.79	19.40	20.33	21.30	77.71	44.57	56.12	63.47	49.05	47.79	43.78	22.30	39.46	76.26	30.93	59.00	44.93	71.67	80.37
53.29	37.01	34.72	43.24	42.45	39.36	43.67	50.67	34.70	41.66	41.16	26.31	25.05	22.42	0.44	0.63	0.29	18.81	69.25	70.73	0.16	0.00	33.35	21.03	19.27	23.47	67.24	44.27	66.78	67.57	54.60	58.11	41.80	25.14	39.57	89.70	27.31	54.81	44.93	56.54	77.35
32.20	16.24	26.06	23.81	20.39	27.79	17.12	25.78	34.73	19.46	21.37	54.88	52.98	58.52	28.27	30.10	30.34	36.86	29.12	40.21	28.85	28.41	0.00	35.36	43.89	36.13	40.65	76.50	95.38	100.87	49.60	55.45	22.07	22.09	19.87	53.78	33.04	89.18	68.20	89.07	43.36
63.57	44.47	51.76	54.87	61.23	53.86	55.58	66.76	62.27	54.91	52.89	22.36	18.38	24.95	20.84	20.42	20.01	0.50	70.87	70.52	19.99	21.18	43.43	0.00	1.14	0.60	79.16	34.96	56.15	54.10	75.60	77.08	49.85	39.53	56.60	91.87	16.84	69.32	60.29	77.90	72.59
69.99	50.12	47.55	68.11	50.06	55.53	51.09	59.69	63.26	58.80	54.61	18.96	20.21	25.00	23.73	20.67	20.61	0.71	58.57	71.76	20.98	20.13	38.32	0.99	0.00	0.52	76.96	32.12	63.27	59.19	75.01	80.89	59.87	37.44	60.67	102.60	17.62	74.02	63.35	68.37	75.90
67.97	47.20	58.02	60.52	56.20	62.69	51.63	57.92	57.94	55.00	51.05	18.09	19.59	23.40	20.40	22.11	19.33	0.11	74.11	71.15	24.51	22.17	34.41	0.63	0.50	0.00	79.32	38.41	55.70	53.22	64.83	67.11	55.62	40.13	49.50	100.86	16.91	72.05	55.24	71.19	63.26
44.45	48.93	52.37	44.59	38.91	57.62	40.57	43.16	60.96	50.83	49.93	87.69	100.74	101.82	66.92	74.95	76.10	83.59	13.92	0.24	68.39	77.06	40.94	79.67	71.51	83.22	0.00	122.58	138.58	115.77	72.31	84.77	48.57	55.15	45.49	48.53	58.73	138.18	114.95	148.78	19.81
89.35	71.89	73.43	94.02	85.97	80.24	88.89	87.86	86.90	77.33	84.52	17.60	24.31	25.80	42.30	47.73	44.25	34.04	98.13	111.20	50.29	42.14	64.51	37.25	33.70	33.84	117.02	0.00	27.84	28.64	104.03	107.29	78.81	61.33	81.10	135.48	49.77	67.93	63.26	54.34	110.04
104.97	99.61	90.67	106.35	104.68	105.09	108.43	97.08	103.28	104.07	100.61	41.40	39.62	31.69	54.58	57.85	63.89	58.05	128.65	135.16	57.69	53.41	100.97	64.92	63.75	52.99	126.48	27.66	0.00	0.57	91.02	98.44	91.32	73.25	99.11	131.23	71.22	68.91	53.72	33.44	130.16
105.14	84.25	85.33	107.48	116.73	88.14	94.55	94.89	101.92	95.14	106.02	33.99	35.41	37.28	58.80	58.49	64.89	51.33	107.09	147.78	55.72	59.37	81.62	59.24	55.06	59.01	121.25	25.18	0.60	0.00	107.60	91.08	110.16	82.24	100.01	147.51	69.11	65.52	45.40	38.68	110.91
22.77	31.56	22.27	24.15	31.30	16.44	30.12	22.60	15.00	29.06	22.45	85.24	82.84	74.65	53.97	55.29	45.72	74.29	59.20	63.69	44.61	53.29	49.07	69.49	64.04	70.35	68.48	89.99	107.09	106.37	0.00	18.11	26.22	31.22	24.90	45.06	70.43	68.65	62.44	101.78	71.63
47.05	39.09	39.59	43.97	50.21	31.65	46.48	40.31	22.37	38.65	37.06	78.98	67.51	80.29	57.96	51.83	48.40	72.20	78.26	87.59	56.88	51.48	53.10	79.43	67.57	76.64	84.33	99.18	92.01	95.95	19.31	0.00	42.82	39.38	39.59	68.31	75.50	58.87	54.80	84.04	88.22
9.39	9.02	9.73	6.01	4.67	9.07	4.38	5.60	19.68	3.20	1.61	73.42	63.85	60.97	41.58	45.60	45.86	61.21	29.43	48.22	42.06	47.53	21.32	60.51	56.73	49.36	46.66	80.73	115.56	104.72	28.87	46.95	0.00	24.51	1.88	39.41	48.22	77.19	73.40	93.09	46.28
33.39	10.37	14.65	27.49	24.13	21.24	27.13	23.06	16.76	17.72	21.41	49.62	47.99	47.64	19.64	24.61	21.75	41.25	48.61	66.26	23.83	23.52	21.10	37.42	37.42	39.33	65.23	70.93	72.00	71.05	32.98	42.37	22.48	0.00	18.07	68.54	38.61	59.08	56.78	80.92	58.67
9.15	10.14	8.51	5.65	6.59	9.44	6.23	5.79	18.36	2.64	1.08	76.60	65.79	68.82	39.21	41.34	43.41	60.23	36.00	39.42	46.69	43.95	22.54	55.95	50.40	61.30	46.50	78.54	108.75	91.79	23.29	43.49	1.91	21.47	0.00	46.31	55.14	86.28	65.57	97.90	50.29
38.19	59.39	56.38	43.84	43.58	51.04	46.65	39.33	55.35	48.33	48.65	127.30	101.91	123.04	83.87	85.92	84.87	107.83	40.70	42.07	81.53	94.41	63.48	105.16	112.04	99.29	46.32	134.61	143.54	147.87	51.09	69.92	44.84	68.92	50.36	0.00	87.97	112.77	121.28	145.70	73.05
51.81	37.51	51.38	53.38	49.74	59.26	50.67	51.75	54.25	47.75	53.03	41.98	39.42	38.79	33.75	26.63	32.99	18.90	51.11	64.79	30.25	33.14	32.56	18.29	19.20	17.40	68.45	54.42	73.14	76.28	77.88	78.59	48.79	39.69	43.42	81.15	0.00	86.90	73.66	88.06	51.66
94.99	66.42	72.12	80.56	76.50	79.67	97.13	86.26	65.88	76.26	89.82	63.85	57.19	55.33	51.71	58.61	64.85	65.97	104.02	113.10	55.37	64.35	78.66	69.96	83.63	84.66	117.83	69.65	63.16	61.46	72.06	58.75	76.44	57.55	80.70	121.77	83.98	0.00	20.00	29.49	132.57
69.05	66.00	55.33	78.02	75.54	68.88	70.92	68.69	51.35	63.89	69.00	52.63	42.81	43.65	41.09	39.81	36.05	59.41	90.29	97.37	46.03	38.77	74.91	55.82	51.79	57.00	98.03	53.62	53.88	51.04	60.56	55.68	73.39	49.67	63.78	109.50	62.79	18.02	0.00	29.84	104.75
119.19	100.43	82.21	107.85	111.92	92.05	107.82	99.19	90.81	105.94	95.83	55.22	56.22	45.15	56.64	56.97	60.29	77.84	139.16	125.48	66.12	59.09	88.51	76.87	64.45	65.25	149.56	51.67	35.50	32.30	84.55	79.69	96.68	84.99	106.66	140.29	97.07	30.77	29.40	0.00	147.38
57.73	60.49	65.73	62.89	46.05	70.29	41.97	54.57	63.99	55.80	55.61	77.28	89.03	100.87	64.80	74.37	68.28	70.95	27.25	20.52	71.99	80.46	39.79	73.28	61.93	58.68	21.07	105.28	112.28	120.06	75.33	83.45	46.92	68.06	58.66	72.42	49.56	119.28	122.13	125.72	0.00
~
Delivery quantities;
0 18 0 2 2 0 6 12 0 0 0 0 2 1 1 6 0 8 3 8 8 2 2 8 1 2 3 0 4 2 1 6 2 4 2 2 6 4 3 4 
~
Pick-up quantities;
4 36 32 42 32 24 0 32 28 12 12 8 0 20 0 0 24 12 6 0 16 18 6 24 4 12 0 12 0 12 0 18 6 4 6 0 12 4 12 8 
~
Vehicle capacity; 
100 100 100 100 100 
~

