Cost matrix;
0.00	11.43	12.38	17.11	14.01	12.37	0.15	9.85	11.44	20.22	66.10	72.92	80.51	71.12	59.61	66.37	40.64	52.16	11.50	52.90	50.08	52.81	50.20	56.00	39.27	41.36	45.12	32.17	46.94	116.66	115.49	125.94	19.92	11.26	17.65	18.04	96.43	72.77	86.17	71.32	25.67
9.10	0.00	3.13	9.27	2.89	2.82	9.17	0.42	4.37	8.40	71.22	69.00	73.26	74.17	62.72	59.11	46.02	43.44	22.47	60.48	38.77	45.66	38.08	55.94	31.53	36.34	33.47	24.81	44.93	101.07	110.62	89.12	21.30	2.43	8.68	9.35	87.99	64.23	65.27	57.44	21.75
12.10	3.24	0.00	5.44	0.43	0.39	13.27	3.73	2.09	11.13	67.55	70.32	66.38	68.54	51.67	52.42	53.07	43.59	25.50	72.63	39.35	35.19	41.70	46.17	38.37	36.29	31.29	19.96	35.96	93.64	111.08	104.16	18.88	4.37	4.93	5.66	80.04	56.72	69.65	66.21	23.52
15.27	9.45	6.33	0.00	6.00	4.98	18.44	8.01	5.01	13.62	54.76	65.89	52.77	57.55	48.07	58.68	58.91	35.29	28.34	70.46	32.17	37.56	31.50	60.22	31.66	33.81	34.16	20.69	40.42	98.33	99.81	104.92	19.46	7.38	1.18	0.21	87.65	61.34	70.70	56.01	23.75
13.08	3.59	0.42	4.85	0.00	0.34	12.41	3.46	1.89	9.55	60.72	59.42	64.35	60.41	49.33	47.84	53.33	36.65	25.16	59.87	34.98	42.88	38.42	50.38	32.32	37.38	38.23	21.19	34.68	97.48	112.40	88.67	20.01	3.85	4.99	5.23	90.61	71.88	72.39	69.62	19.68
12.67	2.50	0.39	5.19	0.38	0.00	11.83	3.40	2.24	9.92	71.76	71.14	57.37	69.85	52.55	56.48	55.63	34.23	24.22	66.70	40.73	39.63	44.35	49.47	33.44	32.16	37.32	20.23	37.70	103.22	90.62	105.80	20.01	3.92	4.94	6.28	86.31	64.45	68.21	70.69	18.97
0.15	9.96	11.81	17.36	11.19	12.12	0.00	11.40	11.24	16.99	72.27	68.35	73.67	70.32	70.95	68.12	41.87	51.43	13.78	53.19	47.38	49.22	46.64	57.32	41.11	38.25	37.38	32.88	52.08	101.63	98.02	123.65	23.75	13.23	17.92	18.83	104.06	71.04	86.94	74.50	24.98
10.53	0.43	3.35	7.74	3.91	2.85	10.78	0.00	5.38	8.88	62.52	73.24	71.57	65.52	60.61	56.60	51.35	43.52	24.94	63.47	43.34	42.24	40.53	52.23	30.51	33.72	32.38	24.48	40.61	112.77	100.62	90.29	19.06	2.58	7.12	9.92	78.35	62.58	63.34	66.05	17.91
13.31	5.27	1.94	5.33	2.43	2.15	12.18	5.67	0.00	13.14	68.81	72.86	55.51	74.71	49.37	52.46	47.49	40.69	26.90	60.16	42.55	44.48	35.71	57.25	39.87	36.96	38.02	23.87	39.58	105.84	110.00	111.02	16.89	6.16	3.81	4.48	78.28	61.29	73.53	72.91	25.43
18.70	9.43	10.41	13.73	11.10	10.17	15.95	8.90	12.90	0.00	52.44	55.73	63.63	67.29	45.83	48.62	65.95	50.13	30.70	81.04	32.73	31.92	37.91	47.52	21.97	22.42	21.54	13.04	30.61	89.66	102.38	105.97	29.46	6.70	11.12	11.77	65.57	59.32	68.63	49.02	11.03
82.59	74.14	60.03	67.67	58.73	57.04	83.86	65.64	70.04	64.26	0.00	3.31	3.00	3.55	16.46	20.36	109.51	57.82	97.81	124.70	23.86	22.28	22.03	55.62	41.32	45.53	45.79	40.04	25.40	34.38	37.04	39.92	67.67	68.13	66.66	55.86	26.56	0.40	33.08	28.42	59.24
82.86	60.74	73.68	54.38	73.37	57.64	76.52	66.29	67.98	61.62	3.32	0.00	2.15	0.63	22.07	20.55	110.78	66.68	85.07	130.86	23.82	24.11	26.15	61.98	48.81	54.23	44.04	51.16	25.54	37.69	34.74	37.70	77.86	71.50	61.86	64.86	30.27	3.57	31.73	29.17	53.78
73.97	69.24	70.92	56.96	56.01	55.74	84.41	66.14	56.93	54.48	3.01	2.25	0.00	2.85	21.61	21.17	98.84	60.42	82.30	121.92	22.63	20.81	22.83	61.40	47.74	51.57	49.66	44.63	22.07	33.61	36.35	36.87	74.70	69.90	58.36	53.12	31.08	3.25	29.17	26.76	56.46
70.69	72.84	67.48	68.99	59.21	60.96	87.80	61.19	59.72	54.07	3.73	0.60	2.90	0.00	22.23	24.86	112.08	67.53	82.07	145.55	24.99	28.43	29.07	63.13	49.17	47.51	43.98	43.23	27.90	32.08	35.05	35.37	78.75	61.13	71.54	54.25	27.58	3.30	34.28	32.26	49.29
71.34	61.13	57.65	48.55	56.48	56.46	62.03	58.04	48.55	46.85	18.12	20.92	22.80	23.59	0.00	0.14	101.60	70.74	76.01	127.17	21.45	21.13	23.19	40.32	33.43	27.76	31.47	35.10	21.09	58.17	46.54	50.39	61.60	52.43	56.86	45.44	26.54	18.95	21.39	13.81	40.58
73.48	52.40	48.03	58.92	52.81	59.84	56.78	58.42	58.62	43.52	17.45	22.79	18.42	22.53	0.14	0.00	109.72	58.72	82.38	116.28	21.39	18.99	19.14	38.46	25.96	32.22	30.25	35.68	20.83	57.94	52.13	47.01	75.24	54.11	55.60	55.83	28.64	16.30	21.25	12.73	38.29
42.26	56.08	51.68	57.83	57.86	51.20	44.55	55.99	51.62	66.32	104.44	105.42	117.38	119.85	111.45	116.13	0.00	70.15	34.93	26.58	80.17	100.69	87.28	93.20	85.78	75.22	93.89	67.60	81.56	157.52	168.42	161.53	39.12	54.55	56.34	50.60	143.62	107.84	134.48	107.20	63.36
47.06	42.71	37.33	30.65	43.12	36.39	44.69	37.55	36.34	48.85	55.59	62.75	61.39	65.33	70.00	57.49	63.08	0.00	53.61	86.38	44.71	46.19	41.64	89.80	59.64	57.38	61.00	41.28	37.64	80.29	91.34	104.10	29.42	43.99	34.12	37.28	85.73	61.64	88.40	76.27	58.23
11.50	22.74	21.39	31.55	23.02	21.31	14.11	24.16	24.28	32.79	80.91	81.98	83.02	100.55	74.23	71.68	29.05	62.51	0.00	38.40	57.85	60.95	70.56	56.14	51.79	57.73	49.62	48.97	61.96	140.42	118.10	129.64	26.41	26.93	30.84	29.88	103.51	96.63	83.26	81.71	36.15
54.37	70.76	63.59	67.14	64.89	69.64	49.56	67.55	60.38	77.66	139.11	129.14	128.97	119.41	130.55	118.67	30.24	100.90	46.69	0.00	114.22	97.54	108.74	85.30	92.37	99.97	103.65	89.55	97.15	177.83	156.17	176.59	60.81	74.41	70.84	69.58	147.44	128.00	140.84	127.03	90.57
48.15	38.12	39.53	35.99	40.12	41.72	56.12	46.27	38.23	30.62	23.84	24.56	23.76	23.69	19.56	21.73	84.10	45.71	71.62	111.76	0.00	0.48	0.62	47.96	29.88	30.67	32.00	19.89	0.14	66.12	66.25	67.93	44.07	41.26	39.99	34.56	46.94	27.08	37.20	36.93	34.18
49.54	43.53	43.59	38.14	36.82	42.09	58.13	37.92	44.29	32.87	21.67	28.55	25.35	29.60	21.12	19.95	93.07	37.90	66.85	114.07	0.54	0.00	0.35	55.40	32.96	26.78	32.29	22.95	0.53	61.40	56.05	53.08	51.42	40.62	32.76	37.44	46.36	22.52	43.77	33.44	30.05
57.23	41.09	36.84	36.08	39.26	41.82	54.59	44.22	37.33	35.06	26.73	26.43	21.84	24.24	18.41	18.81	99.86	44.55	62.19	119.31	0.67	0.34	0.00	55.28	33.55	30.90	29.44	22.01	0.50	60.61	59.83	58.63	44.97	42.00	35.67	33.55	42.32	24.50	37.33	34.14	34.53
56.07	46.13	51.53	50.56	47.23	56.71	54.15	51.81	50.99	40.85	60.65	63.80	66.96	72.65	46.39	42.55	106.10	80.56	62.26	97.70	48.39	49.63	51.66	0.00	20.92	22.70	22.95	43.38	47.82	86.08	97.91	90.58	66.63	44.23	59.43	56.41	66.88	63.89	42.59	45.57	30.13
39.85	31.96	34.95	33.27	36.59	32.68	46.83	31.51	31.96	21.64	51.35	42.87	50.86	45.56	28.69	26.67	89.26	60.81	54.28	82.52	29.02	27.61	30.15	21.02	0.00	0.54	0.31	22.21	34.41	80.40	83.27	88.82	51.96	28.21	35.44	32.82	50.82	48.66	38.00	35.10	12.75
38.11	36.03	37.43	35.53	37.36	32.53	40.66	30.09	40.08	23.13	40.81	52.80	51.34	43.86	33.44	30.96	93.38	58.76	50.97	84.96	30.29	31.10	31.44	23.36	0.50	0.00	0.19	21.49	31.88	92.80	81.18	70.01	45.74	28.73	35.50	35.46	49.50	47.71	37.46	33.67	13.00
43.11	35.45	33.85	36.46	33.54	36.27	39.46	33.24	38.42	26.84	49.53	44.89	51.61	52.79	31.38	28.39	85.28	65.16	46.08	91.77	28.35	28.86	27.64	21.58	0.29	0.22	0.00	20.62	30.32	90.52	75.05	86.11	51.49	32.28	31.64	38.73	50.40	52.14	41.28	33.99	12.60
29.28	19.82	21.80	16.49	23.09	20.76	29.33	21.56	21.22	13.77	42.45	51.17	43.60	52.05	30.42	35.80	63.85	39.09	39.90	89.79	22.92	19.16	22.57	44.36	17.66	18.41	17.52	0.00	18.27	71.23	75.85	73.16	30.80	19.92	20.29	16.96	55.89	41.55	55.43	48.28	12.23
54.84	43.11	43.74	35.93	37.30	39.16	49.65	37.37	36.24	38.44	26.50	27.75	25.59	28.57	19.77	21.21	85.62	42.25	69.67	98.31	0.14	0.46	0.49	52.79	31.35	31.56	28.75	22.10	0.00	53.71	59.98	63.89	50.59	39.36	40.54	33.17	50.58	25.37	44.91	37.91	28.97
124.47	104.90	110.57	98.19	94.24	108.63	116.33	112.35	108.25	105.03	33.06	32.24	38.26	34.24	51.22	50.48	139.81	97.57	122.19	185.38	56.88	67.04	59.33	105.34	90.72	80.76	88.79	83.74	57.32	0.00	11.03	11.10	95.71	98.61	105.63	83.43	36.12	40.41	54.96	56.34	90.04
126.50	103.06	99.97	92.93	100.43	106.84	118.28	104.37	107.27	93.57	32.08	38.61	34.00	37.54	53.31	44.56	140.54	88.66	137.57	169.76	67.47	65.87	67.62	79.84	69.44	78.11	86.87	82.05	59.75	10.92	0.00	0.18	105.34	101.10	98.79	90.41	28.89	39.15	42.07	52.95	80.55
109.95	97.33	98.57	94.51	108.61	93.92	121.69	106.58	88.96	90.54	32.70	33.93	37.73	36.21	54.70	47.66	156.10	87.23	132.82	187.32	60.94	67.97	67.80	101.56	70.84	74.57	73.45	82.00	55.76	11.24	0.18	0.00	103.73	91.23	92.31	92.74	27.13	34.88	50.58	42.87	89.95
20.41	18.80	21.46	19.00	19.13	17.45	23.70	20.34	17.67	30.97	67.66	68.66	75.97	71.94	66.93	76.31	41.86	30.66	26.05	70.04	49.56	42.89	53.15	80.73	51.63	47.53	47.62	39.72	54.33	102.48	107.83	120.53	0.00	25.34	18.47	18.60	85.92	76.79	84.48	83.91	43.00
12.49	2.53	3.45	8.64	4.18	3.76	12.31	2.16	6.09	7.46	68.52	71.00	62.82	61.02	53.07	52.78	54.38	42.39	26.91	76.06	38.36	38.40	37.15	49.46	34.03	29.22	32.08	18.75	44.25	102.31	97.97	94.10	24.27	0.00	8.63	7.31	81.92	59.15	65.38	66.20	16.09
17.70	7.42	4.82	1.14	4.83	5.27	15.79	7.47	3.15	11.45	62.63	60.59	52.73	64.49	50.78	56.23	52.75	36.11	29.38	75.51	36.44	36.59	42.26	56.61	36.96	37.64	38.47	17.50	38.00	102.17	87.68	95.29	14.59	7.92	0.00	1.46	84.87	55.69	75.76	59.82	22.07
19.61	9.80	6.26	0.21	6.19	6.50	16.52	9.28	4.77	12.41	65.01	65.79	57.73	60.46	48.27	46.94	52.65	29.31	28.85	64.45	39.90	37.85	31.60	48.60	39.10	30.10	34.89	19.08	31.33	85.54	105.09	102.10	16.54	8.05	1.41	0.00	82.05	60.33	68.70	62.56	22.79
87.86	75.39	91.97	70.68	80.85	77.58	87.56	82.07	91.51	82.33	24.68	31.91	32.76	26.60	25.50	24.28	137.62	83.60	107.92	143.41	46.92	44.98	41.93	60.98	47.31	55.17	60.75	67.83	43.66	38.85	27.57	29.66	89.31	83.90	76.74	75.54	0.00	24.80	17.42	19.60	67.11
79.45	58.21	62.48	54.17	60.62	59.12	83.23	66.14	63.66	54.13	0.32	3.72	2.88	3.43	18.23	20.31	104.79	64.91	90.89	146.36	22.41	27.44	23.85	55.83	51.85	50.05	47.20	45.96	25.11	39.58	35.43	36.24	75.13	63.36	69.19	66.23	25.91	0.00	29.83	24.81	56.97
87.89	69.73	77.42	73.39	76.31	72.80	88.65	72.80	72.68	62.66	34.08	37.15	36.98	32.30	18.60	16.96	120.76	85.88	82.04	145.43	38.87	42.43	36.60	42.65	43.35	39.70	39.32	45.27	37.52	57.31	45.08	50.00	75.53	63.73	63.46	75.66	15.56	30.82	0.00	6.03	53.80
81.71	62.09	69.57	64.77	61.23	72.26	75.23	60.24	65.32	48.85	26.37	27.86	32.89	27.23	11.61	14.31	117.26	83.37	86.37	141.41	31.74	36.63	29.79	38.56	33.12	33.83	31.78	42.11	38.24	55.93	48.75	46.20	87.87	60.94	64.10	62.61	21.19	24.93	6.16	0.00	45.01
26.67	21.14	24.61	24.71	23.04	22.24	24.77	20.90	20.70	12.27	58.59	58.85	49.68	51.63	37.44	34.00	69.18	55.60	43.55	76.25	33.35	30.27	34.72	33.58	13.74	13.10	13.55	14.27	28.64	89.30	84.44	93.81	42.46	18.57	23.11	21.40	67.22	46.76	50.80	45.51	0.00
~
Delivery quantities;
12 1 0 14 1 0 18 5 7 6 3 4 10 1 1 1 1 2 6 4 4 5 1 2 4 6 2 2 2 2 2 2 2 0 1 2 3 0 3 3 
~
Pick-up quantities;
0 0 4 40 0 24 0 60 36 12 12 0 4 0 12 24 0 8 0 20 12 12 0 18 6 0 0 0 12 6 4 4 18 18 0 12 12 12 18 12 
~
Vehicle capacity; 
100 100 100 100 100 
~

