Cost matrix;
0.00	97.93	15.55	7.98	18.78	5.84	8.42	81.12	76.50	77.40	38.95	115.75	87.81	90.62	82.65	86.74	68.85	123.00	75.99	90.36	93.49	76.65	66.11	72.17	69.57	110.31	98.32	100.36	126.21	116.81	83.90	53.41	64.29	28.72	50.41	45.82	66.20	41.42	71.70	28.51	124.61
108.51	0.00	87.29	84.61	84.50	97.10	87.07	30.20	33.87	30.80	84.84	27.19	45.61	43.87	62.69	66.13	56.04	37.72	40.77	40.26	56.93	43.60	51.69	37.19	32.39	26.03	0.32	22.65	32.50	34.00	20.38	138.05	121.18	99.29	142.38	132.01	182.79	129.46	149.02	141.03	18.25
14.85	83.94	0.00	12.54	5.94	9.57	6.87	58.46	57.80	67.28	34.69	107.45	63.25	76.15	72.43	59.85	65.14	110.37	62.12	73.51	77.16	62.48	52.06	66.51	63.20	91.84	91.83	83.67	86.54	96.17	65.34	64.09	66.89	31.31	61.77	58.34	70.52	51.64	81.51	43.30	89.04
9.98	90.24	11.38	0.00	11.55	5.59	4.30	67.69	70.84	60.09	28.57	107.02	79.11	74.76	65.40	63.64	74.06	113.20	76.71	69.90	76.92	77.09	49.30	80.26	69.73	99.85	106.32	88.84	107.92	115.49	70.87	44.37	49.29	24.77	44.82	51.97	72.62	48.09	77.96	37.51	108.78
16.59	83.98	6.67	13.88	0.00	13.98	9.64	54.56	63.97	50.56	28.92	81.82	66.54	70.04	56.02	57.69	54.61	88.94	63.53	62.65	66.98	56.32	52.72	54.08	67.19	85.00	77.41	80.30	101.22	92.93	73.66	56.10	71.85	37.66	66.23	55.67	86.72	66.16	81.22	50.20	85.70
6.48	90.85	8.65	5.35	11.50	0.00	2.98	78.79	79.68	61.82	40.76	117.06	83.48	83.04	63.92	75.95	67.30	112.61	81.26	65.64	93.52	69.89	55.89	73.17	80.60	111.09	100.95	83.33	118.17	103.08	72.36	53.00	59.03	31.96	45.60	48.31	69.78	45.27	74.63	36.61	104.22
7.93	94.86	7.12	4.00	10.86	3.13	0.00	72.46	59.82	65.79	31.94	103.57	68.51	69.27	66.03	65.38	68.25	114.34	62.02	79.44	88.09	76.96	49.22	67.52	72.29	96.04	100.74	77.41	111.38	105.56	76.44	47.45	56.16	26.33	48.95	58.33	72.25	47.64	68.28	34.94	91.03
77.87	28.76	56.34	71.04	52.23	72.20	66.96	0.00	2.46	3.68	54.76	32.05	12.22	12.44	30.02	33.56	35.89	29.87	11.11	13.56	26.66	13.88	23.27	4.15	0.13	50.31	29.52	47.64	38.39	36.25	13.90	103.05	109.32	97.68	129.50	132.09	141.53	128.15	135.61	113.77	32.05
71.71	31.53	67.45	70.55	55.77	78.85	64.75	2.96	0.00	1.63	50.85	38.07	8.72	10.99	32.01	27.52	28.19	36.11	9.79	8.92	27.36	9.23	21.72	2.44	2.80	55.59	33.68	41.30	32.69	37.35	17.25	107.89	98.60	86.87	112.32	110.85	127.43	117.46	149.14	99.44	33.46
79.41	33.61	56.46	69.26	52.70	66.02	58.81	4.13	1.64	0.00	44.38	40.85	10.73	11.19	31.97	27.52	31.35	39.61	10.33	10.02	26.73	10.46	18.29	3.26	3.73	51.88	32.75	42.93	35.97	41.36	14.48	94.07	94.40	85.85	110.96	110.67	156.83	124.49	128.59	106.55	40.02
45.06	81.07	30.46	35.24	27.67	32.78	37.75	47.28	54.14	48.37	0.00	78.96	47.58	44.81	33.98	34.56	34.15	72.60	50.67	45.00	53.12	42.79	30.07	42.79	51.69	106.78	73.04	91.98	71.82	79.06	54.01	54.30	53.83	36.75	70.55	89.24	108.91	91.68	105.39	62.81	87.90
123.73	26.63	110.63	92.46	89.76	101.36	104.64	36.04	38.61	40.08	79.58	0.00	39.32	35.03	55.71	60.89	60.62	12.41	32.40	35.21	42.36	38.51	53.96	34.23	33.83	42.34	26.95	40.76	10.43	13.05	29.71	150.12	156.20	118.70	150.54	150.01	154.41	131.85	198.05	151.73	10.47
82.02	36.39	62.49	66.71	66.56	81.93	78.18	11.54	8.67	10.84	46.15	37.79	0.00	0.22	19.73	23.03	22.90	33.86	0.74	0.39	17.13	0.59	19.88	8.02	12.85	57.53	36.95	55.57	30.98	34.01	25.60	118.59	98.41	74.24	105.13	111.55	134.05	121.69	143.94	111.37	40.74
80.47	41.24	67.92	75.00	69.97	75.01	76.46	11.63	11.05	9.95	52.98	38.84	0.23	0.00	22.05	22.61	21.75	34.25	0.78	0.26	17.68	0.44	18.41	8.31	13.37	64.08	36.66	47.53	32.78	33.39	23.99	101.03	96.85	74.31	108.57	127.19	159.09	112.06	137.15	104.73	42.56
85.73	68.85	67.03	60.50	57.15	79.89	63.21	31.71	25.97	27.22	36.43	58.95	19.83	20.91	0.00	0.48	2.35	41.33	18.38	22.48	19.83	22.68	15.08	28.75	28.61	93.26	66.90	67.15	46.39	52.39	49.08	103.90	78.80	79.61	110.23	115.73	132.36	127.31	140.63	90.45	64.30
74.10	61.72	58.32	70.23	59.38	69.40	65.77	34.76	29.49	26.23	33.75	53.84	19.86	20.96	0.51	0.00	1.94	53.08	18.89	20.30	19.95	19.60	15.19	27.61	30.96	77.35	67.96	76.49	42.26	51.49	46.66	97.84	94.25	71.33	91.95	132.43	140.55	115.05	145.09	108.11	67.47
79.22	66.69	66.80	73.33	68.81	76.50	78.96	30.81	28.55	28.39	40.97	55.98	23.59	21.85	2.34	2.19	0.00	43.26	20.26	22.30	18.37	20.21	16.21	25.77	29.37	93.42	67.60	80.39	43.39	50.98	48.72	91.51	87.82	80.81	117.03	116.66	120.74	115.12	145.79	88.64	58.65
100.64	36.71	105.98	110.53	91.42	118.30	96.94	29.66	35.37	35.95	70.82	11.74	31.22	28.81	42.11	52.07	48.30	0.00	31.65	29.11	28.79	33.99	48.12	29.63	37.84	60.42	36.37	61.18	0.17	0.75	36.17	155.40	130.69	115.09	155.19	145.90	168.30	137.53	168.56	126.31	22.85
80.31	36.88	63.43	78.34	62.36	77.27	74.17	12.42	9.87	11.11	52.26	41.03	0.65	0.88	21.75	20.71	18.62	33.00	0.00	1.00	18.77	1.27	17.32	6.96	12.49	64.29	41.43	59.15	30.12	33.88	24.45	112.52	116.46	81.65	123.72	108.18	140.39	107.47	156.21	117.07	42.28
83.81	42.57	70.72	72.89	66.49	69.07	68.83	11.53	9.46	10.34	51.96	31.56	0.36	0.26	20.45	21.83	22.59	32.79	1.07	0.00	18.29	0.21	17.80	7.86	12.93	63.97	38.41	57.96	33.88	31.25	24.54	101.25	100.69	96.16	120.85	110.55	134.43	108.20	160.29	116.03	40.62
96.57	57.17	83.42	75.95	78.11	89.89	73.78	28.30	28.21	25.30	58.79	41.00	16.55	15.60	17.49	19.43	15.71	34.16	15.79	16.30	0.00	19.07	26.50	26.34	26.39	72.41	56.14	67.61	30.47	29.86	39.11	116.84	100.11	100.24	126.16	133.32	137.48	120.92	134.61	110.61	46.10
74.81	43.21	69.96	72.88	55.71	66.37	80.31	11.64	9.69	9.64	47.45	33.82	0.53	0.47	22.91	23.86	23.28	31.91	1.34	0.19	17.84	0.00	18.70	8.55	11.96	68.13	37.82	50.98	32.46	28.92	26.28	116.36	107.49	87.70	102.97	132.70	135.19	121.04	148.54	95.18	38.93
62.69	47.58	46.16	59.26	40.82	55.69	51.96	24.68	17.63	18.76	33.08	54.34	18.28	16.25	17.74	17.10	16.91	44.18	16.93	17.47	24.50	15.83	0.00	21.91	20.79	79.54	52.47	62.01	54.57	53.05	35.19	89.80	84.09	65.83	94.82	97.00	142.49	102.06	136.83	95.61	57.96
89.13	32.03	69.91	74.40	61.39	65.95	75.79	4.67	2.55	3.57	45.24	31.60	8.84	7.55	27.45	27.28	31.21	33.15	6.90	8.01	23.91	8.48	18.13	0.00	3.67	62.58	36.64	49.18	29.12	37.62	16.02	104.54	108.80	77.21	127.84	110.30	147.35	106.58	141.93	106.81	34.27
71.19	30.09	70.24	63.69	58.44	76.10	64.94	0.13	2.77	3.36	56.16	29.95	12.12	10.60	27.68	31.21	35.19	38.08	10.57	12.89	28.08	13.39	23.20	3.97	0.00	47.63	33.60	40.14	30.04	35.79	13.72	106.94	98.62	92.16	111.10	130.58	127.11	128.80	127.87	98.19	35.94
94.29	23.69	103.26	91.35	89.86	111.78	110.63	48.68	49.68	60.73	83.96	42.74	58.02	60.08	87.13	79.11	78.50	55.75	62.99	63.74	74.12	62.78	69.14	55.71	54.14	0.00	23.02	13.31	62.52	56.12	36.05	165.43	152.52	112.55	148.89	144.05	169.73	132.99	161.67	144.61	39.72
108.99	0.34	93.38	88.19	80.05	105.61	86.42	32.99	30.35	32.59	87.19	24.18	42.21	39.36	64.07	55.80	55.61	34.77	37.20	45.65	48.71	35.50	55.21	36.56	27.48	27.01	0.00	18.69	33.80	37.74	19.40	128.63	142.55	109.86	161.54	153.40	176.70	117.96	178.48	123.78	15.76
106.42	21.34	72.19	82.68	69.10	92.00	77.78	46.08	45.53	45.56	90.33	50.45	57.69	56.13	81.67	66.40	78.96	53.42	60.54	59.01	75.37	47.52	56.21	40.40	38.99	11.67	22.43	0.00	54.82	51.44	29.79	121.73	121.50	110.51	129.15	137.44	152.88	131.83	174.51	139.92	36.53
103.07	39.96	105.95	98.10	100.72	112.46	101.33	36.88	36.78	32.86	77.29	12.22	30.71	31.06	46.88	43.66	49.44	0.15	28.76	31.43	34.30	32.40	55.09	31.22	36.80	56.39	33.49	61.27	0.00	0.57	30.61	150.69	151.07	113.48	152.96	149.47	189.99	130.97	171.80	136.09	25.30
122.49	31.78	89.46	98.40	94.67	106.80	111.23	32.08	31.33	37.95	79.62	12.60	32.46	35.87	44.39	46.18	50.53	0.65	33.82	31.25	28.90	33.59	46.94	35.90	37.08	55.90	35.01	59.00	0.57	0.00	33.69	151.05	125.22	127.08	148.28	152.01	190.01	142.26	173.50	122.42	23.71
80.99	19.07	75.28	86.20	65.56	78.76	78.63	13.12	14.67	18.29	67.82	27.46	20.86	26.17	40.49	40.32	40.63	34.44	21.93	22.67	37.27	23.89	37.68	16.69	11.18	34.16	18.43	33.85	35.51	31.59	0.00	131.94	110.48	95.81	121.76	133.84	134.89	122.26	145.39	116.33	26.15
43.37	151.15	52.75	45.85	66.51	45.11	55.97	115.38	94.08	106.96	61.84	144.71	106.02	109.87	86.23	82.61	97.34	121.04	107.70	97.44	115.51	113.20	86.99	116.65	99.45	159.62	132.72	148.04	122.35	125.46	115.16	0.00	15.83	25.31	11.31	57.01	51.68	62.30	47.11	30.06	162.59
59.73	144.31	71.24	50.70	64.77	54.66	55.70	106.22	113.11	91.62	63.45	153.68	109.08	100.97	97.32	96.08	101.15	145.59	113.86	97.73	98.56	92.69	95.03	105.13	117.91	161.59	132.42	138.89	142.25	132.05	125.99	14.35	0.00	35.47	32.29	61.22	64.53	77.90	69.19	40.05	153.82
24.61	109.49	38.20	25.92	33.42	25.98	31.19	87.29	81.19	76.16	34.79	135.85	88.23	85.73	75.29	76.81	68.28	107.37	85.84	80.42	97.07	87.31	62.17	75.30	90.23	132.61	125.70	102.59	121.77	117.77	89.23	24.89	33.70	0.00	29.23	56.30	58.00	59.62	60.68	22.46	118.30
43.36	151.52	61.19	56.21	56.74	46.68	54.89	114.19	103.93	105.81	72.09	155.60	101.52	100.65	105.22	90.04	115.63	143.25	120.73	113.38	105.99	101.56	97.77	101.25	114.10	155.26	124.68	151.23	145.32	129.83	128.01	12.14	31.88	32.80	0.00	44.77	34.20	55.12	35.23	20.87	154.59
37.33	129.92	61.53	56.46	62.20	45.16	48.66	118.68	107.83	118.55	80.21	142.39	112.61	137.90	126.21	125.04	130.27	143.65	113.38	139.62	148.49	122.39	95.89	126.82	112.18	150.65	124.81	120.06	136.31	141.81	133.46	50.61	66.69	51.25	38.21	0.00	28.27	18.56	26.35	29.47	152.93
70.77	150.79	83.87	66.24	88.50	63.45	72.32	158.87	124.84	147.29	87.90	187.15	151.54	132.61	147.88	120.97	137.07	156.02	147.19	148.70	159.05	142.80	130.46	142.55	131.89	154.14	159.77	151.81	172.11	167.32	148.94	48.89	62.03	69.63	35.72	25.93	0.00	45.04	0.59	35.30	180.69
47.78	125.43	49.29	51.32	55.72	42.44	49.27	108.34	127.90	106.42	74.13	133.50	107.45	133.59	110.59	110.61	110.16	143.07	107.42	126.64	133.38	125.66	116.34	105.84	116.36	141.38	131.94	106.77	168.79	143.93	109.82	74.02	94.11	57.79	52.40	17.80	47.04	0.00	40.45	38.09	133.03
67.02	182.37	83.34	79.92	85.43	77.54	81.39	159.29	146.98	146.10	98.88	157.18	136.71	149.50	135.04	135.34	154.30	167.88	148.66	152.71	161.44	136.79	123.58	141.13	142.73	182.94	157.80	157.33	180.20	186.19	155.53	51.62	59.71	68.81	38.74	26.87	0.50	45.35	0.00	40.62	172.87
26.43	131.37	44.03	33.86	53.48	35.87	38.90	105.04	108.27	94.59	54.58	126.74	104.74	98.07	103.32	107.33	94.81	153.34	98.05	99.54	122.50	118.26	99.68	100.77	111.46	140.51	118.79	124.56	135.32	140.77	116.16	24.13	45.95	27.96	19.57	25.67	33.79	36.81	38.61	0.00	122.53
106.69	14.90	93.66	105.63	103.88	113.09	102.45	35.59	35.81	35.35	89.50	11.63	36.27	41.53	61.75	65.78	55.19	24.90	40.49	39.93	42.38	38.55	57.61	34.58	39.10	34.71	17.19	33.61	22.64	20.30	23.59	139.58	157.87	132.69	166.94	167.93	185.44	129.05	153.67	141.78	0.00
~
Delivery quantities;
7 5 1 16 7 6 2 1 2 10 0 5 4 4 2 0 0 4 1 6 1 3 2 3 3 2 4 0 0 0 0 4 3 0 0 0 2 1 6 1 
~
Pick-up quantities;
12 40 4 32 0 40 12 0 18 0 12 16 18 30 12 24 6 0 24 12 12 18 12 8 0 0 4 6 4 18 18 0 6 18 12 8 0 8 18 12 
~
Vehicle capacity; 
100 100 100 100 100 
~

