Cost matrix;
0.00	9.04	10.80	5.41	22.20	5.99	11.95	13.21	15.43	22.72	11.63	71.34	70.67	70.79	42.88	81.73	37.77	74.11	82.94	53.41	39.07	31.21	37.74	19.18	25.34	45.03	16.57	43.17	18.05	15.48	39.95	113.26	83.13	89.35	64.24	69.80	67.76	82.31	73.68	44.97	53.72
8.65	0.00	3.25	5.48	12.37	4.82	3.49	4.21	8.07	12.43	4.28	60.75	63.31	75.30	52.54	68.88	35.14	71.15	79.92	48.90	29.93	23.00	30.23	10.81	22.60	42.59	7.89	46.03	26.68	9.83	52.44	100.07	74.49	80.82	61.34	74.87	60.43	65.23	79.93	56.74	59.83
11.84	2.82	0.00	6.04	8.65	5.33	2.05	2.64	7.11	8.33	5.83	61.87	56.12	70.10	59.12	74.28	30.47	76.10	66.50	50.26	30.88	19.55	31.98	10.06	18.53	49.74	6.55	39.42	28.65	8.07	53.58	101.36	74.33	91.49	57.13	72.60	60.03	58.69	79.56	51.83	56.60
5.33	5.34	7.08	0.00	16.48	0.84	7.89	9.06	11.65	17.04	10.42	76.38	76.05	66.21	54.17	77.48	36.19	73.91	85.87	50.34	41.50	26.23	37.78	17.64	19.09	45.25	14.12	43.22	20.02	8.83	42.57	114.07	80.59	88.60	59.55	85.64	69.59	72.13	74.57	50.97	53.34
19.41	12.08	8.24	13.83	0.00	14.23	7.62	7.90	4.06	0.54	9.40	51.90	53.40	49.71	58.25	56.74	24.70	55.56	57.84	44.91	25.69	11.92	21.33	6.98	15.26	46.88	5.06	34.78	33.54	12.47	60.08	86.41	61.46	77.49	55.03	63.56	54.46	63.14	68.38	62.88	64.68
5.58	4.18	6.76	0.83	14.73	0.00	7.75	8.98	11.52	15.88	9.61	72.85	68.73	63.64	48.88	73.29	34.38	77.55	84.76	57.01	37.99	24.45	36.24	13.21	18.61	44.21	14.20	37.55	20.03	9.29	49.78	104.70	80.74	90.59	66.53	81.39	76.40	65.51	68.44	49.79	53.90
11.29	3.67	2.18	9.01	6.88	7.07	0.00	0.59	4.90	8.87	3.43	59.42	55.04	56.75	54.64	61.15	33.05	67.95	61.80	46.13	31.92	19.73	33.13	8.26	17.14	42.00	4.47	45.54	27.49	10.49	55.95	86.45	76.52	81.28	59.78	59.31	67.47	61.75	69.91	60.53	51.52
12.51	3.68	2.93	10.42	6.40	9.51	0.67	0.00	3.51	7.63	2.71	58.52	60.69	66.62	52.85	63.05	26.04	63.65	64.23	39.92	29.81	20.97	27.31	7.57	20.35	50.52	4.01	37.85	28.06	9.65	52.23	93.91	66.90	83.56	57.65	69.18	65.18	71.90	73.81	52.05	60.94
18.83	7.20	5.92	14.56	4.99	11.45	4.25	3.74	0.00	4.88	4.29	55.36	65.74	55.27	59.20	56.34	28.34	59.51	71.62	41.07	27.75	16.39	27.92	3.76	21.86	48.57	0.45	44.52	30.75	14.52	63.87	89.12	66.15	78.07	43.93	59.24	66.73	59.45	56.92	61.35	53.05
22.50	11.42	8.45	17.40	0.49	14.24	7.54	7.88	4.24	0.00	9.77	60.72	55.46	54.02	68.46	58.00	27.71	65.58	58.65	37.41	27.62	13.01	22.52	7.69	17.39	53.85	5.14	33.82	34.99	11.81	67.63	84.62	60.75	76.05	53.56	56.00	53.42	56.18	65.40	67.19	67.11
13.56	4.42	4.60	9.81	8.50	9.91	2.92	3.16	4.91	8.86	0.00	59.48	64.61	67.87	56.72	70.01	25.92	64.25	67.67	39.30	32.87	20.93	34.44	6.26	22.36	45.65	5.19	43.87	26.79	11.39	51.02	84.87	74.56	89.53	57.77	73.00	58.33	70.27	60.76	59.44	55.82
66.93	64.30	59.33	66.13	58.01	66.89	63.87	61.40	66.26	50.64	69.51	0.00	0.24	0.61	104.42	33.80	49.40	11.65	11.31	51.01	52.94	44.18	33.31	51.78	60.76	94.75	61.72	57.73	88.88	68.34	109.82	35.72	13.51	33.53	39.40	29.31	33.88	32.59	32.79	104.98	108.19
72.80	71.81	56.06	66.69	51.73	69.96	57.96	67.43	56.83	50.43	70.59	0.31	0.00	0.88	115.91	33.20	42.84	11.89	12.13	44.24	49.49	45.98	29.72	64.63	58.66	90.80	55.52	61.94	78.84	61.18	119.09	34.97	12.68	34.47	47.94	33.41	28.53	32.67	33.51	117.87	120.94
78.06	60.01	57.19	64.35	52.09	74.59	62.55	66.89	66.87	59.96	57.84	0.70	0.75	0.00	99.63	35.86	44.04	12.10	11.00	53.26	52.50	39.72	32.92	58.25	63.70	84.59	54.10	65.02	88.41	64.57	125.99	34.89	12.05	28.29	39.78	30.70	30.99	26.75	30.78	112.36	104.08
46.37	57.15	50.74	48.74	70.14	54.77	57.30	52.30	58.53	59.41	52.94	127.00	100.79	126.40	0.00	112.31	75.49	109.47	127.85	84.36	72.86	78.71	78.30	60.95	73.51	24.02	55.13	96.32	44.92	58.27	55.99	154.38	108.76	142.84	82.59	107.90	95.84	101.88	102.70	9.79	0.35
86.52	70.10	63.18	85.73	54.25	73.03	72.71	68.96	68.05	55.17	66.33	36.02	30.50	36.13	109.67	0.00	42.32	21.62	24.81	32.89	38.94	50.39	42.20	55.12	75.24	73.59	59.42	82.55	100.02	68.67	137.24	37.72	23.76	30.21	18.32	0.33	3.07	3.25	0.49	104.02	105.02
38.12	33.73	33.75	38.87	30.46	41.02	32.45	31.90	25.00	24.65	30.12	48.94	47.00	54.05	73.01	44.44	0.00	43.46	41.76	14.74	0.79	18.56	28.90	23.88	40.94	46.78	27.75	64.49	51.22	43.91	84.33	74.19	47.42	57.83	22.49	44.43	34.58	37.89	41.71	72.03	65.92
72.30	65.25	70.51	66.06	63.48	66.80	59.64	60.28	64.85	61.51	67.48	11.58	11.60	13.72	118.61	22.33	48.92	0.00	0.71	48.30	44.19	44.42	35.95	55.75	69.52	82.24	60.81	76.44	98.50	69.28	120.04	29.43	0.31	18.53	40.49	24.00	20.63	18.39	23.84	103.20	106.55
78.29	63.68	65.47	67.93	56.58	79.45	65.54	71.93	59.68	65.42	69.60	12.42	12.10	13.01	101.88	24.18	53.89	0.70	0.00	48.23	51.06	51.42	36.28	55.06	76.87	105.38	59.00	75.78	85.61	73.21	108.58	26.23	0.44	19.88	34.80	24.06	21.30	20.93	22.49	118.27	124.12
60.66	44.27	42.60	52.96	36.15	57.54	38.38	47.35	42.37	42.34	39.83	51.40	44.92	45.52	74.72	29.41	13.51	40.94	48.63	0.00	14.05	34.08	37.02	38.18	57.12	45.66	43.19	73.80	78.85	52.56	94.51	70.95	38.85	60.41	12.43	32.27	26.43	31.08	31.38	82.55	74.92
39.54	34.00	35.83	40.75	31.04	37.88	28.68	33.16	25.11	25.17	29.46	41.78	41.58	43.36	69.07	41.00	0.88	50.29	50.79	13.98	0.00	21.53	24.76	20.97	38.38	42.87	23.32	64.98	56.10	41.36	91.38	78.03	49.31	59.66	25.84	40.05	36.40	40.33	40.56	79.60	60.86
28.78	22.70	22.02	30.95	11.35	29.68	19.95	19.51	13.70	12.80	21.46	42.69	48.02	40.87	64.11	48.27	17.42	50.21	50.23	31.40	21.62	0.00	13.45	14.09	26.51	53.90	16.27	44.09	43.16	22.31	72.00	68.21	46.89	74.51	40.03	50.33	41.39	52.89	48.04	76.80	77.32
37.11	36.74	27.50	35.61	23.82	36.25	31.18	32.79	28.08	23.86	27.64	34.44	33.85	31.91	74.59	47.82	27.66	36.58	44.76	41.45	29.80	11.73	0.00	24.42	27.90	66.33	26.72	31.26	49.48	29.03	78.16	66.96	42.73	62.37	46.42	48.09	48.64	49.69	53.92	75.13	80.25
16.26	10.39	8.95	16.40	7.58	15.48	7.72	7.69	3.55	7.62	5.74	65.82	58.86	57.72	59.83	63.23	23.58	65.32	65.71	34.42	24.50	16.31	24.01	0.00	23.81	43.92	3.60	45.72	38.18	17.64	64.03	80.42	66.40	85.96	43.76	62.86	52.14	60.33	54.73	57.32	61.96
23.31	20.41	19.30	20.43	17.97	19.18	19.57	18.62	22.14	17.51	24.73	56.62	55.34	60.19	75.53	77.13	45.28	61.36	77.07	56.15	38.81	23.80	25.55	23.88	0.00	61.40	21.95	21.61	31.67	11.86	57.92	103.08	71.23	97.52	63.18	68.15	65.96	71.23	77.44	73.11	64.08
46.38	47.06	44.55	49.96	46.64	47.51	39.59	48.12	47.04	44.10	41.10	96.46	90.44	85.04	26.90	77.68	43.49	85.55	90.61	54.60	42.56	55.87	73.92	46.46	66.02	0.00	47.84	92.91	46.89	51.92	66.03	119.24	101.99	116.70	60.49	92.36	81.80	86.64	79.28	30.72	26.41
15.16	7.48	6.66	15.00	4.15	12.13	4.60	4.28	0.47	4.82	5.24	53.36	56.97	65.93	53.15	55.79	28.37	64.10	69.45	35.80	29.15	13.38	22.72	2.90	19.54	44.62	0.00	47.76	34.78	12.13	53.87	97.47	63.25	82.64	55.54	63.93	60.38	65.18	69.75	63.38	63.88
51.27	41.73	45.35	43.79	41.98	39.15	40.80	42.15	43.38	38.68	44.26	59.43	61.64	53.78	99.95	73.36	60.78	74.82	69.56	68.18	59.19	38.45	39.55	50.08	24.77	98.03	40.02	0.00	53.84	31.98	66.49	89.39	63.54	88.02	68.76	92.02	80.38	84.47	73.88	97.69	86.09
15.19	24.13	24.15	19.20	31.99	19.77	31.75	30.67	34.70	35.58	26.54	94.59	96.15	96.77	52.82	89.74	56.85	103.60	96.67	66.76	53.70	50.07	58.36	35.75	30.93	50.97	30.61	50.01	0.00	25.52	28.02	116.19	83.39	102.30	76.79	93.44	94.20	86.08	86.14	49.22	52.94
12.27	9.60	8.19	8.80	11.10	8.45	9.78	9.41	11.54	11.57	12.20	67.87	65.32	59.93	62.29	65.48	39.56	74.91	81.06	59.43	37.44	23.38	29.78	14.77	11.53	55.76	12.63	36.36	22.58	0.00	53.58	105.18	79.68	89.95	68.28	66.42	68.95	75.94	78.98	57.73	57.29
42.16	48.58	47.10	47.67	59.27	43.98	58.81	59.32	57.59	63.94	53.14	117.55	101.98	100.84	58.29	133.75	85.99	117.09	120.35	87.32	86.57	77.75	85.60	65.56	53.99	77.33	65.94	68.40	26.12	52.78	0.00	155.31	132.48	128.70	99.54	106.49	133.10	122.60	117.33	52.45	61.55
106.70	109.50	98.22	97.37	94.17	114.53	106.01	91.25	91.99	83.16	105.06	35.97	33.74	32.83	145.54	39.49	69.07	32.25	30.10	65.70	81.33	85.78	79.03	93.25	86.25	124.08	82.09	88.88	121.03	91.77	130.31	0.00	30.97	9.76	61.46	43.05	38.88	41.82	41.76	136.12	124.11
90.78	78.08	70.38	85.26	68.15	82.73	67.82	73.11	56.26	58.32	64.33	11.89	12.74	12.94	129.56	20.30	51.67	0.31	0.45	45.50	51.13	46.66	43.09	58.89	71.54	101.96	55.79	70.35	88.93	72.72	119.96	27.70	0.00	18.58	40.03	20.78	20.06	18.21	21.77	117.02	115.48
98.27	87.07	88.39	86.07	85.24	85.65	77.13	94.57	76.97	74.98	90.35	29.10	31.37	33.23	125.92	30.64	72.99	19.63	19.15	60.39	62.91	75.25	61.89	71.16	88.18	105.79	91.38	98.77	110.80	103.38	155.25	10.39	20.03	0.00	53.42	32.22	26.11	25.92	32.57	124.50	131.24
58.60	60.32	50.51	67.18	55.56	64.09	60.09	47.69	45.85	50.13	49.90	45.79	45.53	44.26	82.58	20.75	23.87	39.73	40.26	11.96	25.78	43.67	43.38	41.04	66.06	68.06	54.42	72.95	88.39	59.91	111.79	61.82	38.32	53.31	0.00	21.60	16.65	20.55	19.99	94.60	82.89
87.71	72.92	63.17	80.87	61.15	78.34	60.15	61.76	63.34	64.48	74.51	33.49	31.07	34.27	106.72	0.34	45.59	19.62	20.25	31.69	40.43	55.62	45.35	55.30	72.65	82.97	55.96	92.15	108.84	76.39	111.18	38.75	21.90	26.92	19.15	0.00	3.19	3.12	0.48	101.61	98.11
75.61	61.66	71.19	64.96	57.65	81.85	60.66	58.71	55.58	54.01	69.73	34.24	31.78	31.75	106.43	3.58	37.77	21.68	20.25	25.86	39.35	45.72	41.52	62.00	65.74	77.08	60.67	68.96	84.08	76.38	119.41	45.33	22.19	32.04	20.87	3.85	0.00	0.13	3.72	104.41	113.82
70.07	69.71	62.79	70.36	52.18	80.74	64.81	63.00	53.13	51.88	62.15	34.07	30.68	32.42	112.76	3.11	39.33	19.97	22.14	26.53	40.52	46.66	39.55	59.51	71.83	87.83	66.81	86.81	97.51	67.46	105.73	43.48	20.87	27.61	17.77	3.71	0.14	0.00	4.08	105.04	114.73
86.38	72.02	73.32	76.17	62.97	68.47	77.14	62.65	61.68	67.10	70.36	30.51	31.68	33.35	100.60	0.42	36.65	21.21	23.82	33.64	39.42	48.71	53.40	58.24	77.21	89.02	68.96	74.63	96.22	66.28	133.97	43.88	20.43	27.45	17.43	0.51	4.16	3.91	0.00	120.29	117.75
44.39	56.64	55.32	55.70	54.79	44.44	61.10	59.99	55.24	55.36	52.25	113.48	115.72	130.44	9.03	99.24	71.05	121.32	118.58	77.46	79.43	69.59	88.04	64.45	77.40	28.69	65.20	82.41	49.56	60.42	48.35	146.10	112.14	123.45	80.82	101.21	96.44	117.00	111.06	0.00	9.94
50.44	48.89	49.77	51.81	55.00	57.47	53.59	54.04	64.25	71.77	56.89	120.73	109.33	122.97	0.34	111.59	61.25	114.12	127.69	76.17	63.19	76.52	89.18	54.94	68.04	24.44	54.02	106.50	55.04	53.66	65.82	141.22	118.26	120.75	81.25	99.80	114.98	98.66	100.74	8.71	0.00
~
Delivery quantities;
0 8 0 8 10 1 6 8 4 0 1 1 2 5 1 3 4 2 2 4 0 1 0 2 6 2 4 4 1 0 1 1 0 4 0 3 6 6 1 1 
~
Pick-up quantities;
28 40 6 42 4 0 32 24 54 20 0 0 12 16 8 8 0 12 18 0 4 6 8 6 12 6 8 18 0 8 0 12 12 12 12 6 8 12 0 12 
~
Vehicle capacity; 
100 100 100 100 100 
~
