Cost matrix;
0.00	21.61	14.95	5.66	14.37	10.61	13.42	14.79	12.62	14.94	13.24	69.71	26.99	81.71	84.89	88.23	78.84	43.16	73.36	38.69	58.92	101.80	112.88	84.19	82.69	64.03	87.60	97.34	10.61	13.69	39.59	12.26	49.13	40.25	37.01	35.55	54.59	23.32	121.93	79.56	118.43
24.95	0.00	15.12	20.81	15.57	14.96	18.56	11.65	14.52	15.63	15.52	57.74	49.02	66.22	61.02	71.11	59.36	40.09	62.12	50.68	54.36	85.47	102.10	58.97	72.47	57.28	69.44	78.21	15.79	13.22	42.06	34.18	69.23	37.91	45.76	46.75	55.11	29.83	102.63	64.08	100.79
15.76	12.80	0.00	9.54	0.27	2.76	4.64	2.78	2.54	0.41	3.23	58.53	32.31	59.31	69.53	64.97	66.26	30.25	52.03	33.96	47.98	93.23	85.78	59.73	62.21	52.40	61.39	73.56	4.02	0.18	36.70	23.82	47.55	32.54	37.62	40.00	42.48	18.00	97.40	60.66	93.41
6.61	19.51	8.91	0.00	10.27	7.19	6.07	11.67	6.38	8.73	7.49	63.43	25.51	66.46	72.89	78.27	65.07	37.62	58.01	30.41	55.82	86.98	99.36	71.05	83.90	62.89	66.22	81.63	5.52	8.05	38.10	19.27	53.45	39.35	39.85	39.07	47.07	18.32	115.82	80.16	115.85
13.71	13.67	0.29	9.94	0.00	2.64	4.56	2.87	2.60	0.13	2.94	65.13	31.43	55.06	61.08	60.76	73.96	37.39	49.04	39.35	48.55	93.37	105.65	56.12	63.54	62.84	60.72	80.33	4.51	0.18	37.70	29.72	56.56	32.23	32.89	33.29	50.16	14.64	101.39	72.75	86.29
12.55	14.78	3.03	6.14	2.83	0.00	4.03	4.16	0.66	3.11	2.27	64.67	31.52	64.80	66.62	72.49	78.12	34.55	57.02	36.01	55.74	90.72	101.44	59.28	75.49	52.83	76.46	86.47	2.35	2.62	38.72	24.60	49.29	34.95	33.83	36.83	47.46	16.82	100.62	76.12	104.37
11.41	19.70	4.57	6.07	5.10	4.31	0.00	7.44	3.57	4.61	6.47	56.70	31.61	55.94	65.18	64.66	73.51	29.13	56.60	33.64	55.25	92.37	93.16	59.24	74.32	59.43	67.06	82.53	1.92	5.59	28.50	27.19	44.05	27.08	32.66	34.83	40.28	12.05	88.38	60.87	101.79
16.33	10.43	2.38	10.68	2.57	4.93	8.32	0.00	4.08	2.79	3.77	61.12	34.67	68.32	67.87	67.01	68.24	37.17	53.59	42.05	52.05	91.73	107.92	61.21	70.16	60.65	70.79	76.50	6.16	2.68	35.84	24.29	48.61	35.07	35.21	43.25	51.17	17.91	89.53	65.62	104.66
11.95	15.96	2.37	7.76	2.18	0.66	4.05	5.08	0.00	2.76	2.25	66.59	30.67	65.60	62.93	64.58	71.33	33.44	54.19	39.01	55.29	90.88	87.96	70.67	63.20	51.90	70.07	82.46	1.89	2.32	33.06	24.38	54.47	30.53	37.56	35.59	46.01	14.76	105.00	70.87	105.43
13.85	15.33	0.38	10.41	0.12	3.09	5.67	3.00	2.16	0.00	3.37	69.77	39.36	54.53	59.04	72.04	66.53	35.81	56.48	31.81	56.67	90.88	103.10	66.93	73.01	51.51	57.45	83.68	4.55	0.22	31.70	26.93	55.05	29.91	36.77	39.85	42.64	16.35	93.29	68.23	91.57
10.88	13.94	2.61	8.30	3.04	2.32	5.88	3.95	2.48	3.59	0.00	60.32	38.01	64.40	64.62	78.03	66.30	39.48	48.80	41.13	51.04	99.07	112.90	55.92	71.41	65.36	66.30	88.77	4.50	3.42	35.44	21.25	47.56	33.53	36.97	34.29	51.54	16.86	88.26	63.54	97.75
86.54	55.32	61.47	72.81	66.84	64.32	73.31	57.26	71.67	64.23	66.38	0.00	94.91	2.63	7.23	9.17	9.44	49.92	20.75	64.71	18.95	26.93	31.09	3.42	8.77	13.32	2.48	35.25	61.73	67.82	45.84	97.52	65.56	43.09	52.06	58.17	52.35	56.66	36.60	3.14	32.66
25.14	43.46	33.03	29.72	31.45	36.81	31.40	41.28	30.43	32.32	38.24	75.54	0.00	74.49	84.56	91.55	88.40	42.43	69.63	23.60	60.12	95.97	108.04	80.38	88.69	88.39	78.28	122.08	27.41	38.78	38.74	27.82	36.30	39.81	38.92	26.94	46.00	27.11	115.22	92.46	109.58
79.00	61.59	53.68	62.99	68.96	70.67	61.64	55.07	65.31	68.74	63.15	2.73	90.17	0.00	4.72	12.50	10.64	50.89	19.55	57.14	18.17	27.47	36.28	0.59	11.31	9.48	4.84	37.03	65.61	67.50	40.91	77.31	70.15	49.78	45.75	71.58	50.41	55.43	32.47	5.99	40.39
87.48	61.17	57.39	68.71	71.48	72.63	58.15	71.64	58.65	55.41	74.14	7.21	79.74	5.66	0.00	17.93	17.71	46.44	27.15	64.00	27.12	27.28	35.36	4.91	18.33	8.63	7.67	27.67	58.44	64.02	54.59	86.39	64.70	58.90	46.87	75.73	49.60	64.12	41.58	8.16	31.77
77.19	60.79	62.08	66.96	67.19	73.19	62.34	74.24	60.90	58.29	66.16	8.62	87.77	13.77	17.15	0.00	0.50	42.41	19.50	64.92	15.96	20.46	38.19	12.95	0.45	20.46	7.49	40.64	70.61	63.70	45.25	105.00	58.97	52.77	50.43	58.76	49.18	64.95	29.62	8.28	31.27
85.20	62.46	74.92	65.83	66.26	63.95	60.36	71.09	63.76	63.95	61.29	9.61	93.74	11.84	16.36	0.49	0.00	52.26	14.72	57.09	18.56	23.19	32.71	12.24	0.44	23.87	6.75	48.09	60.40	58.30	46.69	93.04	57.83	49.00	46.57	60.32	43.56	51.88	30.11	6.85	31.07
43.82	41.35	36.65	34.11	34.03	33.54	31.18	32.37	35.42	33.87	39.24	48.15	35.16	46.06	55.64	47.51	41.01	0.00	27.67	15.71	32.87	69.30	90.66	50.40	46.97	47.51	46.29	76.07	32.26	34.01	0.42	50.54	22.22	0.84	0.10	14.54	12.70	15.88	79.37	44.78	88.29
58.16	52.65	56.74	65.43	48.02	60.32	51.05	57.17	51.38	48.87	51.34	22.55	71.49	19.43	23.97	19.54	16.18	32.87	0.00	46.26	0.27	32.40	53.60	20.22	19.01	25.81	18.93	49.47	58.29	56.95	31.32	81.43	47.14	27.15	26.63	45.40	26.47	47.49	49.28	18.74	43.65
35.65	47.06	39.72	39.16	36.26	33.88	33.48	34.29	33.56	33.95	34.09	58.73	22.30	69.66	75.48	58.54	62.19	17.35	39.88	0.00	41.14	77.50	92.40	61.84	54.75	71.82	69.61	98.76	36.15	40.51	17.94	46.03	19.12	16.90	16.43	0.10	23.06	20.46	91.10	60.73	94.40
69.72	59.71	55.62	55.17	51.89	57.96	47.67	53.89	58.83	49.78	59.76	21.24	69.37	17.70	27.97	18.75	16.01	25.86	0.26	47.97	0.00	38.73	57.97	21.56	14.77	27.71	22.50	49.11	53.87	57.47	29.82	68.09	39.79	30.48	28.62	49.44	26.99	40.86	44.59	20.66	51.63
90.32	82.85	85.78	102.65	91.57	85.59	88.69	98.12	83.44	82.05	93.53	24.69	108.59	28.76	34.10	19.97	21.59	57.78	32.09	85.82	38.68	0.00	25.59	30.21	17.91	44.16	24.40	54.51	89.04	90.81	60.74	110.38	78.40	66.71	67.23	70.20	52.56	70.19	10.85	27.04	18.92
122.51	87.39	87.61	116.92	99.39	106.96	104.40	90.58	103.49	102.53	100.41	30.89	117.62	37.57	30.06	35.48	35.15	81.10	50.18	111.87	47.97	31.07	0.00	41.68	40.49	42.03	33.43	32.64	96.64	106.15	85.64	118.71	97.28	93.14	88.10	99.73	87.34	94.78	21.09	32.07	10.36
73.81	55.64	59.22	64.33	54.45	67.71	64.28	67.13	66.79	62.21	69.58	3.57	82.49	0.60	4.45	13.11	13.03	43.64	17.88	71.91	20.03	31.44	32.73	0.00	12.94	9.78	5.99	30.97	66.03	66.24	51.42	78.71	59.80	51.45	51.19	55.56	42.11	50.52	35.22	6.64	39.12
90.25	71.94	62.40	77.07	65.87	71.58	74.70	65.57	69.85	72.47	65.03	8.99	88.63	12.55	17.18	0.50	0.45	43.66	16.14	62.55	18.02	20.50	38.93	13.43	0.00	25.28	8.33	46.96	69.17	66.69	51.89	89.68	62.54	42.33	52.14	62.54	37.72	52.05	29.65	7.13	29.14
66.86	52.96	59.29	73.21	54.14	56.93	55.31	49.74	65.47	54.41	62.73	13.33	84.63	10.72	9.16	23.00	23.20	49.63	22.93	70.11	22.89	43.66	36.34	9.84	23.66	0.00	13.37	31.16	55.30	55.51	48.59	83.02	71.65	53.83	51.76	65.77	57.10	59.82	49.47	15.26	49.18
82.19	71.88	57.84	75.69	60.61	75.17	71.54	65.09	73.21	58.56	74.72	2.64	89.99	5.71	7.65	7.53	7.25	46.37	18.83	70.14	18.33	27.00	35.30	6.05	8.57	14.99	0.00	33.86	66.80	64.29	46.51	97.13	63.81	55.52	54.25	61.49	53.15	55.87	29.15	0.25	29.69
104.25	73.27	80.07	93.78	90.84	85.31	82.84	87.92	75.55	76.58	76.45	36.25	119.82	34.65	30.92	45.71	44.14	76.75	53.26	89.71	53.03	47.84	29.99	37.29	43.41	28.03	34.10	0.00	78.28	93.43	68.74	109.39	102.72	75.26	74.35	99.51	89.49	79.75	54.00	39.46	44.53
11.16	18.58	4.47	5.78	4.51	2.13	1.68	6.25	1.96	3.70	4.56	72.69	32.58	70.90	58.73	75.86	77.46	30.03	47.52	29.16	50.68	94.46	98.01	62.98	77.05	54.96	66.94	82.64	0.00	3.91	32.61	21.01	46.40	35.96	36.34	34.48	49.92	14.46	93.95	61.05	90.59
14.67	13.20	0.16	9.42	0.16	2.69	5.75	2.52	2.25	0.24	3.32	55.98	36.82	59.36	57.13	61.76	61.65	31.11	51.05	32.72	55.22	89.72	103.32	57.30	62.22	53.68	62.82	91.19	4.48	0.00	36.69	26.75	57.43	34.50	35.48	37.19	49.53	17.50	106.47	69.37	104.55
36.65	47.84	35.95	32.35	36.15	35.07	29.96	40.28	33.91	32.59	36.68	51.20	40.00	44.10	57.25	46.08	50.76	0.46	25.64	17.87	27.50	70.12	77.66	49.11	50.28	48.99	45.33	87.92	37.70	33.70	0.00	56.73	22.06	1.34	0.34	18.21	13.91	17.40	81.64	53.51	83.14
11.06	37.47	27.65	19.81	30.28	23.11	28.03	29.20	22.70	26.95	22.53	82.22	29.57	92.46	101.79	89.49	91.49	52.74	87.06	44.59	69.88	99.63	109.97	83.79	86.11	74.72	92.13	105.66	22.28	28.19	53.13	0.00	66.80	46.12	54.38	51.27	72.26	34.40	129.65	98.81	135.17
53.29	67.25	53.24	54.05	46.06	46.11	53.10	50.72	48.23	51.48	54.65	64.81	35.63	71.55	74.48	53.72	52.18	20.33	49.01	19.11	47.70	63.27	99.44	60.35	53.76	67.50	60.54	108.82	52.01	57.59	21.74	67.14	0.00	24.92	20.83	20.14	18.74	34.02	79.92	57.72	81.07
41.10	40.03	37.38	39.65	30.80	33.99	29.18	39.39	32.73	30.55	32.14	47.02	33.12	47.10	47.00	53.26	52.81	0.90	29.22	16.93	32.32	60.25	85.13	43.18	45.97	47.63	53.30	79.70	29.19	31.63	1.13	49.55	25.74	0.00	0.83	17.81	13.42	17.86	73.37	45.93	74.04
38.96	46.70	37.69	35.26	34.61	38.36	34.79	35.19	37.81	29.80	31.62	54.14	36.63	43.63	56.43	40.88	41.77	0.13	27.64	16.91	25.77	56.38	82.65	48.82	44.48	46.45	49.92	70.62	29.95	32.95	0.39	57.20	25.04	0.78	0.00	16.46	12.96	20.30	80.69	52.47	76.03
40.12	49.76	38.48	31.96	40.05	31.62	31.01	39.62	37.01	38.30	38.53	61.83	21.37	67.29	71.63	59.63	60.60	17.53	49.96	0.09	43.99	81.95	99.75	59.61	61.56	68.16	60.40	90.39	30.35	32.43	18.72	45.97	17.19	13.80	15.70	0.00	23.99	19.65	98.63	61.33	83.60
50.32	61.20	51.71	43.40	51.75	46.40	39.25	47.41	50.01	45.07	47.86	42.28	44.47	48.07	46.62	38.95	41.30	12.35	27.10	21.35	28.89	56.85	83.01	46.61	40.71	53.29	44.10	83.30	40.13	46.20	12.91	60.77	18.05	12.94	11.79	19.99	0.00	28.18	65.42	53.00	80.61
24.78	27.10	15.52	18.79	14.37	14.78	13.17	18.52	17.83	16.17	18.30	60.55	30.96	58.16	66.69	55.34	54.48	18.47	43.25	19.33	46.46	83.37	92.29	50.48	60.78	58.26	64.47	83.70	14.14	15.99	19.51	36.37	36.77	18.25	20.11	18.26	32.40	0.00	77.72	53.47	94.47
112.10	98.84	86.76	111.17	98.43	107.31	89.86	102.19	89.85	97.33	100.84	32.69	101.59	36.62	36.75	26.65	29.02	81.80	50.11	84.90	46.51	10.17	21.26	37.44	29.24	43.76	31.29	49.86	106.36	94.85	66.29	129.32	93.69	68.13	82.38	96.54	61.62	94.45	0.00	27.87	9.79
74.46	65.72	64.13	68.20	57.26	59.46	60.35	60.81	65.81	57.87	67.34	2.79	92.96	5.14	8.65	7.58	7.82	49.98	21.86	59.33	18.86	21.25	29.57	6.71	8.49	17.04	0.30	39.94	63.73	67.65	49.54	81.55	68.25	47.54	46.35	66.37	46.60	54.49	32.90	0.00	34.44
106.74	87.36	97.88	95.38	89.94	96.22	90.96	87.08	92.73	101.50	95.57	33.01	129.41	33.53	35.88	32.50	32.40	80.82	55.46	98.59	50.41	17.23	12.51	37.84	29.51	40.86	31.54	43.11	102.11	110.94	82.01	129.24	100.32	81.46	73.62	96.73	74.43	99.13	9.39	34.14	0.00
~
Delivery quantities;
18 2 8 10 10 0 0 0 0 7 2 6 2 2 0 1 10 10 1 5 2 2 0 2 0 1 1 1 1 3 0 2 3 1 6 0 0 2 6 2 
~
Pick-up quantities;
24 16 24 4 28 12 60 28 12 0 6 30 0 0 12 0 12 16 0 0 12 12 12 12 8 12 8 8 0 8 18 4 12 0 0 8 4 12 18 0 
~
Vehicle capacity; 
100 100 100 100 100 
~

