Cost matrix;
0.00	8.93	8.26	19.87	20.76	17.76	9.92	6.05	5.71	16.20	83.67	82.13	81.97	73.46	71.32	38.18	38.18	83.33	71.74	13.10	42.70	102.22	103.86	78.43	26.80	25.49	20.58	37.36	34.61	55.26	31.37	30.11	62.25	67.76	30.23	12.29	28.28	52.50	57.47	44.05	85.71
8.59	0.00	1.61	11.26	12.34	9.11	6.00	3.23	3.14	8.99	71.62	64.50	60.62	60.34	74.38	32.99	32.84	60.49	74.06	3.18	44.59	83.22	98.30	63.28	21.59	25.45	11.25	30.28	49.57	60.82	41.05	34.48	59.28	59.99	18.63	3.02	25.98	51.20	63.11	31.31	89.22
9.90	1.99	0.00	10.08	10.50	9.34	3.41	3.06	2.59	7.28	71.14	58.39	70.17	72.98	62.25	33.52	33.98	75.91	68.96	4.61	44.02	78.78	93.58	75.67	20.43	29.44	11.59	33.75	46.42	49.39	36.89	32.25	54.99	75.57	19.76	4.28	24.39	47.35	60.35	37.80	82.38
17.74	11.63	11.09	0.00	0.44	0.78	10.38	13.73	11.44	4.09	49.43	62.93	55.64	61.54	67.11	24.32	21.92	60.19	51.95	11.24	36.99	83.71	81.55	55.32	15.86	37.19	0.35	24.33	47.22	47.46	46.70	28.83	65.00	53.68	15.73	11.65	31.93	35.43	46.19	22.86	73.39
17.37	11.44	11.15	0.45	0.00	0.97	9.67	14.37	14.12	3.89	54.10	58.74	54.29	62.66	61.99	21.32	24.32	65.11	57.98	11.31	33.48	71.34	84.25	62.77	14.92	34.44	0.43	24.10	48.17	53.99	48.32	30.38	52.10	58.82	15.67	11.30	30.16	40.65	40.74	21.34	76.64
20.49	9.08	9.07	0.94	1.19	0.00	10.22	11.17	12.77	3.27	51.36	65.02	57.80	63.72	64.74	21.95	25.38	58.62	50.03	10.90	36.45	88.02	99.72	60.23	17.33	33.48	1.34	23.21	44.69	47.87	48.91	27.51	65.00	59.38	14.66	9.40	36.46	44.02	43.89	23.16	70.61
10.39	5.58	4.38	9.72	8.70	8.09	0.00	5.81	5.55	8.08	68.84	59.13	57.96	59.88	68.59	30.74	28.38	66.60	69.52	8.50	48.65	77.91	91.53	66.40	24.36	31.36	10.52	28.80	37.15	53.31	35.52	28.58	50.88	76.19	22.44	8.19	28.19	46.59	55.18	35.61	78.24
5.38	3.61	2.82	14.75	14.91	13.55	4.72	0.00	0.54	10.87	73.32	63.27	74.84	73.81	70.88	32.18	35.20	64.18	73.71	6.56	45.37	91.62	100.55	67.02	23.33	27.76	13.68	33.55	47.11	53.37	30.92	33.18	63.01	76.81	24.99	5.93	28.62	58.08	62.25	42.06	102.39
6.23	2.91	2.55	12.97	12.74	11.18	5.49	0.50	0.00	10.71	66.17	61.42	67.18	74.59	71.91	31.16	39.08	78.75	69.49	5.90	44.59	82.71	92.54	63.47	21.32	22.30	14.14	38.16	42.81	58.99	35.63	30.04	66.24	73.24	22.05	6.54	26.81	50.82	52.41	36.58	89.33
19.16	8.78	8.61	3.91	3.72	3.12	9.21	12.34	11.75	0.00	56.91	51.93	54.99	55.08	62.73	27.46	29.17	55.60	50.00	7.59	31.57	76.94	97.22	56.83	14.19	33.03	4.30	27.38	46.54	55.93	47.76	35.60	64.96	59.46	16.03	6.09	29.56	43.01	51.72	25.65	76.75
67.66	62.18	69.26	53.10	61.14	57.53	61.76	69.60	61.43	64.45	0.00	4.90	0.21	2.62	4.65	50.09	40.19	27.36	24.12	66.33	37.72	36.29	35.97	3.33	40.82	76.65	49.64	40.55	89.67	73.24	88.36	77.36	98.78	8.26	46.78	54.46	80.15	32.87	14.91	43.81	25.66
80.72	64.52	58.40	60.83	62.16	63.72	64.12	76.84	62.75	65.85	4.43	0.00	4.62	2.37	2.94	42.66	47.76	29.18	31.72	70.02	37.46	32.00	36.18	2.69	47.45	79.02	58.68	44.22	100.53	78.10	97.71	75.19	97.52	3.75	50.73	62.78	76.58	35.72	21.52	45.76	26.40
80.47	62.15	57.66	52.45	62.43	54.65	70.23	70.98	60.48	59.40	0.19	4.10	0.00	2.79	4.30	48.28	46.91	22.43	23.46	68.81	38.33	34.13	37.95	3.02	51.47	65.63	53.98	47.77	103.24	83.35	99.97	81.69	95.31	8.54	47.41	64.96	81.51	37.34	14.71	43.55	23.76
76.06	67.06	65.19	61.64	56.78	65.12	72.45	73.35	62.65	53.08	2.72	2.38	3.14	0.00	1.78	44.36	40.61	31.37	27.00	61.08	38.85	32.56	38.34	0.41	45.23	83.91	62.24	48.02	100.82	78.59	98.59	83.29	101.44	5.93	46.72	64.90	70.38	39.39	20.76	46.47	20.03
79.50	59.75	70.79	66.21	61.07	62.35	73.15	76.02	78.57	60.14	4.69	2.54	4.36	1.72	0.00	49.38	44.11	30.14	26.54	73.54	44.37	31.35	35.82	1.45	53.08	85.26	62.48	51.07	94.52	98.06	100.65	82.57	104.34	5.83	47.56	63.21	66.73	37.31	19.25	51.55	21.94
38.90	29.74	37.47	20.97	22.95	22.55	33.87	36.19	39.13	23.63	48.00	48.02	48.37	42.78	52.90	0.00	0.86	36.65	34.39	37.10	40.08	72.67	92.31	42.95	32.17	51.13	22.04	0.80	47.72	40.48	66.49	31.35	54.50	51.45	31.06	31.96	55.86	19.09	32.87	1.35	69.21
38.30	34.07	30.88	24.67	25.29	23.32	34.70	39.09	40.50	23.64	44.18	52.72	42.89	41.31	54.21	0.95	0.00	35.49	37.22	32.95	46.69	65.32	74.30	42.41	26.70	48.87	20.83	0.33	50.55	41.41	67.50	37.42	62.76	53.33	25.58	30.25	50.95	19.35	31.17	0.83	59.89
79.09	69.05	72.81	59.59	55.10	58.36	74.38	77.28	75.06	57.88	28.81	30.76	24.65	29.84	31.55	33.86	33.50	0.00	3.24	70.80	59.27	52.08	55.92	27.47	59.53	74.15	50.70	38.02	93.98	60.70	97.70	62.83	81.22	34.47	46.78	69.96	77.44	20.79	15.11	36.40	34.62
69.83	69.93	57.09	54.05	49.80	50.68	65.36	60.97	67.90	59.49	26.45	28.88	21.26	29.69	29.46	36.30	33.97	3.27	0.00	68.77	49.18	58.05	66.92	27.33	51.16	79.18	62.11	36.55	90.19	71.79	106.93	66.22	80.46	30.47	52.90	59.32	71.43	19.38	13.36	33.28	37.31
12.77	3.42	4.18	12.22	11.78	10.77	7.29	6.27	5.74	6.69	68.89	61.53	67.84	69.14	58.66	29.72	33.84	68.28	61.55	0.00	38.98	77.37	80.56	62.58	17.09	26.10	11.73	34.73	51.09	57.55	37.99	32.25	56.81	57.68	18.58	0.63	23.61	45.20	53.70	37.62	84.05
48.73	39.78	44.94	43.02	40.15	38.18	48.29	41.84	42.62	39.03	34.59	33.17	35.60	39.66	35.67	43.33	48.41	61.14	50.50	39.31	0.00	43.13	55.05	34.27	23.10	36.94	40.26	46.97	73.25	74.02	70.80	70.55	90.33	40.69	19.77	34.25	38.86	54.06	45.15	45.15	57.31
93.72	92.15	89.55	78.75	81.94	72.54	87.22	94.95	78.34	78.48	34.68	29.84	33.81	31.13	29.49	68.36	66.70	61.27	51.78	79.97	44.96	0.00	9.95	31.30	68.45	79.40	85.63	71.86	112.06	105.90	111.68	111.67	127.39	25.26	57.69	87.97	73.78	67.62	53.18	65.16	34.32
93.63	89.72	100.99	92.72	91.96	93.57	94.24	87.85	98.01	85.98	39.02	33.91	41.95	37.74	38.70	73.32	75.79	68.05	59.27	96.82	57.95	10.22	0.00	36.72	63.57	99.44	84.52	75.60	121.78	131.60	133.68	123.63	152.59	28.70	69.02	79.30	104.74	64.66	51.86	81.55	39.53
74.03	68.89	72.09	58.63	57.90	64.88	71.49	73.19	74.76	54.44	3.17	2.76	3.15	0.43	1.17	43.77	47.36	31.19	26.85	66.40	43.29	31.07	40.96	0.00	42.70	67.21	63.14	49.45	87.00	95.69	114.37	76.82	109.51	5.80	51.71	63.69	75.00	36.25	17.94	51.02	24.53
27.17	18.82	19.93	18.48	16.11	18.26	25.68	22.73	21.25	15.00	44.19	47.69	49.65	49.49	45.32	29.80	28.86	46.95	54.31	17.82	22.31	70.52	81.54	49.03	0.00	33.64	17.72	31.11	67.14	66.72	53.69	49.81	70.42	46.71	0.71	17.60	27.21	44.30	42.60	31.77	65.88
27.70	27.84	25.79	34.89	34.79	31.87	30.80	23.71	26.90	31.14	68.26	79.61	67.39	74.68	86.36	56.51	62.31	88.64	74.41	25.87	35.59	87.37	83.64	71.81	27.53	0.00	30.41	56.89	60.74	89.15	58.37	49.67	90.38	72.96	32.33	20.96	0.12	62.39	73.72	62.78	103.79
18.85	10.58	11.15	0.33	0.44	1.07	10.73	12.31	13.64	3.74	50.95	55.78	58.38	51.21	52.40	22.21	25.97	58.27	53.33	11.77	41.39	84.94	90.83	62.76	18.72	32.99	0.00	21.96	50.35	53.57	44.67	31.41	51.22	63.88	15.77	9.42	33.55	42.07	40.85	22.27	80.72
39.01	36.37	34.45	22.07	20.71	21.94	32.72	41.02	35.55	25.95	40.43	42.39	42.33	44.03	49.12	0.85	0.36	38.42	33.29	30.40	44.17	81.44	86.75	46.10	30.19	61.04	20.63	0.00	48.11	36.51	61.56	38.82	58.44	46.87	24.62	37.91	51.10	16.32	26.70	0.68	67.48
42.91	46.44	37.84	40.86	40.97	40.61	40.03	43.09	41.34	46.31	107.56	108.89	100.50	111.84	111.27	49.62	58.73	77.67	94.09	50.38	93.06	127.74	140.54	88.34	60.63	70.82	44.85	50.53	0.00	31.53	21.54	19.56	24.53	100.31	70.10	48.98	71.33	73.03	83.64	50.43	126.96
52.26	50.43	46.37	47.61	50.68	54.77	52.31	52.30	50.62	56.03	85.71	80.13	79.21	80.56	87.39	40.44	41.40	73.21	65.05	56.78	90.99	116.32	137.64	78.74	58.77	71.28	52.04	42.27	32.74	0.00	45.14	25.13	20.29	87.59	65.34	49.94	84.91	55.22	61.87	43.82	95.11
27.34	39.54	41.29	41.09	50.18	49.11	33.89	33.03	35.58	45.26	99.17	114.63	91.42	108.55	116.75	59.17	54.30	85.98	92.17	46.14	80.12	113.05	143.30	106.18	59.29	45.51	42.73	62.69	18.26	44.90	0.00	27.18	37.25	113.59	55.59	36.78	56.26	84.00	92.06	62.94	109.78
28.93	33.59	34.04	29.83	27.89	31.09	26.66	29.70	34.28	32.80	89.82	78.75	82.69	71.99	81.44	31.33	36.30	74.94	70.60	36.96	62.83	109.66	111.99	76.54	49.50	62.67	33.56	32.50	17.36	27.06	27.99	0.00	26.06	74.67	44.18	35.45	63.61	51.85	74.20	32.03	107.94
63.64	65.56	61.67	62.01	54.24	55.25	60.19	64.76	56.86	69.68	100.43	91.85	95.41	114.98	102.58	62.75	51.33	87.55	94.40	69.83	85.43	131.95	146.90	104.62	72.44	91.43	64.71	65.89	24.52	22.25	45.30	29.34	0.00	95.05	71.01	67.24	80.11	73.53	92.80	63.07	123.86
80.20	64.84	75.11	55.06	59.22	59.84	60.28	68.75	76.90	58.64	8.70	3.92	8.11	5.97	5.02	49.77	52.63	32.39	31.57	67.80	31.93	25.18	28.39	5.91	42.58	65.26	66.22	48.51	98.03	95.76	96.82	76.05	95.51	0.00	48.05	70.77	80.26	35.79	22.19	52.75	21.78
29.41	22.29	22.06	18.54	16.62	15.68	24.41	26.56	24.52	13.90	42.62	48.07	44.94	50.04	45.55	31.16	26.20	53.30	47.92	20.25	20.08	65.74	68.31	43.35	0.68	29.06	18.41	27.70	61.89	56.86	66.11	49.20	68.81	42.80	0.00	20.46	31.40	41.07	34.07	30.90	74.91
12.48	3.23	4.26	11.33	10.49	8.33	7.85	6.04	5.81	7.11	58.68	65.71	69.04	64.82	69.78	36.86	37.78	66.11	56.02	0.63	35.27	72.01	84.31	56.86	18.99	22.48	11.61	29.72	43.02	51.17	44.25	36.36	64.12	72.55	17.61	0.00	25.77	53.48	58.61	37.19	77.88
29.19	26.90	29.20	36.01	30.17	30.72	28.40	26.83	22.43	33.37	65.66	70.68	70.44	72.47	82.29	62.37	53.42	88.24	88.36	25.94	37.03	80.60	100.44	69.54	28.15	0.10	36.82	49.12	67.38	86.58	48.40	61.30	86.19	71.18	33.25	23.45	0.00	76.37	68.36	56.94	105.47
51.87	48.12	49.96	38.27	37.18	44.71	50.10	56.41	53.73	43.13	34.92	35.15	31.74	33.97	36.06	15.67	18.00	19.43	19.29	54.28	49.73	65.14	66.72	37.55	39.62	71.99	44.17	18.72	64.87	50.35	81.82	51.30	63.56	41.33	42.46	49.66	73.45	0.00	18.74	14.79	46.92
71.05	50.29	61.21	45.92	49.40	45.58	51.62	65.58	57.87	48.66	17.00	20.88	16.72	21.24	18.58	32.57	32.80	17.39	12.84	61.90	40.03	50.43	62.65	16.94	41.28	68.32	51.14	29.73	82.41	59.05	94.53	66.23	85.13	22.03	34.63	54.14	72.53	18.14	0.00	25.99	32.32
41.71	32.05	38.27	24.48	24.12	25.87	35.81	39.02	40.26	26.16	39.30	43.44	43.16	41.94	45.59	1.49	0.87	36.60	29.45	39.01	42.69	74.53	76.33	43.71	26.78	62.55	26.97	0.61	60.98	43.48	53.37	41.34	65.93	45.71	28.96	30.89	60.91	18.24	25.57	0.00	66.82
102.34	99.89	91.36	81.28	76.35	75.30	87.88	80.96	83.37	84.67	25.40	26.08	20.61	22.91	20.33	66.47	60.43	32.31	33.85	78.47	53.69	32.77	39.36	24.19	76.81	99.56	80.61	71.21	131.25	105.99	108.04	101.64	106.57	26.77	74.30	86.46	88.29	52.68	36.40	67.05	0.00
~
Delivery quantities;
7 0 16 2 0 1 1 14 2 4 8 0 2 1 3 1 0 1 2 0 2 0 6 3 2 6 4 1 3 3 0 0 0 3 0 0 0 0 3 2 
~
Pick-up quantities;
0 24 0 0 12 0 0 40 0 20 12 30 6 0 16 0 8 0 24 30 0 20 30 4 12 6 4 0 18 0 12 8 12 8 12 12 12 4 0 12 
~
Vehicle capacity; 
100 100 100 100 100 
~

