Cost matrix;
0.00	19.53	49.74	16.69	17.57	9.03	15.39	12.29	11.52	11.74	39.05	70.33	81.23	74.75	79.98	106.52	62.27	64.42	54.26	10.38	46.69	58.86	71.03	46.02	12.28	50.34	13.49	51.71	47.06	74.51	112.87	98.79	12.23	11.14	10.12	26.73	39.31	32.19	15.67	12.75	8.42	22.72	29.69	11.97	23.32	37.52	39.97	38.27	15.79	41.99	62.58
19.19	0.00	40.00	3.94	0.47	11.36	11.50	8.55	7.90	7.61	45.64	57.83	50.79	55.42	56.91	81.52	46.14	47.72	36.67	9.18	31.93	52.92	44.30	62.61	6.89	60.64	11.57	41.63	30.20	58.06	80.68	71.24	8.00	8.18	7.08	26.44	28.28	14.51	32.41	7.47	11.01	34.70	13.33	5.94	28.55	22.36	24.23	46.11	28.39	64.82	48.03
53.30	38.69	0.00	42.72	38.87	43.98	52.18	49.85	47.66	43.03	45.86	44.64	46.65	52.69	45.24	87.73	26.54	25.36	37.79	51.80	35.78	25.63	24.84	57.61	48.23	70.73	46.55	16.91	13.54	52.45	87.51	64.25	40.13	45.14	39.97	75.59	22.40	23.87	68.53	49.40	50.79	56.91	36.96	38.49	73.25	34.86	39.78	56.04	46.50	70.95	10.51
17.10	3.23	42.78	0.00	3.46	9.03	14.72	8.33	7.89	6.54	50.12	57.98	54.07	53.71	54.99	92.58	43.43	46.67	38.04	8.12	31.12	52.15	50.00	51.05	7.15	62.50	13.65	42.88	24.49	64.63	100.29	78.68	5.92	6.37	6.08	29.38	31.87	14.21	30.80	5.17	7.35	29.54	16.63	4.43	31.55	27.66	24.95	51.30	26.22	52.74	47.37
18.36	0.49	36.26	4.11	0.00	11.39	12.59	7.90	8.58	6.84	50.31	51.95	59.46	55.47	52.99	86.76	50.33	51.96	30.61	8.86	34.87	50.74	40.80	58.18	8.70	62.02	12.80	47.26	27.76	56.24	101.98	75.11	8.79	9.19	8.98	29.55	30.10	15.30	38.72	7.69	10.27	37.43	10.88	6.15	31.15	25.00	22.78	51.34	32.05	56.40	50.91
9.07	10.22	45.01	7.53	10.02	0.00	8.67	4.20	4.74	5.22	47.64	60.95	67.40	63.79	69.11	94.36	53.73	63.42	40.68	1.91	38.96	51.55	55.56	45.67	5.19	54.34	9.57	51.70	33.02	59.52	111.83	78.07	3.51	1.59	2.33	25.94	36.63	21.44	22.74	3.47	1.63	26.68	20.23	4.55	28.53	35.29	35.85	38.00	21.84	54.97	54.95
12.78	12.53	52.82	14.75	13.74	10.77	0.00	6.67	5.89	5.91	51.33	63.03	72.91	74.04	62.06	88.87	57.87	58.70	39.25	7.63	37.79	62.56	54.74	62.68	6.46	60.20	0.39	57.45	45.15	60.66	97.45	70.92	8.01	10.05	8.02	17.42	38.49	27.05	21.60	8.43	8.19	37.83	17.90	11.32	17.05	28.07	29.73	56.23	25.16	58.80	54.36
10.96	8.93	45.30	7.27	8.09	5.10	6.50	0.00	0.14	0.72	49.84	61.92	63.96	72.76	65.42	85.39	59.72	48.09	42.38	2.66	39.61	55.96	59.05	55.47	0.48	65.40	6.48	45.81	30.57	61.57	103.04	66.39	1.98	3.62	3.40	24.51	37.72	22.85	28.14	2.54	2.89	32.69	20.12	5.00	25.71	26.32	27.04	52.69	21.40	51.73	55.55
13.08	7.84	52.13	8.01	8.72	4.23	5.43	0.12	0.00	0.47	43.23	67.81	55.24	57.85	63.84	86.71	60.66	59.22	42.76	2.80	37.31	59.02	55.23	49.83	0.34	63.84	5.81	51.91	39.12	62.27	95.99	82.37	1.92	3.16	3.46	20.36	37.73	23.00	24.15	2.68	3.38	33.40	17.23	4.92	21.12	29.91	33.52	51.99	24.72	50.23	53.37
13.63	8.12	48.86	7.66	6.97	4.21	6.28	0.72	0.50	0.00	46.50	66.28	55.19	69.06	59.58	84.20	51.70	53.19	42.61	3.18	40.31	53.81	59.86	62.61	0.24	63.98	6.67	51.87	30.57	55.96	91.07	84.33	1.79	3.43	2.57	22.47	36.43	20.87	27.20	2.02	3.28	37.10	18.26	4.03	24.40	31.92	26.35	48.21	22.97	63.21	49.33
43.38	53.35	52.70	51.01	55.58	45.23	51.86	43.59	47.70	44.69	0.00	87.60	85.95	93.63	89.81	126.11	66.81	73.14	83.37	39.78	72.43	77.35	81.35	14.43	45.90	23.59	48.16	44.85	51.01	104.31	136.56	107.64	42.14	41.38	40.16	76.19	31.51	37.70	46.61	49.24	43.59	24.02	52.25	41.34	66.55	58.64	75.08	12.63	23.80	14.08	66.12
80.69	52.98	51.38	64.33	49.04	60.17	59.97	66.72	62.75	59.17	92.35	0.00	0.32	3.56	0.51	35.96	20.65	18.44	23.29	71.86	22.72	20.65	21.24	105.69	58.51	120.00	61.57	71.14	43.12	0.58	48.93	27.63	58.74	68.54	63.85	76.87	59.45	52.74	101.07	68.12	69.16	91.94	48.07	66.78	70.03	34.88	36.02	94.72	90.88	119.26	42.07
70.90	52.58	45.90	51.04	60.06	61.47	72.74	66.37	59.19	57.47	89.06	0.35	0.00	3.96	0.63	36.15	19.70	18.46	21.39	64.96	25.44	20.86	19.72	98.49	66.22	99.44	65.83	59.71	44.07	0.83	51.66	22.64	68.96	64.78	58.63	79.45	62.27	51.16	81.48	56.08	73.45	95.90	42.29	63.41	73.30	36.20	36.60	109.20	79.16	104.98	45.65
81.83	53.68	46.25	53.77	56.16	76.06	74.08	65.41	73.43	70.06	93.12	3.46	3.18	0.00	3.05	30.21	22.10	18.44	27.32	60.06	25.33	17.74	19.40	98.87	63.66	102.75	60.79	58.41	43.42	2.59	51.87	26.58	65.21	72.88	72.24	66.80	62.46	48.15	82.40	71.79	72.44	82.91	43.07	63.51	80.47	34.14	38.50	109.06	76.37	106.23	37.39
84.54	62.27	47.88	64.01	61.36	74.11	70.97	58.42	70.69	57.48	84.21	0.54	0.62	3.01	0.00	34.53	19.08	22.47	24.36	71.32	22.16	21.00	19.98	111.21	60.90	101.44	59.99	65.17	49.92	0.49	51.20	27.84	58.56	57.74	66.93	76.76	57.76	46.67	89.86	56.65	64.62	92.82	40.33	57.13	72.74	31.51	38.04	101.00	89.97	95.00	40.05
93.24	83.64	85.78	75.97	80.56	81.58	81.00	90.32	88.66	79.07	137.74	37.66	33.31	29.56	32.72	0.00	50.29	59.82	51.62	87.39	48.98	54.92	58.37	126.00	96.38	135.14	93.67	106.81	75.41	34.75	26.50	11.41	92.05	81.29	80.50	91.89	104.71	73.05	104.48	89.97	88.07	109.72	65.42	81.37	79.89	53.19	66.41	144.34	96.08	152.16	73.93
66.72	49.80	25.18	41.88	46.66	56.60	61.96	50.15	60.88	49.30	75.42	23.14	22.17	19.37	19.59	54.37	0.00	0.27	20.70	53.89	19.84	0.45	0.87	85.05	51.99	88.14	57.01	41.45	28.66	21.49	79.79	47.35	53.08	55.81	49.52	69.72	43.44	41.77	79.38	48.35	63.34	71.26	42.51	53.33	74.04	26.41	26.88	79.75	62.95	84.44	24.95
56.78	46.85	25.92	43.05	41.94	54.17	64.13	60.45	60.12	51.99	78.34	19.81	20.08	21.29	21.61	50.03	0.28	0.00	23.57	49.17	19.24	0.29	0.67	98.30	59.13	88.08	60.68	39.41	29.69	22.99	73.34	40.34	48.23	61.68	48.67	78.00	49.79	39.76	71.18	55.63	49.14	74.40	37.18	55.00	74.59	32.21	28.62	82.32	60.50	91.31	24.45
49.31	32.97	41.58	33.24	28.44	40.34	41.53	40.26	41.13	37.97	80.09	23.89	22.53	24.86	21.09	55.08	21.36	22.95	0.00	36.92	0.47	21.48	23.34	84.25	35.75	87.79	37.62	55.50	31.75	26.29	67.10	37.71	38.38	42.60	36.28	46.35	45.36	35.20	67.92	41.82	44.68	69.06	20.22	40.04	48.82	10.36	9.78	82.32	53.45	93.49	36.21
10.30	9.01	49.95	6.97	8.90	1.98	9.45	3.31	2.84	3.08	48.26	58.86	64.08	64.69	73.74	93.15	61.97	49.84	39.15	0.00	42.16	52.39	52.49	55.04	2.91	55.70	9.12	52.32	38.14	70.46	90.63	78.30	1.36	0.53	1.32	23.94	34.49	20.44	25.84	1.87	0.99	33.90	19.91	3.19	27.17	34.29	27.82	39.19	18.93	58.06	51.21
54.59	32.28	32.22	36.95	29.66	39.96	44.90	40.25	39.60	40.88	76.48	22.07	23.71	24.65	22.45	54.00	20.34	23.21	0.42	42.09	0.00	20.28	18.95	96.36	40.08	88.22	41.83	58.69	31.51	21.62	71.36	35.56	37.67	45.90	41.90	52.11	48.31	31.78	68.37	38.35	39.90	71.01	23.97	40.80	52.32	11.28	10.46	76.17	62.39	79.78	43.13
73.08	44.24	25.50	48.50	46.04	53.53	57.06	52.71	48.80	52.05	72.31	21.49	21.81	20.11	22.27	54.20	0.50	0.28	22.14	53.42	20.25	0.00	0.55	77.69	50.65	92.63	51.29	45.62	32.49	19.96	65.51	45.63	59.69	55.69	48.78	79.63	46.61	43.63	86.09	50.43	57.81	82.02	38.29	55.04	71.80	29.62	31.64	79.18	74.89	88.51	24.19
61.38	41.14	25.41	46.83	50.70	63.20	61.36	59.51	51.68	51.64	77.66	21.92	21.49	21.72	18.81	53.83	0.76	0.84	24.95	53.34	23.93	0.49	0.00	96.20	56.77	90.34	52.43	45.83	26.26	23.03	77.03	39.44	60.29	50.85	59.10	68.42	50.05	34.67	76.00	49.49	50.17	76.76	43.19	54.66	78.95	33.39	25.69	80.14	64.32	92.80	22.17
53.70	59.29	66.67	52.08	65.07	53.90	62.39	56.91	49.73	56.83	14.07	99.49	107.54	113.33	94.68	120.02	86.81	82.71	75.98	55.25	81.35	100.82	87.21	0.00	59.56	14.31	58.74	58.03	62.31	95.42	141.84	136.77	48.19	47.30	59.01	75.06	48.94	50.84	59.16	57.82	57.93	27.39	76.47	48.50	78.43	83.41	72.79	10.09	30.31	0.23	78.50
11.30	8.26	44.49	7.10	7.63	4.70	7.00	0.42	0.30	0.23	44.92	57.90	62.82	64.31	64.76	94.84	51.72	52.12	42.52	2.90	38.32	56.70	57.50	60.59	0.00	62.80	5.69	47.34	35.07	69.75	106.40	71.43	1.97	3.73	2.68	22.47	38.03	21.57	28.44	2.26	3.04	29.40	19.07	4.37	22.24	32.26	26.11	46.57	25.01	49.75	50.79
54.08	70.34	71.72	58.54	58.39	56.92	65.74	64.83	56.05	55.48	22.96	120.30	113.52	128.61	122.24	131.37	106.46	85.88	99.10	59.01	101.95	91.70	97.19	12.54	52.99	0.00	61.32	63.67	71.60	118.69	163.49	119.59	49.50	55.39	54.81	62.85	56.95	63.19	45.74	62.81	48.98	22.16	76.81	53.82	68.37	87.78	93.54	12.29	34.14	14.24	78.86
14.90	12.58	57.92	13.12	12.54	10.77	0.42	6.74	6.16	6.97	57.43	64.10	70.76	66.41	71.99	88.24	52.52	53.15	42.84	8.47	39.38	54.37	60.06	68.97	7.18	66.01	0.00	53.09	41.39	65.55	86.60	77.65	8.50	8.34	8.91	18.24	36.22	30.75	23.84	9.20	9.23	39.26	19.29	10.13	17.05	27.07	34.98	58.42	27.01	56.09	68.16
51.46	50.39	17.51	43.62	44.37	47.85	63.07	55.65	52.23	53.98	41.66	69.17	68.88	71.67	57.89	91.35	39.20	48.17	59.18	50.53	55.28	48.47	41.39	52.36	49.07	68.16	57.87	0.00	26.31	63.20	102.72	95.10	48.71	50.33	45.94	74.68	19.89	30.87	67.17	51.61	49.68	50.17	50.03	45.56	68.05	51.34	45.25	48.71	50.47	52.45	23.32
38.57	25.05	14.02	23.72	23.83	29.75	35.25	31.37	30.95	33.89	48.47	45.15	42.46	52.00	41.49	78.54	27.79	29.12	29.05	36.74	30.31	26.65	26.59	52.84	30.45	67.05	34.76	26.04	0.00	43.11	104.13	61.40	35.90	32.67	29.62	55.13	15.71	11.79	51.99	36.75	31.82	47.93	29.40	27.80	63.38	24.06	26.95	60.62	38.13	66.92	24.90
67.50	54.94	45.44	57.52	63.38	59.13	69.05	56.12	68.37	69.39	87.25	0.69	1.01	2.99	0.55	37.25	22.33	21.49	21.35	74.12	23.14	22.38	19.92	102.49	68.01	115.45	59.06	59.57	42.78	0.00	57.25	22.33	63.22	65.95	61.48	74.84	60.18	52.06	94.10	57.61	58.83	96.60	47.79	60.70	72.85	32.34	29.82	88.02	93.64	118.78	45.36
100.07	79.62	108.34	84.53	96.87	87.70	101.47	89.24	107.02	91.88	154.69	49.71	55.59	57.67	49.59	25.61	82.31	69.12	62.44	91.26	61.24	76.18	76.87	143.03	84.49	155.58	83.56	102.34	90.66	51.12	0.00	29.87	96.19	107.58	103.90	89.72	96.82	94.91	126.59	96.91	96.71	143.09	72.01	90.31	84.13	75.88	65.69	141.90	114.73	168.19	103.49
94.16	73.04	72.29	77.11	69.15	80.12	68.53	73.84	71.60	70.59	113.21	25.30	22.72	24.45	28.09	12.22	41.07	45.31	38.04	77.50	35.75	47.78	42.00	130.89	76.29	128.35	81.15	89.03	62.17	27.06	26.25	0.00	80.87	84.88	67.78	84.06	79.00	79.82	103.04	78.51	68.90	113.68	51.36	77.62	72.64	51.70	49.55	109.09	102.51	118.86	62.11
11.88	8.36	46.94	6.02	8.37	2.93	7.16	2.37	2.31	1.58	43.78	67.84	64.05	62.08	67.31	77.46	58.67	54.90	44.17	1.74	35.58	49.69	50.88	54.45	1.95	51.41	8.30	55.37	30.80	65.00	86.04	83.00	0.00	1.54	1.04	26.80	32.65	22.29	28.91	0.47	2.39	27.70	20.42	2.62	22.93	31.44	27.04	49.91	25.10	51.37	54.35
9.10	9.63	44.09	7.71	10.10	1.58	7.76	3.38	3.61	2.99	48.92	58.50	64.49	60.71	70.67	95.21	51.49	60.14	39.71	0.46	46.10	59.64	52.26	58.89	3.60	49.98	9.09	48.93	34.47	68.22	87.63	87.63	1.74	0.00	1.37	26.12	30.24	17.87	28.87	1.88	1.24	27.73	22.78	3.01	23.50	31.84	27.62	44.19	22.47	52.81	59.56
10.25	7.01	48.37	5.71	7.72	2.70	8.44	3.09	2.80	2.61	46.16	69.78	69.64	67.77	68.19	81.05	58.45	52.38	40.09	1.60	39.16	60.87	49.46	49.49	2.80	53.35	10.47	49.37	33.98	58.86	92.37	81.00	1.10	1.10	0.00	25.42	30.17	21.74	28.78	0.80	2.77	32.88	16.80	2.06	29.20	29.93	32.75	48.46	22.75	59.63	56.89
26.48	25.07	76.35	29.35	26.18	28.32	17.03	24.88	24.68	26.52	61.18	81.71	76.64	70.22	82.76	81.24	70.84	72.92	54.12	22.84	55.64	64.19	71.92	67.32	22.68	64.16	19.31	85.43	50.47	81.68	90.48	70.46	26.32	27.42	25.47	0.00	52.91	41.96	26.91	27.51	24.25	47.91	30.44	26.79	0.10	41.06	46.86	64.99	35.60	68.73	74.03
36.64	29.03	21.82	26.75	27.59	32.44	41.32	33.09	37.39	35.25	31.39	59.98	60.10	65.49	62.70	102.20	43.74	47.26	43.27	34.71	41.89	46.24	45.36	43.74	35.24	59.42	43.97	16.70	18.64	62.31	105.32	79.95	31.29	34.69	36.09	60.04	0.00	14.94	48.43	30.56	30.57	31.19	39.80	32.17	59.96	37.83	45.14	43.27	30.48	48.57	36.34
31.30	14.10	24.37	15.30	17.21	22.19	24.86	22.78	23.64	19.03	36.86	48.65	49.34	51.52	56.17	81.24	41.01	36.29	31.17	22.55	33.13	43.50	36.66	52.83	21.10	59.69	30.12	34.94	14.37	57.74	99.08	68.22	19.92	21.08	17.59	40.50	17.37	0.00	46.60	17.26	21.22	32.22	20.52	17.51	47.79	27.96	24.17	50.98	31.27	52.80	39.53
18.57	37.48	78.26	29.88	30.92	22.74	22.56	25.76	29.58	26.50	53.07	87.34	95.33	98.78	83.04	97.66	77.85	86.79	66.31	27.42	64.30	86.01	76.85	48.74	25.73	55.46	27.57	79.16	62.79	99.61	120.43	87.21	28.81	29.25	24.93	26.76	51.15	43.95	0.00	25.58	27.84	34.28	45.52	28.36	26.23	52.32	62.85	40.83	26.08	56.85	78.42
10.72	7.98	46.74	5.72	8.08	3.13	8.18	2.98	2.84	2.04	51.33	70.65	59.43	69.74	67.51	95.23	47.65	50.59	42.87	1.85	43.55	60.80	55.76	58.48	2.45	50.51	9.33	50.25	36.46	56.79	109.60	68.44	0.49	1.93	0.83	26.18	31.96	21.88	24.80	0.00	3.01	33.94	20.28	1.91	23.25	30.06	30.82	47.17	23.55	56.72	60.52
8.54	10.92	48.48	8.55	11.36	2.00	7.61	3.29	3.59	3.65	41.40	68.77	60.10	72.44	66.86	88.73	51.21	54.66	42.03	1.07	47.01	53.11	57.78	54.12	3.21	48.17	8.41	49.47	35.34	58.21	105.94	84.50	2.31	1.30	2.59	22.10	34.04	21.88	25.81	2.51	0.00	30.40	18.57	4.37	23.49	29.51	32.81	48.65	18.35	58.45	53.24
20.89	33.74	59.05	37.02	39.62	29.52	40.41	36.55	31.99	34.49	23.14	78.63	100.61	100.12	84.15	109.50	69.29	74.08	62.57	31.60	60.96	84.44	71.72	24.11	32.26	28.35	38.73	46.24	42.31	90.18	136.24	113.81	29.47	32.18	32.97	43.84	39.23	33.16	27.76	29.13	28.58	0.00	53.24	31.59	42.94	55.39	53.15	17.36	9.05	26.26	65.88
28.89	13.44	36.68	15.34	10.33	22.40	18.23	15.77	18.55	17.93	64.83	48.64	50.88	53.83	41.17	71.63	38.99	43.00	19.60	21.68	21.46	41.36	37.71	68.82	18.34	82.68	20.07	47.27	30.20	41.15	74.08	64.28	20.85	20.99	21.42	27.38	34.99	18.73	47.09	18.86	22.26	48.14	0.00	17.96	32.68	11.29	12.58	64.93	35.78	68.03	51.70
14.26	6.15	47.27	4.27	7.36	3.68	11.15	4.22	3.95	4.01	49.97	63.05	54.90	63.37	65.59	85.34	55.67	47.83	39.45	3.57	36.27	53.47	48.25	55.02	3.74	53.70	10.11	47.36	30.36	70.38	98.61	67.15	2.72	3.22	1.77	29.20	28.07	15.63	26.11	2.19	4.99	31.76	16.57	0.00	25.06	32.66	26.89	50.80	24.69	49.83	57.70
24.07	27.96	64.20	29.55	32.54	28.04	17.31	22.06	26.09	21.56	65.65	73.66	73.31	78.34	80.45	80.09	62.59	61.59	49.83	23.10	57.91	61.69	65.99	68.84	21.70	71.57	17.72	80.68	55.45	69.85	88.63	71.96	22.40	22.84	25.99	0.10	54.13	46.65	27.01	23.29	24.73	51.99	29.07	29.48	0.00	39.34	38.45	67.20	39.02	64.69	80.41
36.92	22.16	35.46	26.95	20.35	29.74	33.34	33.45	30.21	28.54	68.68	31.32	31.60	35.81	32.53	54.87	28.51	26.73	10.90	34.98	10.82	30.27	31.40	71.59	32.13	73.94	27.79	51.65	27.03	35.35	67.81	45.33	26.60	33.88	31.85	38.38	41.02	27.21	52.19	29.80	29.40	52.69	13.45	31.40	39.72	0.00	0.34	62.19	53.86	88.18	46.41
42.17	24.32	36.33	28.93	20.66	30.62	34.46	33.73	30.24	32.08	58.87	32.80	37.00	34.75	32.42	63.88	25.77	30.87	10.65	33.15	10.88	27.26	31.59	76.05	28.60	86.32	31.25	50.91	29.25	34.10	74.64	50.92	33.97	34.93	30.82	38.35	43.11	25.41	52.48	30.85	34.06	51.89	13.55	29.12	39.11	0.31	0.00	80.03	55.40	80.09	44.13
39.83	54.47	66.53	48.67	51.49	38.42	46.08	53.27	45.33	48.81	12.39	90.08	87.79	109.09	101.72	115.14	74.85	73.05	84.74	42.13	76.28	92.04	92.00	9.68	52.77	15.63	47.50	54.27	56.57	104.19	155.75	114.78	46.96	41.92	39.18	68.72	36.90	43.69	48.48	40.79	46.31	16.15	69.77	47.34	60.17	69.88	73.78	0.00	23.83	10.15	74.19
13.56	31.95	48.20	22.59	31.05	19.96	30.32	26.18	25.43	22.06	29.83	90.65	73.15	75.58	74.25	101.44	64.68	75.48	52.17	20.72	63.12	70.80	71.02	29.75	23.40	33.26	27.92	53.94	44.07	77.97	130.53	93.30	23.83	19.28	19.76	45.59	34.02	28.15	24.30	21.01	21.23	8.08	41.56	24.73	46.18	49.38	52.78	21.13	0.00	30.64	56.99
49.91	60.71	65.59	62.78	54.37	45.90	66.76	55.53	61.27	61.12	14.10	100.93	115.61	94.72	99.86	126.31	96.04	78.49	92.73	53.96	84.48	94.29	89.00	0.26	57.54	12.21	58.62	48.96	55.84	92.87	167.33	135.92	52.80	58.12	49.84	67.70	42.56	49.38	49.67	56.86	59.38	23.92	73.34	47.90	77.60	86.17	76.17	9.41	33.03	0.00	70.91
69.82	54.99	11.84	53.79	49.35	50.07	56.74	54.72	63.55	63.97	60.92	46.41	39.39	44.36	42.40	81.14	20.21	24.43	40.86	53.34	35.52	25.83	24.32	68.83	63.36	92.23	62.94	24.15	21.57	46.63	108.52	60.32	55.08	57.01	50.13	76.38	32.79	33.01	79.61	48.84	51.96	70.76	45.45	59.18	78.91	39.93	44.32	63.37	71.33	84.32	0.00
~
Delivery quantities;
14 14 0 1 1 7 1 1 2 2 1 0 0 2 6 2 2 2 6 0 0 4 1 1 1 1 1 2 1 1 1 1 0 1 1 4 1 1 0 4 2 2 1 2 2 0 1 1 0 2 
~
Pick-up quantities;
24 28 30 0 0 42 0 0 0 12 0 12 18 24 0 0 0 24 4 18 6 12 8 12 12 0 0 6 8 0 6 0 6 0 0 0 0 4 8 0 0 8 4 12 6 4 8 0 6 0 
~
Vehicle capacity; 
120 120 120 120 
~
