Cost matrix;
0.00	12.20	19.55	11.41	5.34	0.25	10.38	15.93	14.00	0.32	20.85	12.81	0.78	68.95	85.46	69.70	79.85	66.02	58.52	77.57	83.84	67.56	108.45	92.49	102.16	69.53	84.15	41.72	117.37	103.50	103.48	108.97	90.65	99.18	96.20	68.12	23.71	0.53	79.46	23.75	25.50	15.83	5.09	35.42	12.81	14.21	9.85	21.45	14.04	28.90	7.95
11.31	0.00	7.06	1.78	7.26	10.97	5.91	7.07	1.07	9.84	9.04	3.25	9.54	56.22	70.08	64.81	63.09	57.70	60.93	65.59	58.86	61.48	89.95	82.15	99.51	74.42	67.24	48.92	105.11	82.87	83.48	85.55	88.63	101.22	69.74	71.83	30.12	12.03	69.39	13.06	20.83	8.18	6.71	28.85	1.15	22.53	5.27	15.31	5.71	30.80	2.75
17.99	6.86	0.00	6.59	14.75	19.70	8.55	11.10	6.50	18.16	0.78	9.77	17.52	62.06	54.37	61.47	58.38	42.62	41.55	61.85	60.45	59.33	83.89	94.14	85.79	58.12	62.06	44.77	100.07	80.01	88.35	98.72	82.38	82.68	81.38	54.42	30.05	17.44	63.28	6.40	24.79	14.40	13.18	23.82	9.54	26.76	8.89	6.35	13.20	28.78	10.68
13.10	1.99	5.28	0.00	9.94	12.82	6.13	8.67	0.72	11.24	7.04	4.95	11.95	63.70	68.88	68.62	72.18	54.89	52.98	62.70	59.32	58.31	83.61	99.21	95.34	64.70	61.85	50.17	88.67	84.76	91.18	108.19	72.18	79.68	74.49	64.33	31.56	13.47	55.58	10.99	20.74	10.49	9.75	33.40	2.33	21.22	6.10	11.36	6.55	31.21	4.35
6.06	6.80	13.79	10.33	0.00	6.07	8.15	10.88	9.14	5.24	17.40	6.46	4.56	64.47	77.77	72.96	71.19	55.05	53.56	72.96	66.69	71.34	90.29	96.56	106.51	72.14	66.40	45.95	94.77	97.06	80.21	97.63	81.41	90.69	76.14	78.40	30.85	5.64	76.62	18.58	17.65	7.65	0.54	38.23	6.64	18.44	9.25	23.48	7.25	30.05	5.40
0.26	10.09	17.13	12.63	5.66	0.00	8.51	16.04	12.49	0.07	20.09	12.18	0.48	71.23	71.20	74.87	72.55	66.43	73.11	78.36	79.04	78.83	89.83	99.06	89.93	75.41	70.57	41.16	98.64	93.14	92.17	113.24	102.80	102.34	94.00	79.54	24.54	0.36	70.58	24.97	25.96	12.89	5.84	38.62	12.90	15.44	9.76	21.75	13.83	33.90	9.26
9.12	4.82	8.99	6.00	7.54	8.49	0.00	14.50	6.16	10.10	8.80	8.22	8.99	62.01	62.46	66.95	70.28	50.86	57.62	70.99	67.60	63.55	92.77	93.99	92.74	79.64	73.21	41.24	107.20	88.85	78.77	107.26	84.91	103.26	90.26	69.80	24.68	10.05	65.45	15.00	23.98	13.07	7.98	27.80	5.74	17.75	0.55	14.43	11.53	27.91	3.41
17.12	8.47	13.21	8.75	9.34	16.24	13.51	0.00	8.52	14.60	13.54	4.91	15.76	65.36	55.89	54.25	70.79	52.56	59.28	61.94	66.97	57.92	79.52	82.23	76.66	59.96	59.67	56.07	80.46	85.12	71.98	94.52	80.12	86.35	69.72	56.43	40.61	15.56	55.65	18.71	10.53	4.88	10.30	35.28	6.23	27.98	13.38	21.34	3.14	35.56	9.22
11.30	1.19	6.41	0.66	9.60	13.31	5.50	7.42	0.00	11.61	7.26	4.08	12.88	66.06	68.90	59.08	67.68	52.37	52.68	69.58	63.26	67.01	92.69	89.04	77.60	61.93	59.94	39.63	91.20	88.15	80.65	108.62	91.01	87.58	81.14	60.06	26.64	13.59	59.89	14.69	21.32	11.25	8.87	30.01	2.00	22.76	6.17	13.37	6.72	29.98	3.85
0.30	12.54	17.78	14.46	5.58	0.09	10.19	16.38	11.16	0.00	17.07	11.17	0.43	68.39	74.00	82.07	71.67	66.92	70.40	73.79	85.23	82.97	105.25	104.66	101.37	84.03	76.01	38.34	112.94	111.24	100.18	99.40	105.10	106.15	88.79	69.79	27.80	0.41	69.93	24.79	22.28	15.86	5.43	33.25	12.23	13.44	8.50	25.56	12.25	31.81	9.15
18.88	9.76	0.97	6.08	14.31	16.82	8.45	12.12	6.58	18.83	0.00	11.46	19.23	63.09	61.64	65.32	57.64	45.83	49.34	65.40	66.13	59.97	81.21	95.91	77.69	55.60	64.84	42.60	86.80	86.93	80.96	101.08	71.82	74.90	76.03	55.38	30.90	19.14	62.12	5.95	25.85	17.07	15.21	28.53	9.65	21.50	10.44	5.95	12.90	31.92	11.39
12.60	3.15	9.66	4.80	6.90	12.66	8.26	4.97	3.81	11.51	9.97	0.00	10.27	65.66	58.03	68.29	75.01	53.09	51.66	74.96	75.55	62.42	79.10	84.25	93.16	75.12	57.63	50.85	89.47	97.48	81.31	89.04	72.03	99.29	69.34	60.45	34.21	11.42	63.40	18.36	17.50	6.69	5.98	32.39	1.97	23.84	9.65	18.21	2.25	33.39	5.26
0.75	11.27	15.26	10.89	4.53	0.52	8.79	15.59	12.76	0.37	17.26	12.92	0.00	76.00	86.26	68.32	66.84	68.67	56.35	69.76	86.04	69.60	107.47	89.96	108.01	76.78	79.93	44.78	108.32	114.63	104.64	100.03	93.24	109.20	85.63	80.70	24.49	0.37	75.53	24.49	24.48	13.34	5.53	37.84	11.76	15.62	8.51	22.43	11.37	32.79	9.38
69.42	68.56	52.05	63.29	62.43	78.53	71.72	67.63	66.13	82.70	64.60	58.41	71.44	0.00	3.22	0.64	34.84	22.18	19.25	28.08	33.40	26.14	37.18	32.33	34.13	5.44	0.37	94.43	58.83	32.10	29.93	42.89	28.44	32.00	23.87	2.39	82.39	83.40	2.66	61.19	63.83	66.60	68.40	59.69	58.11	92.85	64.21	51.45	68.55	78.47	58.72
83.83	74.30	63.03	63.93	76.68	73.82	68.77	56.63	63.70	83.52	65.71	69.05	69.82	3.39	0.00	2.59	30.38	21.20	22.58	32.26	28.46	27.26	30.23	32.62	26.85	2.57	3.33	99.75	51.47	34.90	27.18	39.38	30.22	36.97	29.38	1.51	82.14	72.76	1.24	50.35	60.53	59.06	79.38	64.11	74.50	75.39	63.71	54.43	66.72	86.13	73.50
65.74	63.89	56.78	69.45	73.18	79.36	58.77	65.21	67.76	76.24	65.67	58.91	76.15	0.66	2.72	0.00	29.77	18.59	18.45	31.55	32.23	32.78	29.99	38.51	29.87	5.29	0.70	82.24	51.40	39.13	29.13	45.75	29.68	30.55	22.90	2.10	75.23	76.99	2.39	52.85	66.68	64.02	74.78	64.64	65.20	76.10	74.69	56.50	68.24	88.04	72.40
80.90	67.43	62.39	68.29	72.00	70.82	65.74	71.44	69.25	78.69	58.45	68.76	85.11	34.94	28.27	27.79	0.00	15.08	15.88	0.28	0.61	2.70	55.74	69.70	27.75	29.74	32.14	72.83	83.35	64.24	58.49	61.09	58.55	68.64	60.95	29.80	67.08	69.39	26.37	59.68	62.25	64.17	79.22	54.98	62.93	80.43	63.87	58.12	75.90	65.43	63.20
57.07	56.13	50.85	48.24	64.87	69.96	59.08	46.80	48.16	58.90	44.05	59.51	63.49	21.36	19.75	19.51	17.73	0.00	0.48	18.09	15.11	14.16	53.72	60.44	38.64	23.03	19.94	84.56	65.21	51.32	50.02	57.69	50.10	59.05	41.18	20.75	68.23	62.82	17.25	45.81	53.59	64.42	62.31	40.75	51.18	68.81	53.40	40.47	61.28	71.07	55.60
70.23	59.17	49.59	55.79	59.24	68.32	60.51	50.06	54.18	64.55	46.91	52.02	71.08	22.24	19.38	20.17	14.49	0.53	0.00	16.45	17.41	13.18	53.96	54.64	34.25	18.85	18.72	69.86	67.10	53.02	53.61	59.88	43.84	49.33	45.52	17.05	67.51	56.57	17.31	37.09	52.95	55.83	53.68	50.95	48.25	68.07	62.84	39.07	55.43	66.20	50.85
86.02	58.50	61.02	60.16	65.80	80.10	60.16	74.73	62.26	79.13	52.89	65.70	78.17	34.07	28.35	32.02	0.26	16.30	14.97	0.00	0.40	3.15	62.87	69.81	29.09	30.90	31.58	84.36	79.85	66.15	65.37	71.31	53.00	64.74	60.21	25.89	76.89	80.17	30.85	58.79	76.36	68.06	72.12	44.68	70.39	71.72	65.00	50.86	68.60	75.99	72.63
72.41	73.79	60.26	72.29	82.66	78.53	68.46	67.46	66.57	74.74	60.95	62.60	73.76	30.09	31.28	33.90	0.61	17.33	17.31	0.38	0.00	3.61	63.62	61.01	27.29	28.49	28.89	74.22	86.48	69.02	60.52	78.02	58.60	57.33	62.06	28.72	72.02	80.17	30.32	52.12	80.08	79.02	73.07	44.66	64.65	77.25	63.19	54.05	73.28	68.21	68.06
80.22	69.45	57.07	62.48	78.47	66.03	62.79	58.44	61.79	77.24	62.24	68.37	64.52	26.06	31.20	29.62	3.32	12.69	12.70	2.80	3.62	0.00	65.96	59.90	29.21	24.29	30.60	84.10	92.12	64.87	55.48	71.98	53.39	59.56	49.60	25.39	75.54	80.40	28.23	56.61	61.11	69.21	64.00	49.21	63.55	74.86	62.45	48.72	71.87	75.04	67.30
100.47	100.02	86.86	82.64	94.33	93.34	106.12	94.41	91.91	113.15	88.46	78.37	104.45	34.38	30.61	31.35	65.18	50.82	52.18	68.02	55.84	53.82	0.00	2.61	41.87	33.36	35.27	126.37	23.40	3.61	6.43	8.22	5.47	0.63	14.53	38.49	124.01	95.41	38.13	83.13	86.14	90.17	86.48	88.66	82.05	96.23	82.44	83.82	89.37	114.87	83.60
99.67	98.02	83.12	86.31	91.32	111.78	94.22	97.02	88.73	100.14	82.94	79.61	98.65	34.16	36.08	34.46	67.15	49.04	54.05	56.98	59.63	55.98	2.72	0.00	49.86	39.41	38.02	125.62	21.45	1.46	9.95	6.10	7.80	2.12	16.55	36.19	108.48	103.82	40.92	80.73	90.10	96.66	88.66	98.36	91.20	100.19	91.64	77.32	92.55	111.07	97.18
97.95	84.66	75.86	76.46	94.43	102.31	101.20	80.69	92.29	97.91	71.38	90.54	95.58	29.77	23.64	31.50	28.15	37.65	36.10	28.54	31.56	27.54	41.63	47.80	0.00	26.18	33.90	106.19	63.88	46.97	46.93	52.43	40.09	42.29	40.54	26.15	114.41	94.91	26.44	71.29	95.21	86.79	106.67	83.51	78.28	112.68	102.37	79.35	87.60	109.57	86.54
86.16	70.77	61.55	59.96	74.09	84.71	72.02	60.13	73.82	80.67	55.72	69.08	85.55	5.59	2.39	5.23	28.13	22.75	21.77	30.00	29.26	27.84	36.01	38.01	25.36	0.00	5.80	103.46	50.46	39.89	28.63	46.00	27.64	37.93	30.08	3.28	94.37	82.38	2.98	65.41	58.11	73.35	69.09	67.70	70.41	75.55	68.20	56.85	64.40	75.56	65.92
77.06	58.64	63.57	65.58	63.07	70.37	66.31	58.84	61.18	67.38	54.58	66.48	67.95	0.33	3.31	0.61	32.85	18.22	21.73	31.97	32.68	26.12	31.29	36.30	28.46	6.05	0.00	93.47	56.21	34.14	29.39	38.12	30.76	29.60	22.23	2.80	80.32	70.36	3.11	54.44	65.57	66.61	71.24	62.05	71.14	85.48	67.67	53.14	70.30	74.81	72.42
45.40	39.58	47.07	50.00	43.59	36.28	36.15	56.49	45.03	36.47	42.34	42.73	42.62	100.39	100.40	104.78	85.22	77.23	76.54	78.71	74.20	84.04	133.37	129.28	119.24	88.01	88.49	0.00	145.77	139.81	118.43	148.86	108.07	140.13	106.47	91.96	15.99	42.85	85.90	43.44	59.10	59.56	45.17	27.50	47.95	26.28	40.16	46.31	49.72	12.65	46.51
113.92	100.21	106.98	107.90	104.21	93.67	105.11	91.56	108.96	102.23	85.86	96.48	112.93	47.21	55.58	56.88	90.20	68.23	64.29	92.21	83.21	83.72	21.47	20.72	69.13	55.07	57.59	137.08	0.00	22.25	22.38	22.41	22.52	24.60	25.42	62.36	128.08	103.25	57.37	94.50	89.56	105.87	93.87	116.55	86.47	128.10	91.79	83.66	93.89	114.04	87.87
99.86	96.14	98.28	103.30	88.08	104.21	100.05	98.66	102.55	107.15	83.37	84.69	96.12	35.42	40.71	36.60	71.41	64.34	58.67	61.78	63.24	55.77	4.01	1.40	40.78	38.98	32.61	138.98	26.15	0.00	12.23	5.78	11.00	4.28	16.69	38.60	102.59	107.56	35.93	94.66	82.63	89.84	106.98	100.60	88.64	116.36	92.34	95.86	100.69	124.27	99.06
95.34	87.28	85.91	71.23	83.04	86.52	83.46	81.39	87.80	99.36	73.45	72.74	83.91	27.86	29.73	30.46	65.89	43.15	51.03	53.39	62.96	52.64	7.40	8.15	46.91	27.70	30.94	134.22	26.46	10.18	0.00	15.16	0.70	6.59	6.41	33.90	105.97	100.82	31.07	78.30	78.12	84.36	77.10	81.41	73.50	112.74	77.40	86.39	75.68	118.86	77.47
118.24	94.47	102.45	87.13	115.96	121.72	96.17	89.31	94.71	101.14	87.05	84.89	116.76	39.69	36.74	39.93	66.79	55.76	66.68	75.19	70.14	69.17	7.93	6.39	52.11	41.07	39.60	128.73	23.19	5.38	14.40	0.00	13.83	7.87	18.99	38.46	115.67	107.26	42.81	105.14	85.49	93.85	97.76	112.41	102.84	131.50	90.46	87.53	104.15	124.88	90.60
86.78	89.91	84.94	72.31	84.83	83.56	88.35	74.55	83.84	95.76	79.32	87.93	85.44	26.36	27.28	31.95	56.12	54.46	53.32	57.22	53.19	63.37	6.25	9.23	45.89	34.27	32.55	114.02	22.74	10.00	0.70	15.34	0.00	6.57	6.10	27.12	97.04	87.59	31.08	87.84	73.95	85.86	84.80	96.06	78.17	94.15	80.26	84.30	71.36	94.91	77.56
104.76	93.48	77.12	91.39	106.93	104.26	105.32	79.23	90.85	88.48	76.67	83.66	87.86	31.33	30.29	32.53	60.07	51.60	50.62	65.67	69.67	55.95	0.63	2.46	43.84	37.68	35.25	111.47	23.02	4.09	6.88	9.82	6.53	0.00	13.28	36.25	118.99	110.20	34.92	85.72	84.40	98.18	97.43	107.23	96.17	102.35	100.28	78.84	80.86	109.19	93.27
94.25	82.56	68.21	72.98	75.93	97.02	74.92	64.93	67.84	81.94	65.51	79.35	87.62	25.07	25.99	24.01	60.14	47.59	44.58	48.71	53.15	57.89	11.37	17.44	39.99	28.86	22.11	117.93	30.69	18.86	5.41	23.41	7.61	13.94	0.00	24.17	108.59	81.68	27.74	79.46	59.96	69.13	76.03	86.74	84.23	95.04	86.11	66.55	80.27	98.65	78.01
68.71	60.42	51.86	70.05	78.66	69.70	59.74	57.53	66.45	75.98	61.09	56.88	68.58	2.77	1.43	2.16	31.09	18.22	19.12	25.84	26.46	24.58	33.60	37.71	28.35	3.62	2.45	102.70	56.68	33.66	27.26	41.64	28.20	31.51	23.44	0.00	76.81	77.85	0.30	61.16	65.86	59.49	76.48	58.32	65.17	90.51	59.55	52.32	72.88	89.62	64.52
27.85	33.94	32.96	32.63	29.08	24.42	24.53	36.72	30.31	24.81	31.98	32.38	25.77	80.88	79.19	88.76	73.20	72.84	72.37	74.53	72.10	66.31	121.44	125.98	114.00	83.05	81.19	16.66	125.20	107.19	96.39	122.10	117.22	119.54	95.79	77.57	0.00	24.70	80.37	25.90	47.37	37.00	31.95	24.29	32.52	12.19	22.16	32.31	36.46	4.87	27.87
0.51	11.37	19.15	12.70	5.15	0.42	9.35	17.27	12.07	0.41	19.26	11.68	0.35	81.68	78.52	79.49	86.09	71.75	65.57	79.29	72.62	64.35	91.26	90.84	92.25	81.35	81.12	45.54	110.00	94.29	103.06	96.63	87.45	94.57	82.22	66.84	27.78	0.00	76.29	26.00	23.43	14.62	4.88	38.28	11.26	15.82	9.01	21.14	11.26	29.75	9.26
77.99	71.01	60.60	58.05	63.90	85.26	66.16	58.64	68.28	84.61	66.03	63.93	72.19	3.11	1.25	2.19	30.57	20.36	16.80	27.37	30.92	27.23	38.52	37.14	30.55	3.28	3.28	83.61	48.57	34.20	30.47	40.22	33.35	35.52	27.14	0.29	74.23	70.61	0.00	55.57	68.95	70.84	67.94	59.10	59.06	72.32	62.93	62.48	60.31	88.93	58.58
25.71	14.08	5.80	12.83	20.37	22.03	14.77	17.04	12.36	24.24	5.84	14.52	25.79	62.05	57.87	59.03	57.73	37.63	42.00	53.39	48.88	45.87	83.92	87.53	78.42	62.58	53.96	41.47	101.11	91.92	75.27	93.85	76.43	93.94	66.37	50.90	29.34	23.61	62.30	0.00	29.43	24.50	18.15	21.76	16.03	23.77	12.70	0.61	20.15	27.67	15.85
23.27	16.40	24.98	19.39	18.07	23.13	26.23	10.82	18.39	27.71	22.78	14.22	26.81	55.26	62.92	56.69	65.38	58.39	57.61	73.94	70.39	73.36	87.28	87.90	84.56	71.38	66.12	59.17	79.78	80.34	70.85	99.17	71.24	78.62	72.40	63.16	46.34	26.49	54.23	29.87	0.00	10.63	18.63	50.68	17.85	42.81	21.38	31.49	13.04	53.71	19.40
14.82	9.42	17.06	9.44	9.81	14.94	14.87	5.02	9.56	15.22	15.75	6.20	14.54	64.93	65.05	68.54	79.44	51.29	55.08	63.17	77.69	68.81	92.45	97.51	84.54	66.09	56.19	59.44	104.18	99.41	74.58	105.51	78.39	78.02	83.43	59.37	41.40	15.51	63.02	24.58	10.55	0.00	7.93	42.90	8.54	28.57	15.16	22.59	4.01	41.08	10.97
5.21	7.32	15.13	8.90	0.66	6.07	7.46	11.90	7.26	5.51	16.57	7.33	5.40	68.70	71.29	71.14	78.40	60.04	53.69	69.64	69.04	72.40	104.39	96.95	94.95	70.26	62.09	42.61	99.79	87.43	77.09	108.67	81.38	104.22	81.71	80.16	26.40	4.83	62.91	22.09	21.59	9.67	0.00	32.69	6.69	17.37	8.52	20.26	6.55	30.39	5.11
36.20	32.35	29.37	32.59	33.00	34.76	25.72	37.58	28.73	34.34	28.09	38.71	32.48	63.76	57.83	67.49	53.72	46.32	41.96	49.60	57.17	47.49	84.87	89.99	82.45	60.35	71.43	31.57	109.52	112.14	91.93	111.64	97.97	89.41	76.98	62.41	26.58	39.51	62.35	18.33	52.38	44.02	33.93	0.00	29.70	30.75	26.53	18.55	40.20	20.46	28.94
12.04	1.20	7.43	2.69	8.12	10.32	7.24	5.98	2.00	11.21	8.31	1.92	10.10	58.15	68.85	62.86	74.25	57.94	58.75	73.41	63.21	56.26	88.79	102.50	83.31	64.42	63.20	44.01	92.36	98.06	74.74	101.31	89.34	98.18	78.33	69.66	32.36	10.55	68.64	15.72	19.06	8.69	6.40	34.61	0.00	24.33	6.90	17.22	3.83	33.91	3.35
14.52	24.02	26.08	21.91	18.38	13.35	17.46	28.50	23.50	15.95	26.49	21.59	13.87	91.17	76.70	87.39	79.91	66.49	74.11	85.37	78.03	81.26	101.32	110.83	95.83	83.73	76.04	24.79	132.16	108.44	116.57	121.63	110.05	114.08	94.16	88.18	12.87	14.07	92.72	23.79	39.16	29.22	17.03	32.36	22.05	0.00	15.88	30.95	26.91	18.55	21.57
10.51	6.44	8.04	6.52	8.14	10.24	0.47	13.63	6.60	8.47	8.57	8.14	9.94	67.56	63.54	63.15	63.34	49.52	62.22	71.31	62.25	70.13	100.23	90.03	87.05	63.83	60.99	40.62	111.20	97.68	82.96	99.00	99.24	99.47	78.99	73.32	22.86	10.47	67.94	14.01	25.85	13.78	9.22	25.53	6.24	15.48	0.00	14.22	9.61	29.97	4.83
22.50	13.76	6.20	13.74	22.33	21.60	15.92	18.58	12.93	22.52	6.47	18.95	20.46	59.95	51.58	49.69	52.56	37.48	37.41	46.13	55.10	55.41	74.50	76.27	71.99	55.30	57.74	46.32	100.54	91.64	86.61	93.37	73.08	86.71	78.74	52.39	29.37	21.68	52.18	0.49	27.42	24.98	19.31	18.11	15.05	30.34	14.33	0.00	17.47	28.46	16.44
13.56	6.01	13.48	6.35	7.48	10.85	9.31	4.05	5.67	13.62	11.69	1.99	12.99	68.59	67.14	70.23	65.56	51.63	56.46	60.33	61.10	68.26	93.07	93.74	90.76	75.16	71.23	53.93	103.79	80.34	83.40	103.67	82.46	97.70	69.68	65.21	34.00	11.06	61.49	17.12	13.74	4.06	6.73	39.00	3.75	28.27	11.88	19.00	0.00	33.71	6.92
30.82	28.42	29.78	28.35	36.15	32.28	27.76	38.04	31.09	31.93	28.86	40.34	28.29	86.24	84.48	81.97	66.39	62.38	61.48	78.97	80.14	71.05	119.52	106.78	112.72	86.13	82.62	11.11	110.67	101.86	99.68	127.04	98.87	120.67	94.51	88.25	5.19	30.85	81.34	28.87	50.12	36.27	37.32	20.69	33.35	17.22	29.34	29.24	34.61	0.00	32.05
8.46	2.48	9.94	3.86	6.07	9.71	4.14	9.68	3.55	8.13	9.10	4.61	7.26	59.06	77.37	63.59	62.08	62.98	53.54	68.38	65.44	58.30	102.08	92.80	86.76	69.06	61.67	38.10	102.45	108.06	85.16	90.89	79.13	86.67	79.18	62.52	26.15	8.89	66.08	16.36	20.99	11.38	4.56	34.05	3.39	22.17	4.59	16.79	5.94	27.23	0.00
~
Delivery quantities;
4 6 6 3 1 1 14 3 4 2 0 0 4 8 0 0 4 0 3 6 2 4 6 1 4 0 2 0 4 0 0 1 4 1 1 1 0 2 2 1 1 2 2 0 4 1 1 1 1 1 
~
Pick-up quantities;
0 0 48 4 8 0 12 0 0 42 8 36 24 0 16 8 0 6 0 24 0 6 0 0 4 12 0 6 6 12 6 8 8 12 6 0 8 0 4 4 0 4 6 6 12 8 0 0 0 0 
~
Vehicle capacity; 
120 120 120 120 
~

