Cost matrix;
0.00	57.27	13.98	26.11	5.63	12.09	9.98	13.20	5.42	13.76	77.18	79.73	77.50	81.95	60.38	87.26	107.75	86.10	45.98	45.04	54.49	56.10	52.62	41.39	40.96	37.00	25.82	11.12	32.48	15.93	0.30	26.46	13.52	38.93	21.52	39.05	32.06	9.68	95.67	113.53	95.67	113.08	100.74	99.03	98.36	96.80	108.44	26.97	38.49	10.80	73.11
58.15	0.00	41.28	28.83	48.29	65.71	49.93	58.97	49.56	58.99	70.71	58.23	55.99	59.66	18.35	92.85	100.20	55.85	48.02	53.56	45.77	57.06	48.35	24.67	22.67	23.33	82.04	67.77	45.15	76.06	56.87	72.67	63.82	43.51	33.44	53.74	38.27	46.58	119.86	100.43	119.63	112.21	113.53	101.02	88.14	75.54	106.24	34.14	20.33	48.04	26.56
12.46	48.98	0.00	16.55	10.01	13.89	4.51	8.94	7.92	13.77	69.71	57.74	68.09	64.41	44.04	72.51	101.24	59.76	43.64	36.35	35.25	34.45	38.45	30.28	27.41	31.69	37.21	26.25	22.43	29.61	13.10	35.95	24.48	37.33	10.12	27.90	20.01	3.56	98.45	102.85	74.25	100.67	85.45	99.25	106.95	85.94	95.20	12.14	25.57	3.45	53.18
30.65	31.07	16.70	0.00	24.08	29.91	22.99	23.38	22.07	29.83	50.74	50.57	46.80	57.60	27.33	77.32	77.56	57.06	28.81	36.17	28.53	29.41	32.98	11.48	13.51	13.06	50.19	35.29	18.85	44.91	28.81	48.67	37.92	46.67	5.40	23.37	13.54	17.64	106.53	88.28	95.44	89.11	93.09	80.58	84.92	92.92	87.20	4.10	15.78	17.74	36.92
5.71	50.87	11.45	25.23	0.00	8.57	6.24	7.85	3.21	7.45	79.79	65.90	79.70	62.51	55.89	84.60	99.95	77.06	43.52	46.96	51.78	51.19	50.23	35.44	39.30	40.75	23.13	17.27	27.31	19.37	5.48	40.41	17.24	41.76	18.89	35.13	27.57	8.99	106.92	88.54	86.15	94.06	99.50	112.54	97.63	108.13	86.79	22.88	41.03	7.45	58.96
14.07	60.95	14.70	28.65	9.35	0.00	8.93	3.41	9.85	0.26	67.73	60.23	57.51	62.36	45.84	87.03	81.51	79.17	42.66	44.37	44.64	45.25	37.15	42.90	39.41	35.67	21.13	25.98	21.10	25.14	13.87	41.04	21.50	48.38	21.10	34.56	24.69	12.80	85.95	96.28	78.01	98.15	76.08	103.34	107.99	98.71	79.83	25.70	37.21	9.53	65.82
11.11	45.80	4.76	22.81	6.42	7.46	0.00	4.24	4.26	7.47	74.03	62.12	64.66	70.46	48.14	82.14	91.95	66.96	44.87	46.87	43.54	37.66	46.25	29.75	31.26	30.39	30.95	23.84	19.24	26.30	10.64	35.46	22.42	44.53	15.94	31.64	20.24	5.75	103.76	98.37	79.39	94.63	77.42	107.19	110.91	95.58	96.68	16.36	37.35	1.57	49.90
12.75	51.18	8.91	24.65	6.90	3.45	4.24	0.00	7.85	3.27	74.49	56.33	68.23	67.45	50.39	77.12	93.04	78.58	35.49	34.96	41.73	37.74	44.59	31.74	40.61	36.20	25.39	27.63	17.32	24.75	13.91	40.92	24.62	51.63	18.53	28.80	20.93	9.29	84.36	85.21	67.84	104.83	79.34	104.49	101.39	107.19	85.54	18.70	40.81	5.20	57.89
6.16	54.21	7.51	22.92	3.12	9.06	4.34	7.07	0.00	10.18	78.34	75.39	69.02	61.39	54.06	87.06	94.61	79.26	45.82	51.67	48.11	39.55	50.37	38.94	41.83	35.33	27.61	18.30	25.80	20.38	6.52	35.20	18.23	40.79	19.06	33.20	29.11	5.77	98.05	87.35	84.50	99.30	95.57	107.43	108.50	100.72	106.76	18.62	35.87	6.17	61.06
12.62	58.09	11.94	23.84	7.78	0.27	7.71	3.27	10.78	0.00	73.62	69.17	65.77	62.33	48.41	87.42	78.33	65.00	43.60	42.56	41.00	40.10	46.69	41.57	38.07	35.87	22.58	23.72	19.24	24.52	15.45	48.59	21.94	48.70	22.08	34.90	23.54	14.56	87.00	89.71	71.28	99.32	78.74	99.07	94.52	107.95	89.87	23.45	40.88	8.43	62.74
82.36	63.60	65.26	56.71	65.87	67.69	65.01	67.17	78.51	66.17	0.00	3.23	2.05	3.87	44.24	31.84	32.07	9.79	23.42	25.33	28.77	24.89	28.61	52.65	43.79	45.44	86.59	86.00	53.20	83.95	72.09	97.03	100.55	91.61	61.14	40.55	44.46	77.42	59.58	33.47	61.25	32.53	45.11	38.42	36.65	35.15	37.01	54.54	61.96	67.36	37.97
81.96	60.59	69.72	52.63	68.49	60.85	59.83	69.59	75.23	57.77	2.99	0.00	2.59	0.25	43.73	30.56	33.47	11.58	24.62	23.04	23.67	21.98	23.29	44.85	44.00	48.09	78.71	94.94	51.39	78.15	73.43	98.41	79.76	99.74	51.40	37.02	41.93	67.82	48.51	32.23	52.06	37.19	46.81	41.00	34.36	38.85	34.71	59.07	63.48	70.37	41.88
69.57	54.80	58.33	54.51	75.04	71.10	72.86	71.37	65.77	67.73	2.10	2.82	0.00	2.57	44.64	27.27	39.79	9.38	25.55	24.48	22.42	22.45	22.83	44.89	51.44	46.10	86.43	95.40	49.74	92.64	76.22	98.58	91.80	91.10	57.25	35.62	38.19	66.13	56.27	33.83	65.49	34.81	40.65	34.51	40.28	37.76	40.80	48.07	57.06	64.84	46.16
82.82	58.56	65.29	54.76	66.39	58.13	69.52	71.03	76.94	58.39	3.20	0.28	2.77	0.00	43.88	30.52	36.80	12.25	23.87	23.69	21.61	24.41	20.51	43.97	48.11	43.00	84.78	97.59	49.48	85.18	72.49	110.02	81.19	95.79	59.34	36.92	42.00	65.56	48.03	35.61	60.19	37.54	42.55	34.07	42.28	33.97	35.42	60.00	71.80	63.07	41.93
54.79	17.41	41.27	28.45	53.10	54.83	41.91	43.11	47.83	49.17	46.47	46.23	42.98	44.09	0.00	85.33	81.06	49.00	34.35	38.84	37.08	33.77	34.22	14.10	12.46	13.57	71.12	69.40	36.75	77.22	47.57	78.90	71.91	47.44	34.72	33.02	28.28	46.41	104.54	85.54	99.74	74.15	86.09	74.25	82.43	73.83	78.20	28.47	24.61	49.84	10.07
100.28	86.47	87.50	70.28	78.93	70.99	86.12	85.35	90.56	89.72	28.69	30.50	28.08	26.78	65.83	0.00	6.49	35.65	39.76	47.84	40.74	50.19	46.43	70.03	74.42	79.34	88.22	99.44	65.74	94.29	99.40	130.00	105.21	103.96	68.65	59.21	61.70	77.30	27.77	10.82	41.36	11.53	17.82	30.22	42.44	46.13	10.58	74.00	99.60	81.35	80.19
112.18	86.77	99.19	85.60	96.29	82.84	79.39	81.98	89.02	88.12	33.06	35.18	31.92	34.99	89.21	6.02	0.00	44.97	49.62	57.75	52.73	52.74	49.96	70.71	73.73	69.82	83.70	125.11	65.36	103.69	100.76	125.84	115.90	116.18	74.22	53.51	69.16	91.87	25.37	4.07	44.93	4.98	22.50	28.99	36.69	39.27	3.25	85.38	88.72	78.37	73.97
72.39	54.59	65.95	52.97	78.05	75.46	63.30	71.71	74.24	79.86	10.27	12.67	10.09	12.73	39.97	42.28	41.29	0.00	34.78	27.10	26.77	27.92	34.04	51.18	43.89	48.47	76.55	102.86	53.97	102.44	79.14	102.57	83.82	100.11	62.17	39.20	43.52	64.04	59.72	47.97	67.91	41.35	53.56	40.98	36.55	32.65	46.45	55.29	62.94	73.70	39.19
50.01	47.69	39.68	31.46	50.86	40.65	42.94	43.07	46.87	35.95	23.47	22.24	26.37	24.87	41.58	48.37	49.66	28.00	0.00	0.22	0.58	0.38	0.56	31.71	32.68	27.16	57.79	69.03	20.05	63.38	52.37	88.08	61.49	65.10	37.53	10.99	21.17	39.44	60.60	50.42	51.97	50.36	55.71	60.45	56.49	59.29	49.97	35.27	43.97	41.03	39.93
51.66	57.86	43.53	30.68	45.16	41.16	41.94	43.75	49.59	39.12	29.08	25.69	22.52	25.78	39.08	41.82	52.50	31.33	0.20	0.00	0.46	0.40	0.48	26.86	29.78	27.90	47.99	62.92	21.13	69.46	47.33	86.28	56.22	70.24	32.05	10.25	20.86	42.45	63.53	55.16	52.49	53.55	47.14	62.59	53.18	67.16	52.82	32.83	49.57	38.66	41.48
58.27	49.17	40.30	32.05	46.89	40.53	40.21	41.88	40.81	37.76	25.11	21.72	21.32	20.19	38.46	42.58	47.66	29.29	0.53	0.51	0.00	0.94	0.11	32.56	29.12	29.59	60.42	68.29	24.86	60.83	52.02	80.88	58.89	70.77	32.94	12.01	22.14	41.79	72.05	62.09	64.03	58.48	50.63	58.56	67.69	62.13	51.85	30.82	40.82	36.59	42.86
52.93	51.26	41.46	32.86	48.69	38.37	43.49	39.56	50.46	39.05	26.18	22.07	22.09	25.54	34.19	47.05	50.63	28.46	0.38	0.34	0.90	0.00	0.97	33.56	28.31	33.98	61.02	64.88	22.30	59.86	54.45	78.63	58.94	70.57	31.09	10.77	20.57	44.61	64.55	54.43	51.56	49.46	52.99	55.39	68.94	65.42	60.23	34.64	42.74	35.56	35.28
45.96	52.08	37.72	34.39	52.26	46.23	47.33	43.06	43.36	36.35	27.64	22.78	26.67	21.72	34.72	46.86	48.41	31.39	0.66	0.47	0.09	0.79	0.00	28.29	30.27	29.48	52.14	64.32	20.35	66.71	53.11	78.85	68.60	67.90	32.42	11.87	18.26	40.59	56.58	49.15	63.11	49.70	47.98	62.50	61.02	61.88	59.85	34.79	43.02	38.35	34.36
42.45	22.56	25.71	14.49	37.69	37.81	29.95	34.28	37.33	44.63	42.97	50.65	42.98	48.16	13.45	79.37	87.06	49.64	29.86	30.60	28.28	31.64	27.30	0.00	0.44	0.97	62.61	55.88	32.47	55.16	36.59	60.60	50.63	50.45	17.59	27.35	19.18	34.99	98.31	74.68	87.81	87.80	86.68	82.53	81.44	67.26	89.17	18.93	15.63	35.28	23.20
38.87	24.26	33.28	12.22	34.68	35.86	36.43	38.49	38.33	35.58	54.01	50.55	44.42	52.18	12.28	78.69	71.42	42.48	31.93	32.13	27.13	32.47	34.21	0.38	0.00	1.09	57.41	48.64	30.20	62.63	44.30	58.24	46.56	40.94	16.78	26.94	22.01	36.57	89.72	79.16	94.88	86.50	86.68	83.62	77.22	80.15	76.31	17.77	16.35	36.12	22.22
41.67	24.45	31.14	11.85	39.63	38.60	35.10	38.18	32.30	38.16	51.67	50.85	42.72	47.95	12.69	76.34	71.87	47.10	32.00	28.77	31.67	30.79	31.31	0.79	1.15	0.00	65.09	57.06	26.31	50.61	42.77	55.15	49.70	40.98	19.35	29.91	19.13	33.81	85.47	84.57	79.13	76.03	80.01	86.76	77.03	73.13	91.06	16.94	14.29	29.84	21.53
25.74	73.61	29.74	43.08	25.96	21.01	28.99	23.12	26.03	21.15	87.99	75.52	73.53	84.83	66.29	88.25	81.38	90.30	52.30	59.00	48.51	56.77	61.92	53.48	55.82	59.63	0.00	31.03	31.16	21.69	26.72	56.68	34.67	72.78	39.27	48.90	46.92	32.34	82.72	105.32	73.10	95.83	72.75	97.41	113.25	127.13	103.01	39.30	62.11	29.16	72.75
11.23	69.75	24.77	42.56	18.80	25.36	19.91	26.04	18.76	22.26	93.93	78.60	87.39	77.45	71.85	102.42	107.02	103.63	59.41	61.47	65.41	69.54	72.23	58.25	59.88	52.15	29.03	0.00	38.61	9.42	11.38	19.96	0.29	46.18	39.05	57.26	44.74	21.65	110.40	122.05	85.44	117.49	109.49	134.03	135.26	135.73	118.09	32.76	43.55	23.93	85.51
32.15	46.07	18.40	23.09	26.78	19.98	19.39	16.28	26.09	19.44	45.50	48.53	51.06	44.93	42.01	63.61	78.30	59.06	22.43	22.36	23.78	24.60	22.03	30.34	29.07	29.74	37.64	42.83	0.00	39.76	29.62	64.83	44.89	53.16	17.71	11.36	9.62	23.92	74.44	81.09	68.08	84.44	68.56	77.53	85.60	80.36	79.39	19.11	39.71	20.12	47.31
16.81	69.84	32.79	44.06	20.01	26.37	24.20	24.29	23.42	23.25	89.05	81.00	87.46	81.99	69.57	108.20	99.82	93.85	62.13	61.58	64.65	61.24	68.94	63.04	59.06	52.77	25.78	10.25	40.07	0.00	19.60	25.87	10.08	55.05	43.89	54.49	42.65	23.92	104.91	120.06	97.65	106.17	116.06	110.39	137.14	135.92	125.05	44.48	53.84	29.14	82.55
0.31	55.27	13.43	31.43	5.19	14.21	11.31	13.69	6.49	12.88	82.08	65.49	74.43	78.40	51.52	97.67	98.14	90.08	46.21	46.70	49.80	47.06	47.88	38.38	43.30	40.31	30.27	11.78	30.71	18.05	0.00	31.92	11.91	37.08	22.55	37.36	29.55	8.23	107.14	102.96	85.46	113.51	94.13	102.77	108.88	118.91	96.01	23.42	34.31	11.37	59.62
30.45	65.11	36.65	46.95	32.04	43.60	40.08	47.56	34.44	41.39	109.61	97.57	97.37	90.01	78.63	118.97	144.94	96.93	70.71	87.80	75.68	86.32	90.31	68.14	60.43	63.69	47.50	18.45	64.10	27.01	28.41	0.00	23.24	30.86	51.66	68.05	61.88	31.29	129.36	120.27	120.18	128.61	121.03	131.05	121.01	147.61	148.73	48.27	54.03	43.84	76.62
13.70	70.13	24.58	41.21	17.03	23.06	21.20	21.28	19.93	24.50	88.23	97.33	99.16	96.24	64.88	113.39	119.06	86.59	68.01	57.37	64.81	66.23	66.61	47.47	51.72	49.00	29.24	0.31	39.36	9.85	14.05	19.04	0.00	43.96	39.75	61.20	45.58	19.85	105.55	104.50	98.90	121.05	100.58	111.13	133.66	135.23	113.81	40.40	48.27	21.41	65.87
37.73	41.03	41.55	39.61	47.45	60.08	43.30	51.57	46.50	56.04	105.45	85.48	81.91	84.78	52.86	105.55	139.75	90.31	71.64	68.36	73.27	80.37	76.70	51.69	45.26	45.75	70.80	40.82	56.02	49.21	42.46	27.82	40.81	0.00	43.77	67.21	61.41	34.84	121.48	127.73	120.07	124.52	139.80	133.39	117.61	106.38	136.34	47.08	29.12	43.04	65.64
21.02	35.64	11.01	4.95	23.44	20.00	13.83	18.19	19.24	23.38	56.84	52.87	60.01	48.62	29.16	88.15	80.96	62.91	36.09	33.44	33.33	33.13	31.56	20.44	18.70	19.06	45.25	32.41	16.41	35.96	24.84	49.01	32.14	44.77	0.00	23.17	11.96	13.76	88.84	77.37	88.56	82.42	87.87	86.16	98.42	89.41	77.53	0.58	21.98	14.44	41.65
36.31	53.20	30.08	23.06	36.91	34.04	34.73	30.24	36.22	28.35	35.11	37.56	33.79	34.78	32.89	52.86	60.72	43.07	9.44	9.54	10.18	8.63	11.26	28.79	27.55	31.59	46.19	59.20	11.33	49.53	41.13	77.38	51.83	70.76	28.20	0.00	13.17	35.45	74.61	65.53	59.03	57.56	56.84	69.65	75.06	66.44	57.84	28.32	46.63	29.56	36.77
31.09	41.28	17.53	14.31	31.12	25.80	21.59	23.32	29.07	22.22	48.12	41.70	43.76	45.29	31.87	59.01	79.30	47.72	18.27	21.84	23.16	19.70	19.20	19.59	19.49	22.16	42.91	47.07	9.69	49.13	29.85	53.96	49.66	58.25	13.31	12.97	0.00	21.43	87.48	76.94	64.70	74.45	69.06	73.91	73.95	77.91	79.66	14.13	29.20	19.54	36.98
9.58	52.45	3.72	18.02	9.01	11.99	5.32	10.47	4.93	12.11	77.90	60.06	66.91	75.64	41.06	89.37	95.77	74.66	48.80	42.21	39.56	38.15	39.46	32.51	34.34	34.54	29.10	22.09	20.79	28.03	8.92	34.71	19.21	41.00	15.98	34.71	26.68	0.00	99.49	98.48	76.79	93.56	100.12	97.92	99.01	112.16	85.98	13.00	26.71	5.84	52.73
112.08	120.75	87.19	86.24	103.96	98.82	105.85	85.96	95.99	103.62	50.82	46.07	49.57	51.12	90.21	23.25	22.38	69.47	56.97	67.78	62.12	68.32	61.26	84.34	102.02	91.95	104.35	126.90	84.63	116.50	101.80	147.41	130.50	125.00	85.02	70.42	77.50	94.84	0.00	25.57	28.66	21.60	12.79	47.86	56.83	72.58	26.93	98.03	119.18	88.54	84.62
93.03	96.08	83.48	77.98	99.27	102.74	84.13	81.01	86.67	85.88	37.99	37.99	35.43	34.61	79.61	9.79	4.05	40.86	50.84	54.21	60.39	55.48	48.31	88.42	93.71	83.94	105.95	122.32	71.63	115.73	104.63	145.78	119.46	122.44	82.16	68.10	72.78	85.76	25.10	0.00	48.46	0.50	21.61	21.20	32.57	41.74	0.91	79.09	105.32	84.66	84.45
82.24	103.24	85.07	87.86	73.67	82.60	72.82	72.38	87.42	67.09	64.62	52.78	55.27	52.53	85.80	46.22	49.56	80.70	56.01	52.54	60.31	54.80	62.45	90.99	98.72	88.83	64.38	97.04	63.32	83.03	92.50	119.26	92.28	138.84	93.79	64.05	73.67	83.07	32.91	48.55	0.00	51.09	23.27	72.00	78.00	80.72	53.04	77.72	109.28	78.44	90.31
98.33	93.34	106.10	98.98	99.61	95.88	86.67	83.81	108.85	102.49	37.14	40.39	34.82	38.43	79.09	10.27	5.21	43.59	56.12	51.86	49.89	57.90	50.20	74.33	83.61	91.54	101.42	123.25	71.02	114.66	109.43	117.98	123.75	136.80	99.95	59.45	69.06	89.45	22.92	0.45	50.82	0.00	20.71	23.75	30.14	37.88	1.25	78.39	90.30	90.35	79.82
96.79	93.16	80.90	76.44	95.00	80.58	74.69	81.86	92.06	72.34	44.16	43.71	44.54	38.81	82.73	17.02	23.47	60.60	46.81	53.74	55.03	45.84	46.19	73.69	91.21	83.69	89.10	112.62	58.03	106.41	93.16	136.48	110.95	141.16	72.49	60.05	71.48	95.97	12.79	21.15	26.59	21.87	0.00	45.22	50.27	63.25	25.08	90.91	105.61	93.14	77.91
112.69	100.95	105.69	91.99	106.85	91.49	91.05	94.50	114.02	102.89	38.04	33.87	38.15	38.83	80.03	32.85	27.28	32.63	58.46	53.36	63.73	55.99	59.32	73.88	85.13	74.75	103.74	124.56	87.24	126.04	120.54	150.22	111.09	122.63	103.06	62.69	78.99	102.25	46.67	24.97	77.49	26.28	52.10	0.00	12.18	22.85	22.02	88.20	87.12	112.56	74.94
97.70	78.93	87.38	90.37	113.53	92.45	96.65	107.77	94.84	103.16	36.22	39.43	31.80	41.27	75.93	38.69	38.75	32.77	58.64	60.10	54.29	56.58	56.74	89.41	74.30	89.78	117.62	133.59	82.69	141.71	100.56	132.34	138.04	117.70	80.92	71.32	77.86	114.48	58.49	35.32	73.39	36.66	55.21	12.08	0.00	11.57	34.50	94.87	105.38	105.69	63.76
121.46	93.29	86.51	77.00	113.94	104.14	96.88	99.75	100.77	102.22	38.36	37.49	40.28	39.85	73.34	41.35	47.52	29.76	65.24	65.12	51.77	54.62	66.07	82.04	66.08	83.61	110.73	131.31	76.29	129.53	103.84	122.98	124.28	121.95	78.60	66.58	73.94	107.06	63.77	47.52	84.53	40.09	61.68	24.46	9.97	0.00	46.93	91.91	84.80	109.62	58.93
103.22	106.77	101.87	91.83	92.29	82.21	87.97	87.57	90.51	102.83	37.87	32.51	34.94	32.77	80.45	10.39	3.67	38.32	58.49	59.44	58.88	49.33	58.34	75.93	89.77	77.65	85.00	120.38	66.10	105.77	94.77	144.13	102.92	116.34	78.08	66.02	82.61	90.39	24.06	0.85	45.22	1.17	25.66	25.64	35.86	43.44	0.00	80.36	87.01	91.20	73.99
22.28	34.79	12.18	4.07	22.22	21.33	16.21	17.52	18.09	23.37	59.09	58.24	57.36	54.80	28.04	72.58	77.01	53.80	29.47	36.08	31.19	31.75	35.96	16.84	15.64	15.49	42.18	36.12	18.89	44.04	25.64	49.81	32.23	46.52	0.59	23.23	11.73	13.93	99.44	89.47	91.07	91.08	92.87	94.29	82.40	97.75	78.70	0.00	22.65	16.68	41.56
38.10	19.78	29.05	16.84	36.40	45.67	37.79	41.89	31.04	46.54	62.57	59.93	61.55	56.25	21.97	93.82	97.79	67.84	43.42	42.41	48.37	45.27	43.31	17.34	17.17	17.09	62.00	50.79	41.75	53.85	41.53	47.99	47.06	28.31	20.69	42.33	34.09	31.63	112.15	98.96	97.33	90.31	96.82	92.73	88.33	79.59	91.00	22.00	0.00	31.22	31.32
10.57	47.97	3.80	19.58	7.27	10.38	1.37	5.82	6.06	9.14	70.49	67.32	56.36	55.71	45.23	89.15	100.27	68.19	42.00	36.04	38.32	44.92	43.95	28.86	36.15	34.53	26.37	24.65	21.29	29.17	10.12	36.13	20.92	43.35	14.21	27.07	21.54	5.36	108.00	90.03	73.04	89.10	90.34	103.58	108.89	90.06	87.86	14.91	33.32	0.00	60.93
65.45	23.70	58.51	40.06	69.46	66.98	58.88	64.06	55.95	61.07	47.84	38.51	36.53	46.66	12.72	78.36	69.90	34.39	36.53	35.67	37.81	40.60	34.02	20.30	25.28	25.85	84.59	73.99	44.72	92.41	64.73	88.89	84.96	62.24	44.77	44.51	41.92	53.04	94.88	72.71	102.92	75.51	94.95	81.76	57.34	64.67	71.53	44.40	29.85	50.85	0.00
~
Delivery quantities;
4 2 6 5 1 0 14 10 1 1 0 2 0 0 0 8 4 4 4 1 2 6 8 0 0 4 2 0 1 1 2 2 4 0 0 1 4 4 1 0 0 4 2 1 1 0 0 1 1 4 
~
Pick-up quantities;
0 28 30 0 0 12 42 24 0 0 12 6 12 16 12 12 6 6 4 0 0 6 0 16 8 6 0 6 0 0 4 0 6 4 12 0 12 6 0 8 6 6 12 6 0 12 4 0 8 0 
~
Vehicle capacity; 
120 120 120 120 
~

