Cost matrix;
0.00	18.01	14.12	9.32	0.49	18.65	8.32	24.07	11.55	20.30	84.58	69.54	68.32	77.68	99.21	113.11	16.41	48.27	46.16	53.42	45.87	41.71	84.61	78.40	75.15	94.39	106.22	36.37	56.27	55.18	59.09	29.60	12.62	81.85	30.32	61.64	40.09	44.21	117.20	99.83	105.80	88.50	114.32	66.22	76.60	82.57	70.81	86.00	75.94	72.06	81.21
17.32	0.00	11.07	12.58	14.40	11.18	8.35	10.66	3.61	13.93	56.90	66.76	62.16	52.81	104.33	82.28	31.97	34.03	36.57	33.85	35.88	33.86	74.06	75.30	71.87	83.87	73.12	30.74	36.97	57.63	63.65	21.72	4.27	77.63	40.67	50.58	37.67	50.00	92.06	83.28	74.48	82.19	87.71	62.09	62.08	55.63	52.90	66.88	62.15	57.39	62.43
13.52	11.70	0.00	4.46	11.16	4.12	4.21	19.80	9.55	5.41	57.44	57.81	58.51	65.83	87.13	101.95	31.24	41.37	36.89	41.27	41.66	48.27	67.01	72.77	60.48	81.09	81.37	25.80	43.70	49.06	49.96	35.95	12.78	65.25	25.27	43.79	25.79	36.60	110.69	91.42	89.26	89.10	91.54	54.83	60.15	66.96	68.39	69.13	68.59	64.94	60.72
9.23	14.12	4.46	0.00	8.08	8.74	3.91	23.22	11.63	10.19	68.58	70.11	73.17	68.58	106.75	88.20	29.08	41.52	50.37	48.41	52.70	48.02	80.45	82.83	70.39	94.99	77.87	29.13	44.50	52.31	52.88	34.43	13.33	69.99	26.38	49.63	29.41	37.28	92.47	88.42	97.16	95.97	96.09	58.41	71.94	74.11	72.28	62.87	69.71	61.55	69.09
0.54	15.40	12.92	7.83	0.00	17.65	9.00	27.22	13.22	18.26	69.24	79.95	75.74	80.39	117.19	94.91	16.36	57.16	45.54	47.58	43.23	50.47	74.44	93.59	76.48	95.12	101.19	40.89	56.28	63.62	59.50	30.52	14.62	73.91	25.34	59.88	33.18	39.49	120.88	110.13	95.13	108.88	116.35	57.23	83.01	66.20	76.38	76.55	76.83	64.72	72.16
16.70	10.01	4.91	9.24	18.12	0.00	9.31	20.86	9.92	2.79	61.36	61.65	55.25	53.77	98.66	84.36	36.77	37.22	31.34	44.49	44.23	47.12	69.83	69.76	69.05	69.20	76.17	26.57	39.18	58.48	47.28	34.08	13.22	54.80	31.69	40.88	28.54	50.38	92.70	75.75	78.01	77.81	97.86	46.14	62.49	54.36	57.20	62.48	65.28	52.68	52.72
8.70	9.68	4.76	4.28	8.24	8.37	0.00	22.24	6.54	10.85	61.72	63.88	62.10	58.91	100.78	84.20	22.78	44.58	47.25	47.53	48.86	41.20	66.89	77.94	65.38	89.32	75.02	29.22	44.04	60.55	54.78	29.62	9.64	71.25	29.57	53.53	31.96	42.01	98.01	87.92	93.27	100.11	96.31	61.93	62.75	70.61	72.78	63.15	62.14	58.69	70.38
24.01	11.57	22.81	26.89	25.69	18.83	19.70	0.00	13.84	22.69	66.26	58.90	60.82	54.79	105.72	81.49	31.28	34.36	35.20	25.78	21.77	23.83	61.63	64.67	67.28	73.17	81.85	40.25	32.99	69.78	71.80	15.49	12.10	81.92	48.14	57.85	50.96	64.30	82.27	67.16	77.99	81.31	94.12	57.22	57.67	66.86	61.76	67.69	70.18	53.29	52.71
11.30	4.06	8.93	10.26	11.25	8.81	6.57	14.30	0.00	10.87	64.91	71.61	66.74	65.56	110.58	99.42	25.10	39.88	36.68	38.68	41.31	39.73	62.51	82.44	75.81	76.88	76.28	34.96	39.12	63.83	59.47	22.59	3.73	72.92	32.29	61.14	33.70	48.38	92.81	81.65	78.34	80.47	90.51	52.14	71.95	59.61	68.37	61.49	64.17	66.11	66.49
16.78	14.03	4.78	10.26	17.07	2.57	10.82	24.46	10.74	0.00	65.20	54.61	63.73	64.75	100.60	89.47	33.03	39.26	37.65	39.69	49.85	39.04	59.79	82.19	68.02	88.96	73.26	27.20	32.78	54.94	51.40	35.57	16.14	68.71	27.49	42.46	27.86	46.21	91.23	79.63	84.42	82.58	94.15	44.83	58.03	51.92	61.95	67.78	56.51	57.98	52.40
80.34	61.19	61.84	71.07	79.44	64.49	68.27	67.12	66.73	52.23	0.00	2.87	0.55	0.31	34.11	34.84	95.68	24.51	21.91	63.83	55.79	56.53	10.99	22.14	12.71	32.08	30.62	47.34	23.18	89.38	93.42	78.85	58.80	34.08	80.90	71.91	57.39	84.79	37.43	33.36	29.97	36.95	33.50	46.14	2.99	0.59	0.12	3.60	29.78	10.72	0.55
75.72	60.26	60.88	65.05	69.66	57.16	59.87	60.73	70.34	58.65	2.67	0.00	2.04	2.33	37.67	41.42	89.13	27.03	27.24	64.14	54.00	60.47	10.22	23.90	9.50	30.11	31.60	41.89	24.04	71.87	87.25	83.84	57.42	27.55	74.54	65.92	69.87	82.71	38.87	40.48	34.64	37.14	42.69	38.94	4.31	2.11	2.76	2.01	28.71	10.87	2.25
82.23	62.12	63.88	62.82	68.68	57.36	59.81	59.77	63.09	57.91	0.62	2.32	0.00	0.63	40.88	31.75	93.84	22.57	24.71	51.92	60.17	55.23	13.47	21.97	12.20	26.03	30.78	46.88	27.01	89.93	89.98	73.55	61.11	32.57	83.42	66.53	62.77	101.07	35.34	35.46	36.75	29.31	38.77	37.60	3.62	0.19	0.49	2.60	35.33	8.78	0.34
68.88	55.08	65.16	66.19	71.01	57.63	70.30	54.02	61.03	60.44	0.31	2.57	0.62	0.00	33.96	37.81	88.26	21.93	22.34	54.91	63.13	51.76	13.42	25.45	14.43	25.73	25.66	49.20	21.89	80.90	86.66	67.06	66.86	33.82	77.94	68.58	60.62	103.46	36.32	33.83	33.96	32.90	39.71	40.11	3.49	0.51	0.23	3.44	32.06	10.34	0.72
113.44	99.32	92.15	99.38	102.24	102.64	93.47	106.25	108.84	106.86	35.52	35.55	37.39	34.15	0.00	34.75	130.72	61.23	65.82	84.75	94.17	84.67	34.04	41.77	29.77	34.86	33.61	78.66	57.51	93.80	118.42	105.28	103.36	40.95	120.30	89.55	97.90	121.64	22.82	41.75	38.11	34.94	36.00	68.63	30.04	36.67	39.53	32.56	48.03	39.01	32.60
96.79	98.26	95.99	95.14	100.30	90.43	101.61	94.31	91.63	82.15	31.81	39.35	39.39	39.73	38.58	0.00	100.38	54.82	50.59	73.41	72.92	69.61	46.59	15.15	41.30	9.66	9.05	82.92	50.49	122.62	123.74	93.58	100.45	56.86	119.76	102.81	95.83	111.91	15.35	7.47	3.93	3.28	0.49	85.55	32.62	38.74	32.99	31.77	70.61	30.77	35.26
15.24	25.79	26.43	28.02	16.34	36.44	22.80	30.16	28.40	35.23	97.10	82.31	81.01	96.71	111.05	123.56	0.00	57.46	58.23	46.82	51.10	51.84	106.62	106.33	100.39	104.03	95.94	66.09	58.98	68.46	74.31	23.53	27.33	98.76	39.13	70.62	60.38	57.00	113.89	113.72	113.37	125.58	109.11	86.09	98.23	80.58	89.93	92.61	93.89	94.70	97.65
50.06	40.56	39.85	45.30	52.78	30.72	46.54	32.86	45.27	35.02	22.80	23.69	26.31	25.46	68.20	55.26	67.67	0.00	0.16	38.99	43.18	45.06	27.12	39.84	31.98	41.96	43.46	27.52	0.19	59.93	78.55	47.73	46.51	43.48	67.14	56.97	49.37	70.78	52.72	52.14	48.46	50.99	50.22	43.58	25.25	26.26	23.87	23.76	41.96	18.24	26.82
54.17	41.45	36.10	40.46	56.62	31.98	44.33	38.13	45.09	34.47	24.71	22.34	24.57	23.21	62.06	52.72	72.97	0.15	0.00	38.07	45.70	39.16	30.07	39.82	32.02	50.01	46.17	30.82	0.19	65.48	66.52	51.29	40.36	41.14	68.05	49.35	44.12	77.02	65.04	48.22	57.44	54.25	62.22	37.96	23.89	23.30	25.58	24.89	39.56	19.61	21.66
41.91	31.00	44.17	46.52	46.24	38.81	47.09	21.72	39.48	45.73	54.93	62.05	51.60	65.45	82.39	78.06	46.52	41.70	46.19	0.00	0.13	0.65	60.65	59.61	61.44	57.78	67.19	63.80	39.40	94.99	95.16	28.70	30.35	84.71	77.57	84.34	78.25	89.03	85.78	56.28	75.94	74.06	80.28	80.63	64.54	55.25	64.46	61.82	74.14	46.63	59.20
47.91	31.66	48.82	48.57	43.51	43.25	41.49	21.28	39.20	50.11	52.28	65.99	63.20	53.11	88.99	71.12	55.58	36.89	45.22	0.12	0.00	0.66	62.82	53.33	72.12	61.05	64.87	64.98	41.47	98.84	84.16	25.72	34.26	77.48	78.09	82.83	76.01	85.00	73.85	71.13	68.97	66.23	69.64	81.89	53.36	65.26	59.68	63.81	90.23	48.26	57.77
48.10	33.73	42.14	52.64	49.51	38.41	37.86	21.37	32.74	40.85	62.18	66.67	61.26	59.89	102.22	76.10	51.58	40.95	43.72	0.62	0.72	0.00	73.17	58.44	71.15	57.93	61.90	67.16	44.61	102.95	105.33	31.18	33.64	87.70	69.15	78.01	74.68	91.07	80.15	71.57	74.11	63.43	80.66	77.17	68.10	52.75	62.90	68.94	71.81	55.20	63.72
88.75	68.33	60.36	76.34	77.65	63.19	80.40	72.05	63.15	60.33	11.00	10.83	11.79	13.32	36.30	44.81	102.37	28.27	31.07	77.77	75.27	63.25	0.00	32.46	0.50	39.07	34.01	46.67	31.43	75.35	75.04	96.08	69.25	22.05	73.91	58.72	69.48	90.50	36.12	37.86	37.99	42.66	39.17	32.52	10.67	12.91	13.75	10.82	25.07	23.37	12.36
98.73	77.66	80.21	86.63	87.04	77.97	70.51	66.52	76.02	70.86	21.81	27.07	22.50	21.49	36.94	15.29	102.16	34.27	37.98	58.84	52.47	54.71	35.29	0.00	36.81	5.91	6.35	60.05	41.73	92.58	112.88	81.16	74.21	49.98	94.49	89.87	82.62	101.84	30.40	10.02	13.13	14.44	18.88	70.40	23.55	21.97	25.94	23.13	58.73	22.17	24.55
76.04	67.13	73.28	74.97	89.92	67.27	70.36	65.55	61.93	65.08	14.47	9.22	12.50	13.37	28.11	43.58	88.75	30.83	34.70	71.05	63.63	71.98	0.63	37.45	0.00	42.60	40.37	50.99	30.75	70.74	81.52	89.09	80.80	21.04	76.97	62.05	64.01	101.04	41.76	46.42	44.27	45.93	41.28	33.31	12.55	11.19	13.12	10.87	23.25	21.10	12.80
94.45	82.75	81.85	88.45	100.00	88.81	88.78	79.16	87.95	78.76	30.78	27.90	30.47	30.07	35.22	10.99	101.53	43.36	42.31	67.32	55.26	55.32	36.69	6.40	34.44	0.00	0.40	70.53	43.14	100.00	102.84	87.18	91.73	58.30	116.11	85.17	90.08	109.78	21.98	5.23	7.58	7.36	10.25	67.23	24.24	26.76	25.23	32.73	54.44	24.70	31.28
103.09	71.59	87.66	79.51	94.13	84.05	92.58	67.32	85.58	78.39	30.58	31.69	25.52	31.12	41.64	9.53	118.65	48.18	50.65	54.16	62.18	63.24	33.16	6.28	42.36	0.38	0.00	75.06	42.14	111.61	104.08	98.26	77.96	57.50	104.05	98.70	99.91	119.93	20.77	4.44	6.22	6.72	10.45	75.14	27.36	29.87	30.16	32.51	59.66	24.36	31.20
38.04	36.54	32.14	33.97	43.10	26.36	37.77	46.70	34.08	22.64	42.51	48.34	51.77	44.11	74.35	76.58	65.68	26.43	28.40	53.73	53.21	62.84	50.69	72.92	42.96	64.90	80.74	0.00	31.83	36.32	39.95	61.85	42.79	41.40	35.41	22.28	18.59	42.23	81.23	84.11	83.03	85.93	84.94	24.04	51.44	42.64	45.14	51.51	42.60	54.65	49.57
51.64	40.40	38.03	48.02	48.29	33.78	40.93	34.93	36.38	31.02	23.21	25.61	26.11	22.88	61.50	56.23	58.80	0.24	0.22	39.96	45.97	40.14	30.29	37.51	30.25	45.15	39.32	31.11	0.00	62.18	62.45	55.14	42.30	35.76	63.82	57.17	47.46	72.38	65.76	44.41	51.88	52.53	59.56	43.78	30.46	24.95	22.68	28.14	43.85	22.79	25.64
55.11	69.77	52.17	57.57	56.06	53.90	62.60	77.22	69.49	50.87	86.16	77.65	71.41	71.48	112.09	128.86	73.59	72.44	75.70	100.07	106.45	96.35	80.02	104.74	70.19	100.68	110.98	35.29	67.89	0.00	11.24	87.67	61.51	55.06	34.38	17.92	23.52	30.54	123.29	109.24	111.25	124.41	111.17	39.50	91.39	85.11	70.53	77.86	56.02	78.14	85.16
56.65	56.28	49.32	42.51	59.25	56.63	48.09	68.26	61.63	45.68	82.81	76.22	75.62	78.53	122.84	118.64	64.52	68.98	71.53	100.83	87.94	92.68	89.34	118.10	84.46	118.86	121.97	36.87	66.28	9.83	0.00	82.88	63.29	65.82	31.04	27.66	22.17	19.35	125.80	107.31	135.08	130.65	131.36	43.54	85.02	79.24	77.88	88.59	76.40	92.14	95.37
27.42	22.49	30.93	29.85	26.38	37.38	32.10	18.86	23.40	32.35	66.94	74.13	70.01	79.05	99.38	89.05	23.70	54.33	57.57	25.97	30.57	31.40	84.73	76.87	92.24	84.18	88.07	58.63	56.10	81.01	81.05	0.00	17.74	98.04	56.85	71.88	55.37	61.26	97.28	89.76	92.89	97.58	86.38	72.13	71.34	81.27	78.75	87.22	81.41	73.11	83.95
13.59	4.84	13.91	12.28	14.64	11.95	8.61	10.78	4.10	14.37	70.31	60.58	63.29	65.70	111.09	80.76	23.57	42.67	37.94	37.18	35.23	30.23	75.08	72.82	64.84	73.32	82.38	40.84	36.10	65.40	55.02	20.70	0.00	74.40	41.67	65.27	43.95	46.45	88.12	82.63	76.76	81.55	88.13	58.10	61.66	65.35	57.04	73.12	69.54	58.22	57.67
70.99	63.89	73.62	66.12	81.29	59.30	65.46	74.56	68.09	61.92	32.59	30.42	29.51	31.19	48.39	69.72	96.45	34.90	39.08	77.46	75.42	88.14	21.86	59.93	22.21	56.39	53.31	34.48	41.84	56.49	72.69	101.73	75.55	0.00	68.24	47.91	58.20	73.34	64.87	66.42	54.69	55.46	68.81	20.47	28.94	27.54	28.92	32.56	1.28	39.99	30.01
26.09	34.85	27.25	21.77	24.23	33.44	28.88	51.41	30.51	27.95	88.20	91.81	80.53	77.93	103.69	114.64	40.40	56.25	58.23	63.64	68.49	68.61	79.18	106.51	77.30	103.34	99.16	35.56	67.94	40.07	30.87	57.81	38.05	73.11	0.00	43.66	23.88	13.84	135.85	101.63	100.71	105.52	117.50	58.88	85.38	75.46	93.06	82.66	71.65	90.44	78.91
62.44	49.88	48.27	43.62	61.00	44.96	55.63	58.98	54.22	39.30	67.22	55.50	69.66	62.30	83.81	100.05	68.96	47.08	53.02	82.81	91.87	91.72	56.81	91.96	54.75	83.63	91.59	21.41	54.71	14.34	27.61	88.42	63.35	45.24	39.24	0.00	18.44	35.48	98.37	103.77	109.60	88.58	112.33	25.84	63.41	71.68	60.57	70.39	42.55	66.11	71.21
34.39	40.81	25.04	32.32	41.84	29.50	34.18	49.55	39.46	24.60	71.05	58.39	64.32	65.60	103.56	87.68	49.80	40.95	48.00	64.43	74.86	75.68	63.60	82.65	64.07	95.14	88.44	15.99	51.66	24.27	24.52	54.94	45.83	57.96	24.58	17.55	0.00	33.38	114.66	105.52	95.04	106.59	106.46	34.28	64.20	63.99	72.11	67.11	48.83	69.70	68.31
38.98	46.57	46.19	37.37	38.93	50.14	46.80	62.80	45.07	47.32	89.16	103.36	101.70	99.25	115.07	128.26	47.43	77.32	72.68	88.91	87.07	82.95	93.16	107.05	87.36	107.98	126.41	50.10	74.90	32.03	22.91	74.98	56.34	74.80	15.79	40.90	29.22	0.00	133.93	113.24	126.38	109.51	141.85	66.96	99.17	85.59	94.01	82.77	84.66	97.06	81.71
119.05	85.65	99.09	115.01	117.17	101.26	97.89	92.66	95.09	103.72	39.18	38.12	38.04	33.83	20.87	12.38	135.90	65.76	60.32	88.15	78.55	75.60	39.03	30.50	46.20	19.14	19.41	92.58	56.15	106.22	127.47	120.79	107.20	53.73	125.24	108.33	110.01	128.56	0.00	19.24	18.35	15.36	15.38	84.13	36.68	37.51	37.32	41.86	68.52	43.76	39.28
91.04	85.12	81.09	84.09	96.61	85.43	95.20	85.94	74.49	83.00	36.52	39.08	34.96	33.79	37.27	7.17	102.75	50.20	54.30	65.75	68.72	65.00	40.34	11.70	40.70	4.85	5.10	72.52	55.30	115.13	104.58	86.41	83.48	64.30	103.44	94.26	84.16	118.81	21.80	0.00	4.30	5.69	8.03	70.17	29.85	33.63	36.71	35.38	57.32	32.71	35.09
111.78	89.70	95.33	105.83	103.31	80.55	98.95	86.60	86.24	93.97	36.24	35.68	30.68	32.62	31.35	3.86	122.87	45.12	47.87	66.38	65.41	67.65	39.03	11.36	36.05	7.15	6.40	76.41	52.23	127.77	125.27	84.51	99.17	61.70	106.69	91.16	103.25	127.21	16.47	4.59	0.00	0.60	3.64	76.26	31.85	35.84	36.07	32.30	61.12	34.47	30.59
88.91	85.18	84.38	84.20	98.85	83.37	94.29	88.01	77.37	95.41	35.55	37.09	30.90	29.51	38.66	3.31	122.37	56.18	48.04	67.43	72.87	75.20	41.17	11.97	36.15	6.35	6.86	80.02	56.68	111.55	130.22	94.87	89.22	66.14	105.82	100.85	98.34	132.16	15.07	4.99	0.50	0.00	3.30	68.70	32.32	38.23	32.73	31.52	65.32	30.00	30.90
96.45	81.24	98.15	88.37	103.54	85.06	106.94	81.03	91.94	96.03	37.67	40.28	41.33	39.25	35.77	0.54	129.18	62.00	58.04	66.70	78.41	78.36	45.35	19.14	41.73	10.23	9.38	85.23	49.95	110.93	124.28	100.76	101.22	71.74	123.91	94.44	108.00	138.60	12.68	7.43	3.78	3.53	0.00	69.40	32.52	34.72	39.83	35.70	72.03	32.99	32.28
60.28	57.03	57.26	51.27	61.76	48.28	54.74	64.07	59.48	43.59	43.32	38.98	43.12	42.26	74.24	84.01	82.04	34.89	34.36	72.23	73.32	76.75	36.63	71.26	37.94	67.06	72.38	23.88	34.13	41.67	51.15	81.82	57.59	21.00	59.75	23.84	36.81	54.46	80.91	80.10	71.19	68.92	82.76	0.00	40.87	42.19	39.11	45.46	20.16	48.93	46.51
76.77	60.34	68.45	65.77	74.00	54.76	74.00	71.11	61.10	64.13	3.50	3.88	3.71	3.60	34.68	34.36	84.03	23.87	24.57	67.31	65.66	62.85	11.61	25.65	12.82	27.88	29.77	45.73	29.38	80.51	88.34	87.44	64.50	33.86	81.45	64.54	75.06	96.59	31.23	31.85	30.15	30.17	34.55	44.17	0.00	3.25	3.29	2.93	37.44	12.52	2.97
68.72	65.96	56.25	72.14	77.20	55.92	64.36	63.48	68.26	58.22	0.61	2.25	0.21	0.54	35.98	36.74	87.61	24.03	20.91	61.76	59.18	63.70	13.39	27.02	11.26	28.73	27.98	48.61	25.10	78.10	87.73	74.27	72.44	33.20	90.96	70.66	61.85	84.54	43.44	32.78	35.46	31.59	39.37	44.00	3.21	0.00	0.50	2.88	32.05	10.72	0.43
83.93	58.37	70.58	72.86	75.31	51.09	58.12	56.52	56.43	63.90	0.12	2.55	0.44	0.23	41.39	38.80	78.86	22.67	23.92	63.72	54.26	62.01	11.47	25.58	13.23	31.61	27.57	42.34	24.57	74.56	90.26	69.60	61.23	30.62	82.56	68.35	69.91	100.73	39.09	33.75	29.79	30.63	32.78	38.08	3.27	0.49	0.00	3.51	31.71	10.78	0.48
74.05	71.56	61.60	65.32	67.62	55.50	70.38	56.42	73.30	59.33	3.65	1.65	2.58	3.24	38.57	33.08	83.56	25.88	25.38	58.29	56.53	68.11	9.17	25.98	9.12	28.15	28.96	42.78	29.34	84.12	86.66	89.29	69.86	28.44	80.75	70.85	71.73	102.76	36.17	33.09	34.31	33.66	33.08	47.53	2.74	2.99	2.93	0.00	31.99	14.19	2.99
72.50	66.32	63.85	67.89	82.88	65.29	78.90	78.89	75.07	58.80	32.21	28.63	33.41	32.34	41.49	70.67	92.56	40.06	38.54	85.99	73.45	90.79	21.69	54.39	23.60	63.09	53.11	35.07	39.23	53.28	65.28	88.75	65.66	1.38	79.81	40.20	45.68	76.38	62.57	56.85	57.42	68.81	72.72	19.84	34.65	36.73	34.36	29.59	0.00	44.68	29.95
67.26	50.57	66.75	63.35	68.27	55.75	57.34	49.71	65.20	48.89	9.40	11.02	10.81	8.36	43.37	30.22	81.39	18.61	22.32	52.02	48.77	43.98	21.06	17.28	20.12	26.25	26.81	51.91	18.53	85.33	89.30	71.19	58.35	43.49	75.50	63.93	66.08	92.17	44.15	32.77	30.88	31.49	30.96	45.74	12.37	9.04	10.04	13.17	44.34	0.00	9.53
72.31	64.61	70.49	59.54	81.56	63.52	70.94	64.94	58.29	52.45	0.51	2.33	0.31	0.66	39.18	37.03	89.42	25.99	22.49	57.49	55.20	57.93	10.73	24.18	13.35	29.23	30.36	43.42	22.22	72.89	84.19	68.88	62.85	33.40	79.03	67.81	66.18	90.86	40.11	33.92	36.58	35.22	35.08	45.15	3.15	0.56	0.40	3.14	35.21	10.14	0.00
~
Delivery quantities;
1 1 6 0 6 2 3 3 1 1 0 2 0 1 4 6 1 2 0 3 1 4 8 2 2 4 3 1 0 0 2 4 1 2 4 4 1 2 2 1 0 0 4 2 2 4 1 1 1 2 
~
Pick-up quantities;
12 0 18 20 24 20 8 42 0 0 6 0 12 16 0 6 0 8 12 0 0 6 12 16 0 16 0 0 12 6 4 0 0 0 0 6 0 8 12 12 4 12 8 12 4 12 0 4 0 0 
~
Vehicle capacity; 
120 120 120 120 
~

