Cost matrix;
0.00	10.16	34.84	14.32	17.09	15.63	10.00	8.78	13.66	20.49	18.52	18.35	11.65	77.28	77.32	71.80	80.31	39.74	42.45	50.00	41.87	108.73	101.57	26.25	78.74	52.32	54.30	92.54	68.02	37.90	39.14	37.78	13.56	14.35	81.52	105.87	121.03	82.43	108.15	114.61	27.84	9.58	4.92	15.44	9.20	17.04	99.89	73.89	73.37	69.96	101.49
9.42	0.00	42.25	5.79	6.93	5.95	0.94	3.43	5.17	11.13	7.45	8.64	3.01	61.20	66.64	61.65	58.99	29.89	46.97	46.52	37.40	98.55	82.82	16.65	67.28	45.87	37.80	101.27	64.15	30.31	35.32	33.19	8.95	8.97	66.23	92.93	101.11	78.71	100.93	91.93	27.44	3.16	5.60	7.67	1.55	5.20	87.66	69.14	63.62	70.16	92.85
32.94	39.13	0.00	35.25	47.96	32.78	35.91	42.94	41.90	48.11	43.98	45.16	34.38	89.46	94.73	97.34	78.32	71.01	37.39	38.14	40.46	116.53	110.01	31.32	99.88	67.01	73.86	115.61	83.94	69.19	76.99	74.97	27.28	32.59	108.07	106.69	105.04	84.52	112.99	123.84	14.26	42.14	34.20	29.08	33.74	41.25	115.91	91.36	113.47	89.17	117.58
16.55	5.68	39.31	0.00	7.80	0.47	5.41	7.59	9.38	9.63	7.12	11.06	2.85	61.73	60.90	65.72	54.99	31.11	35.61	32.08	32.35	77.97	84.43	13.66	65.68	38.92	32.33	90.55	63.55	38.35	33.56	36.82	6.15	4.94	61.24	86.89	105.59	63.27	85.29	109.45	23.96	8.59	8.72	6.20	6.36	0.72	89.82	58.77	69.19	67.58	105.87
18.22	7.70	48.19	6.74	0.00	6.81	8.89	8.38	4.97	4.19	0.53	2.89	8.24	57.52	54.62	55.29	62.98	27.65	40.54	36.99	40.07	94.79	95.62	22.12	57.05	38.53	31.49	98.59	46.84	28.37	25.39	25.09	12.40	13.02	62.93	92.47	102.60	81.86	99.04	84.55	30.81	6.94	14.20	12.10	7.63	5.80	94.04	62.79	70.06	56.46	98.55
15.57	6.63	39.81	0.48	6.66	0.00	7.06	8.61	7.88	10.36	8.10	9.24	2.81	68.90	52.54	60.27	68.35	34.51	36.28	34.56	32.56	86.75	94.84	15.78	62.46	40.27	38.43	97.99	50.28	31.70	36.97	34.81	5.62	6.09	72.53	88.35	105.67	71.94	88.42	89.83	22.18	9.56	9.36	6.23	6.67	0.36	86.91	61.50	68.57	71.90	87.65
9.53	1.19	40.51	5.84	7.76	5.66	0.00	4.07	6.53	10.17	8.03	10.08	3.16	68.65	64.68	76.53	75.98	37.31	47.29	36.65	38.04	103.70	89.58	17.34	80.10	41.11	40.11	95.47	57.35	36.51	29.82	35.23	9.27	9.13	68.94	101.16	96.25	84.02	95.15	101.94	25.24	4.45	4.52	7.42	1.66	5.87	88.28	66.59	65.55	79.97	98.65
10.84	3.19	36.40	9.36	6.94	9.23	3.36	0.00	3.58	8.65	8.41	8.13	6.61	69.02	57.89	67.16	74.71	32.05	46.50	45.90	50.39	91.84	87.16	23.85	70.47	41.33	44.93	101.90	56.65	30.83	33.20	33.25	11.83	13.24	63.66	90.86	112.51	89.13	86.89	98.47	30.83	0.68	6.40	10.37	1.82	7.72	102.76	74.42	62.99	70.43	111.01
13.04	4.89	41.73	9.40	4.57	7.77	6.44	3.12	0.00	5.15	4.82	4.95	6.88	70.38	64.63	66.02	61.12	31.71	50.77	42.02	39.34	98.40	104.58	24.27	69.62	39.68	35.14	102.08	49.50	29.35	26.50	32.63	11.77	14.07	59.39	89.43	96.45	83.54	94.09	103.44	31.95	2.55	10.80	12.97	4.39	8.47	87.23	61.55	63.82	64.59	98.24
20.42	8.76	43.00	10.60	3.78	11.57	11.11	8.38	5.82	0.00	3.53	0.85	10.71	60.92	54.89	58.70	56.48	26.84	42.17	50.15	49.16	82.59	85.65	26.18	61.39	33.03	38.25	81.52	41.44	24.83	24.44	24.97	17.98	16.33	65.06	86.13	105.37	74.38	91.78	101.68	33.43	9.02	15.70	16.47	9.19	10.01	94.18	58.57	53.79	68.51	101.56
17.84	8.21	48.89	7.76	0.56	7.84	8.96	7.90	5.04	3.53	0.00	2.54	9.00	55.05	51.83	54.78	61.27	25.74	43.79	37.51	39.82	91.47	97.32	21.50	69.47	38.76	37.35	84.30	52.75	28.68	28.77	26.80	13.57	12.70	69.71	88.16	101.52	65.68	90.27	83.40	31.08	7.39	13.22	14.02	9.14	6.92	92.22	62.97	68.97	55.75	101.53
17.92	8.66	46.88	10.61	3.31	10.89	10.82	8.71	5.61	0.83	2.21	0.00	10.41	54.89	50.09	69.53	58.82	27.02	42.53	50.07	44.70	93.15	93.71	21.20	70.21	35.00	32.57	95.33	42.52	26.85	23.84	23.36	14.24	17.57	54.75	92.96	100.35	77.35	97.55	86.69	35.01	8.31	17.04	14.79	8.48	9.98	85.01	62.60	64.54	66.71	88.46
12.98	2.84	40.44	3.08	7.27	3.38	3.30	5.80	7.36	10.95	7.52	11.30	0.00	62.15	55.00	68.50	61.48	33.96	38.54	40.84	35.98	85.06	98.76	14.88	65.79	38.69	44.37	99.55	62.69	38.08	30.49	33.44	6.80	5.38	70.20	96.98	100.91	79.35	100.09	113.55	25.33	5.89	7.69	6.22	5.16	3.09	104.43	58.21	72.16	68.22	88.72
79.05	68.25	95.40	73.79	58.57	72.97	76.28	63.84	70.18	69.01	55.99	59.33	69.99	0.00	5.22	3.74	7.43	46.12	60.01	58.02	63.68	40.49	38.18	57.43	8.15	28.62	29.63	41.02	47.26	66.21	43.72	45.02	61.27	68.46	7.18	47.44	39.43	28.18	33.34	33.39	85.62	77.58	77.48	74.47	78.06	69.80	49.62	5.68	31.50	8.22	34.71
72.91	56.76	84.18	53.33	57.42	53.85	69.36	67.50	58.61	54.01	56.12	60.31	62.42	5.05	0.00	7.55	7.55	49.37	56.28	53.89	58.52	43.63	43.19	63.55	7.86	21.60	21.44	40.92	38.07	55.28	41.81	49.09	65.27	62.49	8.80	44.66	40.16	27.62	39.75	39.95	66.13	67.34	65.92	56.46	57.54	57.41	65.08	4.54	28.08	8.88	41.12
75.91	64.70	102.38	56.27	64.90	66.94	78.30	65.46	61.60	54.29	58.59	54.47	60.57	4.17	7.08	0.00	3.69	54.61	57.80	64.62	61.28	31.65	36.30	62.92	10.48	24.87	30.60	36.16	47.68	63.78	49.16	56.12	59.55	73.48	12.55	34.40	32.57	26.38	37.29	30.47	81.14	73.15	68.80	62.56	77.21	56.64	48.00	3.77	29.20	13.13	37.17
70.00	61.40	81.22	57.76	53.62	68.79	65.97	75.62	61.97	61.44	58.12	64.41	59.07	8.21	8.07	3.65	0.00	52.82	55.45	61.33	51.96	30.07	36.18	55.15	16.25	27.40	22.55	31.52	50.61	66.32	44.82	46.37	64.12	73.60	14.95	35.20	36.70	20.17	34.47	38.15	77.01	74.25	76.93	61.03	59.72	60.51	49.84	3.48	34.69	14.88	31.39
46.45	35.74	62.07	31.39	28.77	34.45	35.92	29.98	29.62	24.10	29.70	24.65	30.58	48.96	42.53	52.59	48.87	0.00	65.46	67.44	52.65	81.72	76.75	42.98	41.95	28.47	26.31	74.02	22.95	16.34	0.90	0.58	39.38	43.78	40.50	97.64	81.99	74.20	72.97	75.00	50.55	32.47	36.99	37.45	33.18	36.28	85.46	45.43	40.66	48.31	84.77
50.13	46.03	37.29	37.56	41.91	40.86	42.45	46.52	42.69	41.41	43.23	43.65	38.88	62.69	55.22	56.64	60.36	54.63	0.00	0.14	0.38	69.03	76.62	21.61	62.09	41.51	38.48	64.75	73.20	78.68	61.23	67.79	37.80	31.47	73.27	80.67	73.06	62.01	64.33	98.67	28.02	40.31	41.06	38.44	49.04	40.68	68.32	51.42	76.25	64.40	86.32
45.64	42.03	32.19	33.56	43.40	40.91	39.02	47.00	43.25	48.24	41.36	44.49	33.89	63.30	56.45	58.40	55.01	54.25	0.12	0.00	0.23	73.00	77.65	20.27	62.96	39.46	45.93	76.65	69.56	77.80	63.76	63.67	34.52	33.94	66.93	73.57	86.90	58.40	79.59	81.87	29.69	41.08	38.59	31.67	39.29	40.10	61.27	58.15	75.50	73.00	91.28
46.13	45.74	40.56	34.11	45.42	34.41	38.53	46.21	41.74	49.50	47.15	40.75	34.09	60.93	55.74	64.42	62.81	57.48	0.35	0.26	0.00	78.12	77.02	25.35	71.49	42.67	38.51	66.90	81.40	62.15	60.38	62.06	30.33	30.15	78.03	75.28	90.77	55.26	64.08	84.24	27.07	39.73	44.60	35.76	46.91	35.48	70.31	58.53	89.77	72.21	92.71
98.93	89.32	100.04	93.72	78.26	83.78	85.30	83.70	86.90	77.76	81.63	85.00	100.73	40.72	38.02	28.88	32.39	84.89	64.96	63.94	63.50	0.00	0.37	78.65	43.02	58.32	59.06	1.55	76.02	101.58	74.44	76.72	81.41	90.75	47.03	7.06	14.58	14.12	0.97	23.82	100.71	99.88	92.71	102.06	87.34	94.74	21.36	34.93	70.84	38.69	22.71
102.73	105.00	107.53	96.92	93.02	94.17	104.93	94.82	90.65	78.58	89.50	98.18	86.27	35.23	35.53	34.43	33.25	72.02	70.71	64.92	62.81	0.36	0.00	85.66	44.60	48.29	53.34	1.41	80.84	108.43	84.32	93.01	81.83	87.63	42.43	6.23	14.63	14.04	0.80	25.11	93.04	93.26	104.14	95.83	104.37	97.27	26.98	33.28	56.03	43.22	26.03
26.17	21.14	32.26	12.99	18.20	12.47	19.76	23.22	24.55	26.20	18.80	21.19	18.09	63.36	52.48	62.40	63.05	44.37	24.24	23.22	23.37	89.45	77.49	0.00	60.06	37.74	40.26	83.62	65.94	48.70	39.15	49.78	11.24	9.93	71.03	76.72	93.87	60.22	81.03	101.22	13.60	19.69	22.35	12.96	19.68	14.88	90.71	57.21	75.65	75.10	88.43
79.52	62.13	102.36	71.34	64.82	73.02	62.59	71.60	65.84	69.66	66.12	66.17	66.93	7.81	8.55	11.57	14.80	46.68	71.43	75.34	72.13	39.39	37.25	61.81	0.00	28.69	28.72	41.11	39.69	61.47	48.66	45.22	65.80	65.26	0.48	49.24	45.04	32.01	41.84	38.09	81.99	65.32	76.19	81.02	66.58	68.47	59.63	12.03	23.07	0.50	37.67
49.66	36.42	69.40	37.50	38.68	40.50	39.14	40.33	39.21	30.67	34.83	35.89	36.91	25.64	26.17	30.67	24.76	32.49	45.66	43.98	40.70	46.95	47.28	32.73	28.37	0.00	0.41	62.23	38.21	48.74	33.87	27.66	43.89	40.45	28.68	54.40	62.56	37.02	51.90	54.91	46.17	42.80	41.22	42.50	43.88	34.45	57.10	24.68	41.53	31.17	62.53
57.37	43.72	60.82	40.15	39.10	38.81	40.55	42.44	37.51	37.85	30.10	35.07	34.52	25.76	26.27	25.83	23.76	30.89	39.95	41.14	38.12	59.56	60.95	32.49	27.39	0.42	0.00	60.38	43.50	50.29	33.63	32.81	44.99	40.11	28.84	67.53	55.00	39.27	60.57	58.46	54.85	43.89	46.82	44.24	45.16	33.86	73.51	21.03	35.50	32.72	59.81
107.04	91.42	105.47	96.78	80.36	81.32	101.03	93.95	96.16	98.41	95.91	78.15	102.60	32.44	41.43	33.55	32.98	78.19	62.90	79.51	64.24	1.74	1.27	76.86	48.78	54.03	53.54	0.00	69.48	94.90	75.53	73.23	93.92	79.52	44.55	5.60	12.32	17.70	0.54	21.83	98.91	86.82	108.26	91.53	86.75	86.46	24.39	38.05	67.01	46.67	22.17
65.43	54.82	87.98	53.24	50.90	55.63	64.63	58.34	49.72	49.11	46.08	50.83	59.94	47.49	33.77	49.79	44.31	22.96	81.18	76.94	70.51	72.66	68.89	72.61	40.73	39.65	38.20	73.21	0.00	33.34	21.10	22.04	64.09	60.26	38.01	94.83	73.50	63.35	72.41	70.81	79.68	56.07	60.44	63.33	51.36	49.13	89.22	43.61	20.41	32.48	80.15
33.18	35.51	66.12	38.76	30.56	39.46	30.02	30.01	32.29	24.93	27.35	24.06	38.46	68.10	60.34	63.64	63.45	16.64	72.34	62.64	68.79	100.53	89.94	45.04	71.01	49.80	40.13	106.98	35.44	0.00	16.09	15.83	40.24	43.28	54.63	98.04	95.57	93.85	97.54	104.29	52.74	32.99	35.93	44.94	33.86	32.03	102.29	60.53	46.38	55.93	88.75
37.31	31.58	68.70	29.70	23.49	32.47	30.22	28.59	26.35	22.04	24.24	23.11	31.93	45.38	41.29	44.63	47.27	0.98	55.16	57.41	65.45	86.61	88.55	41.51	50.28	32.36	33.72	93.54	21.27	14.37	0.00	0.49	38.93	40.14	51.68	93.66	78.64	71.25	78.72	80.27	49.59	32.81	38.11	37.50	28.95	34.27	103.90	44.80	39.17	51.53	82.46
39.29	35.50	78.88	32.98	29.65	34.27	34.45	32.87	28.01	24.99	23.25	22.35	39.00	53.92	46.72	48.90	53.83	0.58	62.48	54.39	53.45	76.22	74.19	49.35	52.10	35.11	27.10	74.23	20.56	14.50	0.48	0.00	42.50	40.32	42.93	99.94	85.43	77.57	84.56	91.75	53.87	33.64	42.22	43.63	35.70	34.65	87.82	43.59	39.06	47.13	74.80
15.39	9.43	26.58	5.28	11.39	5.86	7.42	10.96	12.72	14.94	13.84	17.26	6.48	74.26	67.49	64.17	64.71	42.01	32.45	31.45	35.22	89.22	83.89	10.48	70.15	40.27	44.89	91.43	58.84	45.03	38.13	37.90	0.00	0.55	62.38	85.29	111.94	76.30	97.74	90.30	18.04	13.61	7.72	0.35	11.28	5.79	83.79	64.13	82.44	71.65	98.73
13.42	8.30	28.69	5.24	12.84	5.57	7.87	10.94	13.81	17.05	12.90	14.62	6.66	62.41	58.13	68.61	68.15	36.69	37.64	32.40	33.35	83.96	83.75	11.61	75.97	37.41	40.27	82.24	57.29	36.42	41.65	41.72	0.63	0.00	79.41	98.74	89.92	83.17	79.67	107.30	19.21	10.53	9.60	0.90	10.90	6.37	83.48	56.19	78.15	71.65	104.10
79.57	68.84	98.15	69.04	69.18	65.56	64.22	63.00	59.91	60.05	68.20	55.93	62.70	7.98	9.17	12.02	14.34	47.96	75.95	64.50	72.68	44.56	44.22	65.26	0.44	31.71	29.71	46.85	39.97	68.39	44.59	43.13	71.06	61.88	0.00	44.48	46.44	37.46	40.42	41.14	90.68	66.83	80.77	79.89	69.58	60.31	55.52	11.55	21.50	0.18	40.36
115.36	91.68	108.14	95.34	104.87	92.97	112.18	94.20	90.89	102.60	93.93	86.00	96.32	42.03	50.42	40.69	41.82	85.70	65.72	74.40	83.16	6.32	5.74	90.62	51.57	56.49	61.46	5.39	75.66	104.15	84.17	97.53	87.50	102.03	46.34	0.00	14.66	21.21	5.92	27.24	109.33	93.57	100.69	85.53	88.85	83.19	22.06	36.95	66.28	52.95	27.96
103.63	101.16	121.47	91.60	89.27	96.34	106.27	92.24	106.77	107.10	103.67	83.16	97.44	36.68	39.27	33.44	33.60	77.94	94.01	79.66	90.91	13.32	14.70	90.39	44.22	57.72	53.71	14.03	70.09	92.07	79.51	76.36	98.21	106.03	37.43	13.67	0.00	27.38	13.03	12.01	117.98	106.96	113.67	107.78	94.83	89.56	40.75	35.93	56.72	39.90	12.16
78.97	83.06	92.23	71.26	79.69	80.03	78.73	82.60	82.00	69.82	70.43	70.80	73.56	30.71	26.92	24.84	18.98	68.47	59.57	52.82	55.73	16.47	16.99	72.44	39.55	34.90	38.03	15.77	62.21	94.78	64.23	74.99	69.04	69.58	37.38	21.19	26.48	0.00	15.28	33.68	83.87	78.62	81.36	70.66	89.12	67.37	26.81	26.65	56.29	33.22	30.84
92.29	98.26	117.30	91.11	98.13	81.47	85.38	97.27	91.24	96.76	81.04	79.33	98.33	40.12	40.75	29.65	31.58	80.87	67.76	74.67	75.12	1.07	0.71	89.47	44.59	57.62	49.59	0.50	80.89	107.99	87.69	75.30	96.92	98.86	39.70	5.76	12.73	17.68	0.00	25.10	105.31	91.40	99.62	101.76	90.92	87.87	24.32	35.99	68.53	40.59	24.81
112.72	108.78	132.38	86.61	87.50	101.40	89.94	92.46	107.36	98.42	105.89	95.08	112.01	30.17	39.85	34.74	31.47	86.77	79.39	99.88	82.43	22.77	25.96	97.22	35.35	55.34	59.13	22.55	67.39	99.08	76.93	74.44	96.15	90.82	33.60	28.59	12.04	36.30	23.92	0.00	96.96	95.90	95.06	100.34	90.17	90.00	41.39	38.97	54.88	35.75	0.17
25.39	24.34	16.37	25.26	32.06	24.79	23.47	26.84	26.47	32.36	30.46	29.92	23.21	69.29	79.78	69.71	67.69	59.75	26.26	24.88	27.44	101.18	84.53	14.82	73.32	49.98	47.95	87.31	78.21	59.33	50.59	53.56	18.18	19.44	83.36	91.20	100.50	86.50	85.86	98.18	0.00	30.30	22.82	17.76	25.79	20.52	88.49	80.18	97.12	76.62	113.67
11.37	3.66	39.95	8.56	7.62	8.18	3.55	0.57	2.69	9.10	7.21	8.01	5.65	71.68	65.95	66.08	64.93	29.70	46.46	41.93	48.20	106.56	91.67	20.86	77.26	38.96	42.48	104.60	57.74	33.20	33.60	34.61	11.33	12.83	67.30	97.67	101.26	73.78	107.91	103.79	27.72	0.00	7.95	11.34	2.18	9.13	112.73	71.24	61.37	72.28	91.36
5.42	5.70	29.51	9.59	14.73	9.06	4.99	7.70	10.48	16.54	14.03	14.05	7.26	70.40	65.53	70.73	63.20	39.41	45.60	44.82	37.54	96.55	94.05	20.12	85.57	50.00	49.94	93.48	62.28	40.94	34.58	44.22	9.58	9.47	71.28	116.68	119.44	74.12	110.64	106.89	24.54	7.12	0.00	8.73	6.17	8.98	111.75	64.93	70.34	81.08	110.91
14.98	8.28	32.91	6.30	12.80	7.10	7.32	11.54	12.14	16.56	13.30	17.70	5.87	76.97	68.51	62.91	62.39	44.38	36.69	36.88	33.94	81.28	97.62	11.94	77.37	44.22	37.29	98.52	57.59	43.52	41.81	37.06	0.39	0.84	63.23	84.79	108.93	74.59	97.72	93.18	16.05	10.63	8.51	0.00	10.34	7.53	105.36	68.01	82.52	64.13	93.56
9.09	1.92	37.86	8.02	8.78	8.13	1.75	1.97	4.31	9.25	9.36	10.32	4.73	67.66	73.00	70.33	61.72	38.28	38.82	40.61	37.94	100.78	97.08	21.68	69.62	40.12	39.16	104.68	56.34	36.84	35.62	30.48	9.55	10.69	75.50	107.31	113.81	76.49	97.51	103.18	29.42	2.60	5.53	8.90	0.00	8.17	91.85	66.71	71.67	61.99	97.70
14.89	5.11	36.99	0.72	6.01	0.34	6.86	7.48	7.43	10.91	7.41	9.40	3.27	64.88	67.13	70.87	63.02	34.07	40.41	36.01	34.67	77.10	78.96	13.75	73.65	35.64	36.23	86.18	58.62	33.02	35.87	37.36	5.77	5.90	71.90	85.89	108.79	74.67	93.20	87.31	25.09	7.77	9.26	6.27	7.16	0.00	102.02	64.06	71.56	60.45	94.68
117.07	109.16	96.34	83.38	85.19	100.37	102.12	98.36	87.10	83.65	96.90	90.96	84.38	62.49	54.70	53.06	51.98	82.66	73.75	74.73	74.31	22.17	25.77	74.76	63.21	71.73	63.33	20.81	98.44	117.16	90.80	94.16	95.04	104.24	60.04	18.76	40.85	32.09	25.05	50.51	92.92	106.12	93.63	100.66	107.81	104.00	0.00	58.68	80.99	62.79	47.65
77.83	57.82	83.47	66.14	51.38	61.96	70.59	58.83	55.13	52.34	54.93	60.57	59.67	6.17	4.75	3.36	3.55	40.99	57.12	56.22	54.28	38.15	33.34	56.49	12.03	21.52	21.56	40.55	43.12	55.98	45.59	48.09	58.91	72.20	14.37	43.30	38.80	23.16	38.52	33.87	65.16	65.12	65.03	59.70	67.49	55.18	48.98	0.00	29.41	11.90	33.11
87.89	67.09	97.65	72.11	60.88	74.29	78.87	66.92	61.49	55.42	66.07	63.11	77.76	28.21	26.81	36.04	34.58	37.29	87.28	87.68	74.63	59.33	68.62	80.30	23.90	41.51	40.05	63.25	18.79	54.44	36.38	42.50	74.81	71.12	19.82	62.13	53.87	50.89	60.10	51.50	87.20	62.50	83.98	68.36	71.46	59.37	78.06	28.78	0.00	21.93	55.16
84.51	78.11	97.51	63.77	61.53	68.98	74.14	75.42	73.90	56.20	55.04	65.63	63.97	8.34	9.08	10.41	13.67	43.26	73.83	73.31	78.20	42.02	41.76	63.19	0.51	27.59	32.33	44.23	36.99	61.97	41.47	50.89	80.15	71.65	0.16	43.41	45.45	36.48	48.65	37.26	85.59	72.02	74.73	78.70	64.73	70.28	66.21	11.63	21.62	0.00	33.55
106.61	108.07	129.97	104.88	90.87	104.15	103.97	106.77	104.44	100.85	90.72	91.20	102.72	30.17	42.92	32.24	37.43	85.17	90.94	99.69	87.23	24.92	21.89	84.36	32.67	61.76	61.57	26.38	63.22	98.05	84.07	74.91	102.10	113.81	37.11	28.31	12.57	32.88	21.95	0.16	116.77	96.77	112.59	108.77	96.70	103.06	48.38	41.94	56.53	38.52	0.00
~
Delivery quantities;
4 0 2 2 0 1 1 4 14 0 1 1 2 0 2 1 0 2 6 1 2 4 0 6 4 0 0 0 2 4 2 1 2 1 1 2 1 1 4 1 4 1 1 1 2 0 4 2 2 2 
~
Pick-up quantities;
20 24 8 4 42 0 0 30 24 28 0 0 0 16 18 6 18 0 4 0 6 12 8 6 0 6 12 4 6 0 0 8 4 8 0 8 0 6 12 0 8 0 0 6 0 4 0 4 6 0 
~
Vehicle capacity; 
120 120 120 120 
~

