Cost matrix;
0.00	30.76	9.08	0.64	15.87	11.20	4.80	12.93	16.87	48.86	10.51	46.65	20.48	17.44	80.26	70.99	67.74	45.89	40.56	54.81	57.71	10.59	44.35	51.13	53.33	38.28	45.48	61.03	34.49	39.13	37.59	9.36	37.34	114.01	71.22	88.22	70.82	43.21	28.01	86.77	17.89	61.21	53.04	44.31	40.41	16.72	59.56	24.77	59.34	30.82	30.32
27.04	0.00	39.98	31.72	40.95	38.77	39.23	45.50	47.82	16.86	34.97	33.34	38.96	28.82	103.73	99.05	92.43	66.95	66.91	78.69	80.23	31.41	75.99	69.14	72.67	57.55	66.15	36.88	22.42	17.63	27.43	31.33	31.32	125.51	99.77	116.24	115.24	19.67	58.00	95.13	33.43	55.45	63.57	33.91	77.62	13.63	92.78	52.81	100.67	0.13	25.04
10.08	34.68	0.00	10.16	6.94	3.22	6.25	6.16	6.70	48.63	2.67	45.73	7.70	29.58	64.84	74.34	60.43	30.45	29.19	39.16	43.91	2.21	49.27	40.24	46.35	32.98	30.94	79.62	51.04	42.18	58.21	2.94	46.08	103.81	67.79	74.43	73.51	50.80	23.58	74.39	29.31	54.36	57.92	41.47	33.23	24.93	54.25	23.76	57.41	39.01	27.44
0.56	33.18	10.06	0.00	15.36	9.23	4.77	10.73	14.78	41.28	10.75	42.94	18.46	19.57	81.25	76.03	69.21	44.04	40.53	57.93	48.18	9.38	53.54	44.54	48.83	43.66	39.90	68.28	36.43	38.14	43.12	8.75	45.90	93.90	74.21	84.29	67.73	48.34	33.46	70.27	16.75	62.92	56.09	39.55	46.85	16.64	58.69	26.75	63.23	27.13	27.31
15.52	40.31	8.49	15.83	0.00	7.39	14.70	7.77	0.27	64.09	7.29	49.62	3.07	32.63	55.40	64.18	65.60	27.51	28.13	38.23	37.32	9.25	37.85	47.09	44.11	26.46	30.31	88.78	62.56	47.26	53.29	8.66	44.26	78.45	66.64	58.11	66.09	55.68	14.63	57.21	32.33	66.76	50.52	49.57	27.46	29.10	50.75	18.56	52.94	42.03	30.17
9.78	44.38	3.21	9.49	7.37	0.00	6.13	3.35	6.71	49.20	0.46	50.56	8.26	22.76	64.67	61.72	68.12	31.79	31.72	44.86	42.98	5.25	45.41	43.88	38.19	33.28	32.63	74.87	42.73	40.60	46.27	6.09	45.77	102.36	61.15	69.81	67.48	53.75	22.27	63.21	28.56	73.95	55.21	46.66	35.14	28.52	61.58	19.67	49.93	37.21	33.93
5.61	32.31	7.16	5.91	12.40	5.73	0.00	7.16	14.81	45.74	6.89	48.14	15.47	17.79	70.30	72.16	77.72	36.45	43.20	41.76	42.57	7.72	40.88	47.38	42.60	34.81	42.71	70.32	40.42	41.02	48.04	8.25	48.22	111.35	68.99	82.72	63.04	53.43	22.15	67.13	18.95	63.86	62.46	39.88	39.03	20.92	66.82	17.76	57.58	35.29	30.72
13.03	42.69	7.02	13.06	8.21	3.02	7.71	0.00	8.31	56.43	3.35	45.48	10.50	27.33	65.26	56.16	63.00	37.50	38.00	42.06	34.76	9.08	37.39	39.90	43.03	33.82	30.09	69.54	53.40	49.74	51.81	9.07	48.89	98.76	66.11	75.88	70.53	64.30	19.84	60.28	29.51	66.93	58.76	49.16	27.49	30.34	59.22	16.31	50.41	37.18	30.42
17.90	41.51	6.75	16.79	0.25	7.62	13.36	6.88	0.00	58.65	8.04	41.05	2.72	33.02	69.08	63.33	63.70	27.21	27.72	34.45	35.92	8.42	42.33	39.04	44.27	29.88	29.86	90.16	56.17	41.51	65.92	9.52	51.37	94.00	62.73	65.76	54.99	60.57	16.39	70.21	32.23	62.11	54.27	42.02	27.62	36.64	42.08	23.03	43.26	45.51	28.69
48.60	14.40	46.64	40.16	58.19	54.23	52.07	53.58	62.41	0.00	57.07	29.45	57.52	43.37	125.58	106.84	125.35	77.93	78.07	81.51	98.09	44.93	87.06	94.53	101.41	68.74	78.23	33.76	31.97	22.18	29.10	50.17	30.64	145.65	115.14	104.04	118.46	8.76	64.73	122.61	46.81	59.96	61.58	32.13	75.38	24.29	110.57	78.04	109.84	14.21	29.51
9.30	35.69	2.52	11.02	6.23	0.46	6.96	3.28	7.54	49.12	0.00	45.80	8.70	25.18	65.83	72.11	61.87	35.02	35.67	40.68	39.85	5.41	41.34	37.91	38.12	34.58	35.39	73.38	45.99	43.35	53.33	4.91	44.29	86.73	58.71	63.66	72.50	48.19	19.70	65.76	27.95	63.15	55.44	44.42	31.41	26.44	49.89	21.11	60.89	39.05	27.83
44.34	31.79	45.07	36.06	49.70	49.79	41.19	44.63	39.76	27.80	42.08	0.00	43.66	58.04	85.86	99.48	100.17	47.56	51.54	79.20	83.59	37.03	86.63	89.80	84.00	46.12	51.82	68.01	58.84	10.51	58.49	42.69	0.41	120.00	84.54	100.18	102.54	21.61	63.01	123.42	55.44	22.65	31.58	1.05	60.25	31.20	72.52	63.60	84.66	30.89	14.93
19.81	40.97	7.55	17.76	3.06	9.53	16.59	9.74	2.82	57.32	10.07	42.14	0.00	38.92	66.71	51.17	63.68	23.57	22.80	38.13	31.83	9.89	48.18	48.53	48.07	27.25	25.26	76.19	59.96	43.29	62.96	10.78	44.17	95.35	54.92	61.80	62.16	59.21	16.67	71.52	32.06	56.25	48.87	48.47	28.77	36.04	43.34	20.32	43.41	47.58	28.21
19.02	30.24	28.05	19.51	29.02	26.05	18.73	27.00	32.19	41.92	27.26	55.66	39.34	0.00	91.86	81.81	81.37	54.89	64.27	61.17	69.59	26.84	45.93	50.47	55.00	57.97	57.73	49.15	24.62	47.23	30.35	25.99	56.63	112.57	96.58	105.87	92.54	47.95	49.24	94.40	0.13	67.49	82.62	54.96	58.01	20.85	82.55	33.91	72.74	26.81	37.44
81.95	112.31	64.90	79.92	55.47	64.33	75.03	67.08	64.98	116.27	63.68	89.15	67.73	91.98	0.00	6.73	4.00	47.97	48.54	31.63	31.89	72.69	58.92	62.86	70.63	48.80	44.22	159.42	117.77	105.01	132.02	74.24	101.02	37.27	3.75	0.50	7.27	125.05	44.45	50.67	99.78	93.98	71.03	103.65	42.77	100.40	18.54	57.22	18.94	117.91	75.34
79.59	104.07	63.75	66.02	60.26	67.48	76.99	58.56	62.21	122.25	70.63	96.53	55.31	84.68	5.94	0.00	2.67	44.69	49.35	25.30	22.34	68.50	52.82	59.17	59.86	41.07	46.29	123.20	109.25	110.23	112.94	62.13	83.76	36.01	2.97	7.04	3.46	98.70	42.53	40.09	88.28	107.97	82.35	97.82	32.66	99.85	19.76	55.29	18.18	108.43	75.37
67.13	107.51	75.21	72.59	56.76	71.71	77.07	69.09	63.75	113.60	73.01	88.69	57.32	95.62	4.03	2.66	0.00	46.97	45.59	25.98	24.83	66.30	63.94	62.17	64.88	45.28	44.77	133.27	127.77	112.51	106.39	69.79	86.29	38.30	0.33	3.64	5.09	114.42	43.64	42.31	84.79	99.44	72.93	95.88	32.62	92.91	19.26	57.18	19.05	93.51	93.05
36.23	59.53	30.16	35.80	25.38	33.65	39.49	31.50	26.48	79.64	30.87	48.04	24.02	61.54	56.04	53.71	46.23	0.00	0.11	28.67	33.84	28.88	60.05	55.81	57.31	0.86	0.82	111.00	76.76	53.44	77.24	30.69	44.57	73.64	43.15	46.20	47.38	74.36	28.58	71.37	55.16	57.34	36.54	45.81	24.63	44.71	28.24	43.87	32.26	62.24	41.11
36.33	60.58	32.67	38.28	23.95	35.54	34.96	34.89	26.87	71.96	32.97	45.85	26.07	64.76	48.76	47.79	47.26	0.12	0.00	32.28	27.30	27.50	58.64	56.44	62.58	0.64	0.69	105.83	84.07	46.32	84.24	34.83	51.61	88.06	47.42	51.60	52.59	67.88	27.66	72.55	50.82	46.61	41.20	46.62	27.73	48.59	29.39	37.90	28.96	53.67	36.82
53.22	72.77	44.46	57.61	39.53	39.42	49.29	44.20	33.06	101.04	36.20	80.27	32.17	72.06	29.00	23.77	24.36	30.76	27.41	0.00	0.19	44.73	35.59	40.62	41.19	29.49	30.22	121.24	85.95	78.52	100.69	39.86	78.73	61.07	22.08	25.20	23.68	101.49	20.15	43.21	71.01	81.74	68.27	74.73	11.14	76.09	21.70	38.25	19.90	88.99	55.11
51.64	84.40	38.29	46.60	31.44	37.43	48.11	37.31	36.57	85.10	45.70	71.45	38.74	74.14	30.36	25.52	27.34	32.21	30.34	0.24	0.00	44.20	38.09	40.12	38.94	31.55	27.34	110.70	85.74	77.82	88.88	46.09	82.02	57.29	27.64	29.17	22.15	91.82	24.11	45.81	65.78	87.55	59.23	80.11	11.24	62.80	20.27	39.78	20.99	73.41	63.48
9.78	40.08	2.17	7.78	8.12	5.47	7.63	8.51	8.67	44.81	4.89	38.93	9.01	29.88	63.39	72.83	62.30	35.24	29.18	38.97	45.03	0.00	48.64	51.91	42.05	32.74	32.63	70.92	44.68	44.47	54.51	0.73	41.71	98.93	70.06	75.84	67.25	52.73	21.28	77.75	25.13	63.49	58.86	35.04	36.71	24.58	54.08	26.88	54.57	38.57	24.74
50.78	73.78	40.00	46.85	42.90	37.54	42.61	39.95	38.28	100.76	39.71	91.39	42.31	52.52	56.17	54.79	60.65	56.28	57.04	42.20	38.31	51.94	0.00	0.32	0.36	62.76	64.75	117.63	76.43	81.93	86.06	47.98	84.04	65.79	64.61	62.98	55.86	94.37	30.87	36.29	50.08	101.46	82.88	94.48	38.45	63.50	64.16	25.72	68.17	86.55	65.38
46.18	69.64	50.09	47.89	38.12	41.93	42.85	37.58	43.90	101.80	38.91	79.81	50.30	47.32	68.42	51.62	58.61	66.02	64.15	40.55	39.21	41.93	0.34	0.00	0.66	64.33	61.35	113.64	79.45	91.86	83.66	44.75	81.84	65.14	62.89	71.18	56.16	85.07	31.85	40.58	54.08	97.52	84.02	81.52	34.36	63.22	69.59	21.37	62.22	72.94	71.76
42.64	82.74	49.17	45.64	44.18	40.91	39.47	34.40	44.58	101.93	45.14	94.72	49.80	53.34	58.01	53.24	55.96	57.93	52.49	44.35	41.94	51.40	0.32	0.68	0.00	66.23	58.29	98.91	76.25	82.51	82.62	46.50	82.03	62.52	59.38	63.14	55.21	94.50	35.49	31.30	47.22	101.39	97.95	83.50	34.76	65.65	60.95	24.42	65.81	67.16	68.44
42.82	62.00	31.02	40.96	29.72	29.60	36.36	30.51	30.02	65.23	35.28	52.38	22.02	53.37	48.64	43.57	46.86	0.76	0.66	30.89	32.38	33.85	65.62	56.97	60.43	0.00	0.13	92.63	69.90	60.72	81.26	31.18	49.44	75.45	42.34	50.82	52.39	75.04	27.95	63.79	59.95	59.07	37.75	48.13	31.32	53.34	28.70	42.71	28.22	53.83	40.18
42.78	60.45	30.72	39.47	30.10	30.10	41.10	34.77	24.67	78.92	34.12	44.31	26.91	51.77	52.92	45.23	42.73	0.80	0.84	31.83	31.39	31.85	63.45	67.35	52.80	0.11	0.00	111.72	75.70	50.89	86.38	36.03	50.52	81.43	46.13	45.82	48.41	60.83	26.99	76.21	62.40	48.62	41.14	52.11	27.70	56.42	32.25	47.19	28.37	60.53	39.50
69.13	38.28	67.79	57.69	74.10	80.02	66.47	69.55	89.71	28.19	83.66	62.45	79.62	56.94	140.69	153.58	141.93	105.58	105.54	127.00	126.68	66.46	101.50	114.65	95.09	93.38	101.82	0.00	28.65	55.03	30.03	70.97	59.39	156.96	154.97	146.85	135.66	39.57	105.49	148.49	56.95	91.50	91.56	56.52	97.82	50.22	112.12	77.73	127.57	38.02	66.52
39.78	23.42	49.62	41.36	48.76	49.92	42.07	51.04	54.34	28.46	51.56	49.04	54.52	28.23	118.71	99.79	121.06	78.19	77.98	80.78	86.33	45.70	85.30	68.11	66.23	79.15	68.74	28.13	0.00	45.98	4.06	41.95	49.77	127.29	104.30	131.52	108.11	42.84	67.57	99.41	25.93	84.53	79.06	53.45	78.57	29.45	111.14	51.78	113.51	23.72	41.93
40.42	19.92	45.89	41.64	45.22	45.74	45.60	52.76	46.33	18.50	40.98	10.26	49.39	39.62	111.40	103.78	101.96	48.22	53.33	82.76	87.94	38.29	93.96	86.13	78.19	56.82	52.88	50.87	40.41	0.00	43.36	35.89	12.23	134.40	92.88	89.89	104.04	12.34	54.09	126.10	40.63	36.11	48.35	13.71	68.43	23.89	91.09	64.01	76.70	17.67	18.38
39.86	29.24	47.62	47.62	58.75	49.19	51.44	47.46	52.78	35.97	53.46	62.53	59.31	28.39	112.11	105.19	110.63	82.15	90.96	91.78	97.12	51.68	79.27	70.69	75.99	80.20	90.48	27.77	3.95	50.17	0.00	50.60	64.62	152.45	127.80	120.43	104.37	43.32	73.58	105.27	26.29	74.31	88.43	62.24	93.51	33.41	120.32	65.75	98.94	28.96	46.71
8.25	37.84	2.61	7.73	8.68	5.47	9.14	9.19	9.26	49.40	6.04	40.64	9.06	23.10	68.43	75.93	65.49	35.58	28.91	39.13	47.81	0.72	46.87	47.32	51.46	34.75	32.35	80.79	48.15	36.68	55.41	0.00	35.42	104.51	72.03	65.73	75.38	43.52	24.44	72.10	22.94	64.15	50.66	39.71	39.88	21.03	61.09	26.29	56.97	38.81	23.20
43.35	30.65	37.67	44.25	45.66	40.95	48.73	47.22	48.49	32.10	45.81	0.34	48.39	47.34	91.64	86.87	83.38	41.50	42.29	83.17	75.82	43.83	88.20	80.53	87.95	51.82	50.02	61.63	55.37	13.13	53.64	37.14	0.00	119.38	89.66	91.54	105.21	26.78	54.40	104.33	48.26	25.29	27.88	0.54	69.82	30.23	82.90	70.92	68.21	26.59	13.86
96.39	117.90	102.20	103.56	78.16	104.58	91.55	85.82	94.54	146.87	95.21	119.38	97.35	126.51	34.27	39.96	42.30	93.66	91.62	56.94	49.50	92.62	69.90	66.63	62.66	76.31	85.96	172.21	137.96	149.05	140.77	96.59	116.46	0.00	41.38	32.98	34.67	146.25	75.51	36.57	112.52	128.37	121.05	129.17	70.56	121.85	64.05	73.01	59.80	141.44	123.25
71.29	115.38	62.28	71.65	66.34	73.74	80.86	66.20	58.59	125.84	60.67	94.69	52.16	92.20	3.00	2.98	0.40	53.56	52.73	22.57	27.55	74.13	64.51	64.54	61.50	52.63	52.75	125.93	125.08	111.79	121.61	73.22	87.36	36.58	0.00	3.73	5.97	120.42	43.52	47.10	102.25	87.38	70.74	84.16	33.39	94.77	18.87	61.68	19.46	101.80	75.96
77.31	119.15	73.05	70.79	70.21	72.14	68.47	75.68	58.06	114.63	78.27	102.62	63.17	102.86	0.47	6.45	4.18	43.98	51.06	25.04	25.57	80.23	65.85	60.54	57.88	54.92	43.49	157.21	124.93	93.34	126.14	76.45	90.27	40.26	3.48	0.00	6.94	126.86	45.04	42.72	91.99	90.96	72.89	89.98	35.85	100.44	19.56	60.04	22.28	103.50	87.61
85.23	105.42	63.69	71.39	62.82	61.35	71.01	61.07	61.03	124.38	59.37	89.07	55.96	91.26	6.86	3.78	5.90	53.65	57.29	27.67	26.28	67.41	58.63	58.81	52.89	46.49	51.56	126.02	104.67	102.32	106.12	70.73	91.17	36.73	5.09	8.83	0.00	123.63	41.11	35.20	84.45	90.50	89.71	103.23	37.46	86.41	24.75	66.04	23.08	97.97	88.93
44.18	21.42	50.80	52.85	56.86	61.01	51.27	54.33	62.46	9.68	61.24	26.26	52.12	51.14	101.59	114.92	118.03	67.82	71.03	92.90	100.66	49.42	86.68	99.31	89.54	63.45	73.89	38.87	39.48	12.49	44.42	44.96	21.57	149.10	115.70	116.56	129.75	0.00	82.53	131.20	49.17	45.00	55.63	22.11	76.07	32.68	104.84	73.10	94.25	18.03	32.34
28.31	66.60	21.48	31.26	15.36	19.41	23.85	17.01	17.28	79.67	18.58	62.11	15.27	42.18	48.84	43.42	51.92	29.71	27.31	22.58	24.49	24.99	33.26	33.94	31.69	27.00	30.12	103.99	75.98	65.11	64.77	25.22	64.97	79.70	48.79	56.86	43.99	71.66	0.00	54.40	45.95	84.20	62.60	52.36	12.47	49.96	37.90	15.74	40.99	63.89	43.68
77.23	109.95	79.90	81.83	66.51	67.42	71.83	67.96	57.23	134.31	70.95	106.48	60.22	76.30	49.16	46.94	39.49	63.48	74.95	44.65	43.27	65.42	35.74	32.70	32.14	63.85	62.80	123.14	117.18	122.12	117.86	78.80	123.47	42.65	39.68	45.70	43.28	129.09	55.60	0.00	90.85	129.93	101.48	122.66	47.05	106.43	50.47	60.23	59.30	96.45	88.95
15.94	31.48	23.80	17.43	36.02	24.29	20.50	26.00	35.93	49.90	23.72	55.92	38.80	0.13	89.59	88.01	92.22	53.16	59.62	62.19	63.61	27.86	47.02	48.65	50.01	61.87	57.83	60.31	25.77	43.08	26.29	22.91	56.83	128.34	89.30	86.39	85.81	47.47	46.22	78.53	0.00	81.47	70.43	48.59	55.25	22.25	87.40	31.16	81.76	27.72	34.57
59.20	52.25	68.51	64.75	59.12	62.63	74.24	71.25	69.97	58.67	69.28	26.87	67.60	70.18	88.69	110.16	90.90	50.67	59.09	88.37	85.83	64.28	106.39	99.60	102.45	50.58	56.01	89.05	72.65	31.42	92.74	61.81	26.20	130.42	95.66	100.62	94.13	40.17	70.51	109.72	72.54	0.00	19.94	22.85	75.21	48.48	78.18	80.14	71.64	58.26	40.67
55.16	56.32	55.88	57.88	50.12	61.85	65.53	57.15	60.31	60.06	51.52	32.47	54.01	78.26	80.63	73.03	78.35	34.41	33.35	62.67	68.55	53.65	102.92	87.65	87.90	38.40	39.72	88.43	89.69	39.05	80.64	49.58	28.49	104.70	86.15	74.11	86.93	53.72	67.11	118.94	77.43	18.75	0.00	30.11	57.51	51.94	52.97	65.85	63.88	57.16	38.97
39.71	33.80	39.58	36.19	45.27	40.64	40.90	41.80	41.42	30.52	39.18	1.04	39.16	51.07	90.36	81.14	103.18	44.42	40.09	77.72	77.83	41.61	94.55	78.46	97.25	50.52	47.46	57.47	50.94	12.14	57.66	37.47	0.55	119.97	88.59	86.38	84.05	24.37	52.60	120.59	46.25	23.33	31.28	0.00	60.99	30.38	71.02	57.88	71.33	33.82	15.15
37.34	65.87	33.49	39.78	27.99	33.87	33.66	30.60	22.77	92.70	30.53	64.61	23.80	49.75	34.83	36.44	39.19	28.68	28.29	10.51	11.25	32.79	30.86	37.70	35.77	27.06	29.69	95.72	88.11	74.68	79.47	31.25	70.15	65.45	31.65	34.10	33.40	90.61	10.73	47.77	49.22	83.33	57.33	59.23	0.00	63.35	29.28	25.94	30.97	67.92	51.92
17.39	10.75	24.92	18.11	31.69	29.74	26.22	30.60	33.28	24.85	24.60	32.55	29.91	25.22	94.72	101.73	87.06	44.96	45.80	74.85	63.93	21.87	62.84	62.21	62.02	56.76	53.16	47.17	25.25	22.93	29.23	25.70	28.42	106.04	86.02	86.65	104.65	29.06	51.52	105.88	22.89	51.25	53.28	27.37	57.60	0.00	85.24	46.20	85.76	12.52	16.88
67.14	83.22	61.17	60.54	43.64	49.06	58.02	52.58	48.26	92.50	48.86	66.80	43.23	91.02	21.54	23.08	17.56	27.50	30.09	18.94	19.30	54.32	68.42	60.28	55.48	32.05	26.39	120.47	107.50	83.00	96.36	60.83	76.72	57.64	18.70	21.72	23.48	97.19	34.47	61.71	71.81	73.34	54.64	81.12	26.50	73.03	0.00	60.37	0.53	93.99	60.84
27.34	52.29	22.80	25.58	22.28	18.40	21.13	17.52	18.47	78.20	17.12	70.58	20.93	28.68	68.86	53.05	59.63	47.86	47.76	37.61	41.53	25.26	21.71	25.48	25.95	38.97	46.08	76.80	58.41	60.46	54.82	25.04	57.83	75.90	57.23	58.41	61.68	64.86	18.35	47.30	35.07	91.58	67.55	63.81	26.81	37.83	57.14	0.00	55.16	56.68	44.27
57.71	96.57	56.14	61.69	48.55	53.98	57.46	56.34	48.08	89.65	57.68	79.69	48.56	86.10	22.82	18.72	17.83	27.59	33.25	22.81	20.83	59.24	70.43	68.31	65.06	31.73	27.43	118.27	110.72	92.23	105.16	53.05	79.63	57.16	20.43	19.88	22.68	100.17	41.55	57.30	86.62	87.00	61.85	77.19	28.08	71.74	0.43	56.06	0.00	95.90	59.93
26.77	0.17	34.53	30.40	49.12	44.05	34.04	44.16	41.04	16.52	41.28	33.15	39.41	27.31	113.56	106.80	94.40	65.98	60.73	78.40	69.23	31.59	78.90	74.21	80.25	57.12	63.49	40.83	24.94	17.30	30.19	31.00	32.84	133.18	99.60	98.41	91.08	18.30	53.18	94.65	32.17	61.62	65.20	29.20	64.92	11.19	86.21	51.47	93.30	0.00	21.68
27.50	21.55	24.07	24.54	29.86	33.85	34.23	31.55	31.29	32.99	28.69	15.51	32.27	35.56	82.07	74.46	90.85	40.95	35.67	55.23	66.17	26.63	69.43	63.10	75.98	34.10	41.99	66.08	45.43	14.57	52.79	22.39	13.02	102.75	79.75	76.71	95.19	30.72	45.67	103.56	35.06	39.90	33.88	14.58	54.77	16.90	62.36	49.97	75.49	27.62	0.00
~
Delivery quantities;
0 16 0 1 1 7 5 4 4 16 3 5 0 2 0 1 1 0 4 8 6 3 0 6 4 1 1 1 1 1 2 2 1 0 2 1 2 0 1 0 2 1 2 4 2 1 2 1 4 2 
~
Pick-up quantities;
36 0 18 0 0 24 0 20 18 30 0 12 12 6 18 0 0 8 12 0 0 4 24 0 16 24 0 0 0 8 0 0 12 6 4 8 0 4 12 6 4 0 6 12 0 0 0 6 12 0 
~
Vehicle capacity; 
120 120 120 120 
~
