Cost matrix;
0.00	10.77	9.10	17.82	9.46	8.52	19.23	11.34	18.33	76.75	76.16	72.02	80.04	37.61	42.21	44.92	49.50	57.65	50.52	44.45	57.25	52.51	77.96	90.67	81.91	70.60	34.92	11.86	22.64	11.12	119.30	91.11	91.75	13.61	9.96	31.84	67.81	41.97	60.79	37.37	37.73	44.36	26.16	27.95	48.15	52.48	45.47	40.62	28.17	45.67	44.76
9.09	0.00	1.10	9.11	0.52	4.85	10.52	1.23	9.10	57.19	60.57	60.50	60.47	36.17	35.01	36.91	39.14	43.21	41.22	31.80	39.49	43.50	72.11	88.72	75.15	64.39	23.44	5.05	11.70	2.58	91.97	88.95	95.59	22.93	5.38	43.05	67.36	53.76	56.73	30.91	29.98	44.33	20.64	21.78	52.58	59.21	45.99	51.51	35.03	55.05	54.45
9.73	1.13	0.00	10.87	1.54	5.07	10.82	2.21	8.29	67.58	71.21	61.50	67.39	37.02	34.03	37.70	40.04	43.44	41.97	33.20	47.81	39.11	62.35	82.17	64.52	63.89	23.35	5.48	12.20	3.13	100.12	94.26	95.62	22.55	6.14	46.45	81.98	57.66	55.18	30.41	36.27	42.04	18.72	23.01	55.24	66.41	40.54	60.07	40.68	59.64	57.66
19.64	8.48	10.40	0.00	9.56	9.95	6.54	8.77	11.71	62.35	60.47	55.00	51.60	23.56	23.73	26.37	35.68	33.44	33.29	25.75	31.26	38.86	60.49	88.10	66.73	63.26	23.63	5.65	5.70	10.75	95.04	80.67	89.52	28.83	8.18	48.46	86.84	62.11	43.15	26.17	25.64	41.83	26.12	13.15	63.01	62.12	39.00	51.41	47.12	55.54	55.31
11.23	0.44	1.33	9.99	0.00	5.37	10.73	1.36	8.36	67.58	66.61	72.87	59.60	30.38	30.92	33.28	46.24	38.50	38.75	30.41	39.50	44.97	61.68	76.14	62.81	58.87	24.28	5.02	11.38	3.78	91.83	92.87	89.40	23.17	5.34	49.99	80.94	60.87	54.84	29.21	33.27	36.06	17.64	23.85	54.43	54.72	43.14	52.66	34.26	54.76	57.28
8.22	5.48	6.08	9.70	5.06	0.00	13.36	6.66	15.54	75.20	69.00	67.78	59.68	30.60	28.53	35.43	45.71	45.80	49.34	30.79	43.53	43.35	63.16	85.26	78.94	69.47	32.39	3.72	13.16	9.23	92.33	90.35	109.51	19.57	0.45	39.88	71.72	51.56	46.58	31.50	33.85	44.26	25.61	23.84	56.28	54.68	40.64	55.19	34.92	44.31	53.78
20.93	9.55	11.71	6.35	11.04	13.65	0.00	8.82	6.67	59.17	54.23	60.77	52.03	26.36	27.86	26.83	27.94	35.31	28.03	26.56	29.38	29.68	60.64	69.87	65.87	54.51	18.85	8.08	0.59	9.07	97.02	82.12	88.16	31.31	12.62	48.64	86.00	54.98	45.44	29.19	24.73	33.97	15.48	11.62	56.35	65.85	50.44	62.40	43.10	64.23	70.50
9.81	1.19	2.07	8.77	1.44	6.78	9.45	0.00	7.68	69.63	61.84	70.40	63.16	36.09	32.09	35.29	40.17	40.19	38.61	34.60	41.09	41.85	62.75	85.60	58.82	69.55	23.99	4.94	8.30	1.71	100.68	86.50	98.00	26.34	7.19	45.59	73.30	51.91	44.78	36.00	33.34	40.38	17.25	20.62	50.23	65.90	52.03	59.54	36.21	54.90	55.80
19.00	8.70	9.42	13.62	9.61	11.98	7.30	8.14	0.00	59.87	60.79	57.53	65.05	37.28	37.58	31.37	34.25	39.21	38.27	32.03	31.67	38.62	59.23	74.22	59.58	52.34	16.51	10.67	7.22	5.35	91.87	71.27	98.61	31.18	14.90	49.08	82.23	58.01	54.19	34.93	38.70	29.57	11.54	19.17	57.15	74.06	49.98	62.65	45.59	63.09	56.20
71.55	69.23	62.66	61.14	65.84	65.08	59.21	60.75	59.67	0.00	4.51	1.98	5.88	40.80	47.88	45.41	24.94	24.51	24.17	53.03	23.29	20.46	28.61	41.63	3.74	0.28	43.50	60.11	59.72	62.79	47.16	23.25	32.71	86.25	73.35	96.89	155.16	107.78	61.55	50.74	48.06	37.29	56.32	43.70	109.17	95.00	87.80	125.31	92.98	126.77	102.98
71.51	56.75	69.81	53.21	58.29	65.80	49.09	62.75	66.68	4.97	0.00	6.58	0.57	40.74	38.93	38.93	22.75	24.28	25.11	46.43	24.46	21.64	34.30	45.93	7.38	4.58	42.89	59.54	60.32	64.41	40.57	27.65	44.73	79.53	66.97	106.50	139.91	100.77	59.70	42.90	44.55	37.32	64.60	45.76	123.90	105.30	100.59	115.97	89.77	103.61	112.58
84.25	60.48	73.20	67.77	65.19	72.49	50.63	70.61	66.28	2.02	6.42	0.00	6.88	47.52	51.98	45.70	28.68	23.29	23.10	49.06	23.93	28.88	27.15	44.67	1.36	2.10	52.53	72.60	57.50	66.45	37.94	19.55	31.04	89.26	68.93	120.56	140.97	106.62	63.02	43.85	52.70	38.92	65.63	48.12	110.16	101.29	93.81	110.97	97.24	130.36	111.03
82.80	65.48	58.35	54.47	69.58	62.83	59.00	55.78	55.86	4.66	0.48	6.31	0.00	49.19	44.48	40.05	21.13	21.82	26.12	44.66	26.39	25.57	34.01	44.24	6.96	4.93	47.71	63.02	47.22	66.88	46.47	23.60	40.85	83.72	58.67	119.70	156.79	99.17	61.10	47.65	47.31	38.54	57.45	38.93	117.78	98.47	93.07	121.10	101.53	123.24	110.07
37.63	32.37	34.27	24.21	37.10	32.19	30.11	31.60	32.12	52.95	45.01	55.18	46.39	0.00	0.23	0.40	29.68	31.65	27.28	0.47	33.77	29.17	56.52	75.42	46.11	41.05	33.24	27.75	24.61	33.04	82.22	72.58	79.44	59.02	34.01	64.97	104.41	74.11	25.19	0.84	0.72	42.05	40.87	20.16	64.33	51.19	47.76	65.03	59.97	76.12	71.20
39.55	35.24	37.72	26.02	30.63	35.17	28.69	32.60	34.44	50.53	45.72	46.87	43.10	0.22	0.00	0.24	29.00	28.81	33.87	0.37	29.99	30.97	58.77	72.05	52.36	41.91	37.60	32.02	28.41	30.59	83.55	62.34	74.29	47.49	34.90	76.68	99.93	69.99	22.53	1.09	0.79	44.27	47.98	18.00	76.45	55.58	41.82	68.33	62.85	69.55	67.81
44.03	29.51	33.25	22.39	37.23	36.18	24.79	36.11	31.27	48.21	42.37	52.74	46.18	0.41	0.22	0.00	31.86	26.62	31.49	0.41	30.89	28.27	65.32	90.67	46.93	48.12	40.99	30.26	23.62	31.49	97.28	72.35	80.64	52.46	31.52	69.03	102.27	74.91	21.82	1.24	0.98	39.69	43.46	22.28	76.83	62.95	48.37	77.12	61.29	73.24	64.95
57.37	39.97	45.82	38.32	43.03	47.28	33.22	42.56	39.20	23.58	22.23	28.34	23.91	30.11	29.00	29.40	0.00	0.16	0.23	32.43	0.62	0.29	33.30	50.34	25.18	26.09	27.30	42.07	32.87	36.39	54.73	49.11	53.67	67.42	42.07	89.86	129.20	85.88	53.29	29.08	33.78	19.95	39.32	19.47	101.72	76.71	77.51	83.03	82.38	92.65	98.44
52.08	38.61	46.10	35.70	38.59	41.42	32.49	38.09	33.82	24.64	25.47	27.99	26.30	31.51	32.25	27.44	0.16	0.00	0.23	34.45	0.45	0.21	31.49	49.42	24.84	22.78	26.19	39.23	34.97	38.84	65.15	48.84	52.63	57.32	47.26	89.29	126.37	84.31	45.97	30.23	27.05	20.07	32.68	21.20	97.94	77.40	80.13	87.54	71.15	89.70	92.93
46.87	43.67	38.20	31.82	46.83	43.13	31.98	38.96	34.18	21.05	25.35	23.08	21.30	33.19	31.80	26.97	0.21	0.19	0.00	31.45	0.66	0.09	29.87	49.32	28.98	25.07	22.76	38.05	35.06	37.83	53.14	42.77	49.49	71.53	43.99	81.46	110.51	86.19	47.40	30.87	33.62	17.43	40.90	19.46	88.56	79.31	73.67	84.78	82.30	102.02	99.18
39.20	33.46	36.21	22.45	31.47	32.41	26.99	30.80	31.05	45.61	43.02	53.96	44.18	0.48	0.36	0.44	34.13	32.53	29.17	0.00	29.78	33.92	69.48	72.28	44.94	46.76	36.59	30.40	24.65	33.87	90.98	76.34	86.57	48.63	30.99	69.37	89.72	65.96	26.01	0.80	0.48	40.61	43.24	17.50	66.77	52.22	50.96	75.67	60.48	65.87	66.28
57.46	37.35	45.95	37.36	39.31	46.10	33.57	36.34	31.80	20.30	23.61	22.78	26.51	29.14	27.55	26.87	0.66	0.50	0.66	33.58	0.00	0.56	28.53	53.87	27.87	24.76	24.47	45.24	31.29	36.77	60.09	46.88	54.97	58.38	46.15	81.48	123.93	91.84	55.87	28.09	31.22	21.19	38.86	18.81	91.88	78.83	76.00	89.11	88.11	95.77	84.95
49.10	40.29	47.72	39.70	46.12	38.53	32.88	38.98	33.06	24.33	22.14	27.50	26.57	29.52	33.96	30.09	0.30	0.21	0.09	32.58	0.65	0.00	32.21	49.83	29.86	26.47	24.15	40.63	28.55	40.21	56.53	45.87	53.89	67.45	42.76	80.08	122.15	98.00	55.99	28.36	33.35	20.68	38.43	20.14	88.34	99.08	71.68	96.04	74.56	103.27	94.87
67.23	64.25	67.40	57.94	64.91	77.52	49.92	60.96	64.28	29.30	36.85	29.80	31.13	61.35	61.91	58.84	33.09	31.51	32.66	66.45	35.57	27.71	0.00	21.02	29.32	30.39	44.93	62.33	61.42	56.27	38.31	37.61	32.67	87.09	60.13	102.66	128.36	119.35	82.05	58.72	60.40	27.48	53.60	44.95	127.83	119.20	107.48	115.94	113.11	121.90	133.10
95.67	95.91	82.76	81.30	89.69	92.96	86.04	77.91	81.04	45.67	46.88	47.24	52.20	80.87	81.56	74.13	55.84	53.53	48.10	77.83	50.37	55.29	20.55	0.00	43.45	46.53	54.00	93.72	73.90	91.77	22.27	43.04	23.12	109.84	95.68	117.57	168.94	141.17	89.98	86.67	72.40	50.50	78.61	73.30	130.35	123.00	118.07	145.12	129.56	157.88	132.32
68.60	68.25	63.31	56.27	59.67	67.10	54.24	68.56	68.43	3.92	6.26	1.53	7.96	45.72	50.04	46.77	23.80	28.53	29.22	52.30	25.79	29.56	26.11	39.98	0.00	3.58	46.30	63.58	65.45	71.18	34.62	18.17	31.43	90.50	73.67	127.45	160.03	115.39	65.67	53.07	48.12	41.30	54.84	41.63	103.30	105.72	98.84	127.89	115.90	116.08	102.69
68.98	56.96	70.95	59.01	68.06	75.59	51.51	61.85	65.05	0.26	5.62	2.22	5.58	44.13	44.02	46.38	22.52	24.90	20.96	42.47	21.61	22.23	24.97	39.23	3.05	0.00	47.89	55.61	55.74	67.22	42.26	21.37	33.50	89.64	68.35	122.45	154.23	100.73	66.82	47.57	51.43	32.78	56.12	40.39	116.92	111.45	104.02	126.49	110.23	105.43	100.39
32.76	26.81	24.50	27.07	27.48	31.44	17.19	22.23	17.04	49.54	43.62	44.70	52.84	39.34	39.85	34.85	25.87	26.41	24.37	34.50	24.15	26.55	42.36	56.89	48.68	50.00	0.00	28.24	17.90	25.25	77.31	61.37	77.48	42.22	27.56	68.09	96.26	69.95	60.86	42.94	36.34	15.30	11.04	21.02	84.22	93.77	59.99	76.80	64.25	78.47	71.21
11.74	5.43	5.54	4.92	4.53	4.40	9.94	5.46	10.30	64.03	55.71	60.28	55.51	32.51	30.36	25.62	39.37	41.31	37.77	32.12	38.03	42.94	63.83	84.17	75.12	62.80	26.38	0.00	8.53	6.16	107.73	96.09	95.47	24.49	4.16	50.24	72.11	52.89	46.07	29.83	31.18	39.26	24.41	17.50	61.10	58.55	43.87	51.47	34.58	48.68	60.61
20.26	9.85	12.16	7.08	10.33	13.58	0.57	8.58	8.45	61.64	56.98	57.57	47.99	27.46	24.04	27.76	27.40	28.08	31.09	27.44	34.05	30.63	49.89	74.81	57.40	61.49	17.44	8.13	0.00	9.52	86.75	83.80	77.49	32.45	13.91	52.45	88.00	57.84	47.07	23.89	26.23	30.83	16.44	12.44	62.09	58.71	52.57	57.16	45.18	55.98	68.03
10.89	3.18	3.12	10.04	3.78	8.63	9.65	2.12	5.57	68.03	59.46	64.96	66.97	37.83	30.02	31.00	42.32	38.76	40.75	36.90	38.04	43.65	61.45	89.96	63.76	56.57	25.02	6.81	10.29	0.00	97.95	85.62	91.20	25.06	8.70	47.60	69.22	50.87	54.16	32.95	37.33	41.09	15.54	20.82	54.30	56.48	49.19	59.14	43.09	60.37	59.32
114.59	91.10	88.47	99.99	99.18	90.01	97.48	104.43	96.13	36.82	41.20	44.13	47.75	96.25	92.91	76.89	66.01	55.19	59.24	77.26	52.92	62.30	35.71	24.70	34.33	44.29	76.95	96.71	95.79	96.61	0.00	24.80	4.74	118.77	108.89	148.12	178.35	166.51	119.68	79.36	82.52	66.32	85.95	87.92	142.11	141.51	124.71	169.36	121.78	150.53	137.32
96.11	95.12	77.22	89.59	84.78	99.63	71.32	85.39	91.83	25.68	23.93	18.11	26.90	70.36	74.79	73.41	48.75	48.66	41.68	75.42	44.72	49.03	34.89	35.50	16.76	22.25	62.82	78.80	78.49	74.63	27.60	0.00	20.08	108.02	95.98	119.72	171.87	136.79	91.69	69.63	75.06	50.08	86.70	60.33	151.83	111.21	126.01	140.01	133.96	143.04	121.46
101.45	83.11	99.80	86.52	90.97	106.39	90.11	86.29	91.04	33.88	43.85	36.52	40.89	81.74	79.58	90.81	50.97	57.83	58.54	88.07	58.61	53.57	33.03	23.37	38.55	39.44	79.97	83.75	95.17	89.79	4.40	19.92	0.00	128.37	108.47	156.02	164.73	154.46	96.43	92.62	93.87	59.59	93.05	72.49	141.50	131.87	114.96	159.81	138.74	137.30	145.16
13.55	22.60	22.48	29.30	24.84	22.32	31.04	22.62	25.68	83.23	82.98	87.03	89.49	50.83	59.18	52.04	69.96	68.51	58.42	49.69	65.13	62.12	77.58	94.84	101.09	86.42	41.21	23.84	30.59	26.57	127.40	110.59	113.74	0.00	23.06	23.80	52.62	35.38	70.03	55.63	47.28	66.35	34.01	42.88	37.11	62.56	38.63	36.95	23.74	41.86	43.24
9.06	5.79	6.45	9.57	5.31	0.38	12.86	6.33	14.56	58.71	69.66	64.18	62.18	34.35	32.37	34.06	41.99	47.96	43.90	29.75	48.23	41.52	70.73	81.50	76.00	60.94	31.67	3.99	13.06	8.41	106.35	91.37	110.28	22.73	0.00	45.66	75.54	44.04	42.11	29.82	28.31	45.71	24.02	24.83	45.02	55.53	41.94	46.07	36.23	52.93	48.33
33.44	40.12	40.51	56.85	40.21	38.58	61.15	40.07	56.86	96.18	106.45	114.64	121.91	69.15	76.92	65.15	86.48	96.42	75.80	66.34	94.62	93.31	119.36	121.80	102.55	99.15	61.03	49.03	49.45	49.35	126.06	135.47	121.22	22.72	47.93	0.00	28.80	27.96	85.10	76.15	64.89	76.76	51.54	72.12	30.82	55.97	44.35	23.38	18.38	31.02	35.48
61.50	65.94	66.67	75.34	83.55	72.81	84.80	70.68	89.82	136.20	126.88	158.78	125.66	86.68	89.82	87.10	114.44	113.02	105.38	105.67	106.62	131.81	144.31	163.00	127.15	144.37	109.54	77.31	77.19	84.92	186.30	153.43	162.70	53.56	82.14	28.41	0.00	28.71	104.93	91.47	101.58	108.53	86.93	88.33	36.72	68.70	68.51	27.22	37.15	34.99	42.79
49.79	55.90	59.01	53.22	58.35	52.89	57.83	48.36	58.09	113.79	104.95	126.48	100.27	66.81	65.12	73.70	85.95	103.35	99.30	63.90	91.43	101.79	114.83	144.74	105.52	112.91	70.66	58.52	66.11	59.97	169.74	147.61	148.06	34.81	53.30	28.51	28.43	0.00	69.09	76.16	65.79	83.95	64.10	78.79	9.55	39.90	31.75	0.23	14.34	9.30	9.09
51.25	48.30	47.09	41.39	44.23	49.28	45.29	47.18	58.47	64.99	66.33	72.72	61.44	25.54	21.88	24.16	52.66	52.14	57.43	20.39	47.44	53.40	76.59	96.49	68.94	66.05	53.83	48.45	52.25	58.26	107.63	94.33	90.70	72.00	48.17	89.48	104.01	71.27	0.00	21.31	23.50	75.84	71.47	42.56	72.15	50.16	37.75	61.78	59.81	56.93	57.11
36.43	30.71	30.86	22.17	29.89	31.83	27.40	34.43	33.32	47.19	47.90	55.13	39.50	0.84	1.02	1.13	29.66	34.78	28.00	0.98	32.36	34.45	67.36	81.75	48.26	48.43	35.29	29.16	27.86	34.81	90.18	62.50	76.57	57.12	29.61	68.12	110.71	75.12	24.54	0.00	0.37	44.79	40.42	20.15	63.84	51.69	41.25	66.94	57.19	67.61	71.09
36.28	32.95	35.15	26.83	32.98	32.44	26.62	32.70	31.29	44.75	45.02	48.09	40.02	0.72	0.72	0.94	32.65	28.34	31.30	0.53	34.63	31.23	56.84	85.79	54.58	48.82	42.99	31.28	30.30	33.73	86.18	62.93	78.66	58.88	28.28	63.89	108.21	61.96	22.04	0.41	0.00	40.92	44.29	18.23	66.33	50.53	48.04	61.52	55.16	63.48	72.94
50.92	41.07	38.20	38.59	42.52	47.29	34.51	36.98	34.82	40.50	38.66	41.07	36.80	46.82	42.50	38.98	20.23	20.82	20.80	45.77	21.67	19.84	22.88	46.49	42.38	35.62	15.32	39.99	30.23	37.71	54.27	61.95	52.19	55.41	47.24	80.59	108.91	94.14	61.32	45.96	43.27	0.00	25.88	25.94	105.19	89.23	79.17	102.97	75.01	86.96	90.37
25.36	21.36	17.60	24.06	19.22	24.49	19.13	18.04	10.07	54.40	60.26	60.19	64.62	39.59	43.26	44.44	36.17	36.87	34.87	40.20	37.38	37.06	58.35	77.60	63.07	65.96	13.18	20.33	18.85	14.76	79.48	74.09	82.49	37.98	24.27	56.14	93.24	68.29	58.57	44.50	38.52	29.33	0.00	23.50	79.97	84.51	58.70	69.95	48.93	77.71	73.50
31.15	20.47	22.50	13.32	21.86	25.07	12.86	20.29	19.78	43.48	37.92	51.12	43.63	17.94	18.94	18.52	20.66	19.74	19.84	17.42	22.86	20.57	52.55	63.47	43.73	38.75	18.68	20.38	12.57	23.24	89.98	67.79	79.21	38.95	23.17	65.82	101.82	66.64	39.49	19.10	17.45	27.50	22.12	0.00	77.93	71.60	53.66	69.51	51.31	75.82	69.06
46.64	55.41	55.47	62.33	57.80	46.39	63.50	54.31	59.80	123.73	103.79	106.58	109.00	59.79	74.39	67.76	95.72	93.38	87.87	69.25	100.25	94.58	122.53	153.40	111.07	106.14	81.61	52.78	71.32	57.12	164.65	121.24	160.74	44.51	44.54	32.29	38.71	10.24	62.97	69.82	66.09	106.36	71.23	77.85	0.00	30.59	23.15	9.95	21.60	0.41	0.35
57.46	64.06	63.74	58.22	60.50	51.35	65.94	63.30	77.93	105.44	112.02	101.86	106.21	54.59	57.39	56.41	87.43	92.84	83.83	62.42	80.67	89.33	115.77	121.65	115.76	111.32	84.65	53.98	70.89	68.21	143.40	126.14	155.54	54.55	53.85	62.67	69.87	39.84	40.62	58.90	63.25	101.19	87.10	77.88	27.35	0.00	17.58	41.77	39.14	25.26	26.88
41.18	42.81	40.10	48.96	43.01	35.22	55.58	48.69	50.00	101.46	85.50	101.23	89.88	43.04	41.86	43.63	65.67	70.95	82.64	48.02	70.27	71.74	92.83	110.31	99.20	83.41	61.88	40.46	53.69	46.99	122.32	105.94	123.91	44.71	43.59	51.77	62.07	28.59	43.97	46.68	40.49	91.04	60.04	50.26	26.72	14.58	0.00	29.08	26.88	22.01	26.89
48.02	56.97	49.88	64.07	58.48	45.41	62.35	60.51	64.35	121.13	101.05	112.69	124.01	69.81	71.60	74.53	102.86	98.59	86.15	64.44	84.12	94.47	125.12	126.96	130.75	120.39	76.20	49.80	59.39	52.39	170.70	145.00	142.48	32.32	49.31	28.05	27.13	0.23	72.88	75.37	70.63	92.73	75.62	67.18	9.45	42.05	27.77	0.00	13.96	11.04	8.69
28.52	36.07	39.39	45.15	43.20	36.55	43.50	40.84	47.81	92.83	100.52	101.66	92.75	58.55	60.64	63.48	79.83	89.13	82.21	63.29	84.27	74.07	101.77	118.21	109.48	99.30	66.74	35.93	43.61	44.14	146.36	131.58	120.66	21.79	33.82	17.88	34.64	14.57	55.99	67.40	65.18	79.27	56.95	65.97	21.65	48.17	28.72	15.38	0.00	18.81	21.23
42.84	60.71	58.83	56.46	52.99	47.36	66.80	57.07	71.47	118.34	97.20	120.64	110.74	74.69	71.33	59.40	93.12	80.10	91.71	68.31	88.45	83.88	104.88	148.83	106.88	106.53	76.66	57.97	58.30	63.84	136.22	130.33	131.95	46.21	51.23	30.92	38.96	11.13	71.20	74.02	72.18	85.35	74.06	67.83	0.45	30.41	21.80	9.92	22.36	0.00	0.56
43.45	50.63	62.52	63.02	55.84	55.58	62.58	52.62	57.56	127.44	115.51	125.42	118.79	67.67	70.85	73.26	95.33	100.60	95.39	62.91	101.37	95.20	108.88	125.27	113.32	112.72	79.98	57.16	55.63	55.31	148.32	123.40	164.05	37.62	56.42	33.67	38.51	9.95	68.94	65.21	67.21	98.19	66.09	79.02	0.33	25.68	21.93	10.77	20.27	0.66	0.00
~
Delivery quantities;
0 4 10 0 1 12 3 4 1 2 3 1 0 2 0 4 4 8 2 2 0 0 2 1 2 2 2 4 4 0 2 0 1 1 1 2 1 4 2 1 1 1 1 1 2 1 0 1 4 1 
~
Pick-up quantities;
18 24 8 32 12 28 0 0 0 12 24 0 8 0 6 4 0 12 4 6 12 4 6 6 0 6 4 12 12 8 8 8 0 12 0 0 8 12 12 6 0 0 0 0 4 12 8 0 8 0 
~
Vehicle capacity; 
120 120 120 120 
~

