Cost matrix;
0.00	20.23	25.32	0.11	10.82	13.41	12.52	9.14	10.26	11.79	12.70	9.64	78.85	85.00	74.96	80.68	40.25	81.61	70.44	75.17	85.92	85.59	41.89	67.00	48.22	85.23	42.05	47.04	52.37	64.38	43.14	56.39	48.72	38.96	17.64	16.01	8.71	34.15	32.70	9.52	39.22	97.59	103.12	76.78	16.34	33.84	8.95	50.10	11.27	42.18	36.18
18.07	0.00	38.68	18.06	8.09	6.97	5.92	10.71	8.00	8.85	12.56	8.34	60.05	62.38	53.69	64.89	27.59	55.65	55.68	61.35	70.07	64.22	34.11	90.08	39.22	56.62	36.52	36.47	36.98	76.10	57.22	67.53	57.21	52.49	30.67	7.10	9.77	12.29	34.45	10.41	53.56	87.02	104.81	57.29	30.32	32.75	13.33	66.27	7.03	54.19	50.52
23.14	36.44	0.00	21.34	29.23	34.73	33.97	25.01	34.30	30.32	39.42	31.70	95.21	82.43	85.64	85.98	51.46	80.05	80.40	89.99	79.12	94.15	77.40	49.40	70.15	90.66	73.89	63.80	69.52	46.82	23.48	50.27	23.61	48.06	30.21	39.90	33.25	43.41	15.41	30.32	16.32	109.41	138.10	82.61	28.07	14.23	25.25	27.67	27.71	15.30	37.13
0.13	18.86	23.29	0.00	11.57	14.52	12.79	10.36	10.45	13.05	13.60	9.08	79.82	85.61	72.25	84.01	45.38	69.33	79.60	78.04	85.88	74.35	43.22	57.62	42.03	74.40	47.81	50.92	43.60	69.53	51.29	51.02	43.70	41.06	18.67	17.07	9.38	33.81	29.88	8.82	40.34	104.43	101.18	88.97	18.77	27.57	9.69	45.61	13.46	34.12	38.82
10.73	8.01	27.49	11.00	0.00	3.24	3.67	4.75	0.27	1.75	7.47	1.46	72.37	63.67	66.13	66.65	36.31	66.25	63.68	68.58	77.70	73.39	43.58	72.31	41.52	65.13	38.54	39.65	41.54	77.88	57.81	72.63	61.12	47.63	26.06	6.95	1.86	18.62	37.23	4.37	49.58	99.84	96.11	76.24	26.08	36.37	6.02	49.15	2.39	50.82	53.81
14.33	5.73	28.77	14.19	2.76	0.00	0.39	4.39	3.05	3.93	9.27	3.31	56.87	73.48	58.70	69.44	32.24	61.12	75.36	55.31	71.28	63.70	47.04	72.18	47.23	68.62	46.99	46.04	40.76	76.98	49.70	61.60	57.98	57.32	27.36	9.23	3.91	19.07	32.82	3.39	39.63	98.97	111.18	67.39	26.34	32.66	5.64	52.57	0.74	40.42	50.58
12.84	5.38	32.13	13.27	3.45	0.41	0.00	4.67	3.56	4.32	10.74	3.77	57.26	63.00	63.78	56.68	28.04	71.48	59.28	57.30	59.66	64.01	44.48	69.86	45.43	62.19	44.97	39.25	47.29	78.01	53.74	63.20	48.73	56.30	30.21	9.36	4.93	16.58	33.80	4.08	46.16	107.06	99.99	68.51	29.86	31.70	5.60	51.41	1.03	43.97	51.69
9.07	10.34	26.72	8.34	4.23	4.56	4.60	0.00	4.76	6.90	10.58	2.54	66.37	63.43	75.06	62.69	32.96	58.68	78.84	60.96	60.50	70.72	45.73	68.23	39.42	68.26	45.91	47.87	46.82	65.48	47.48	63.43	47.66	58.29	24.27	11.53	4.10	20.60	27.70	0.25	42.76	88.94	92.67	73.34	23.72	29.99	2.42	44.19	3.82	43.83	51.53
11.98	8.63	31.13	12.10	0.23	2.50	2.88	4.54	0.00	2.01	7.73	1.89	61.97	60.17	75.02	72.55	30.66	64.36	60.87	67.61	72.58	72.63	35.52	72.98	42.18	68.96	46.04	38.68	39.24	68.12	48.37	71.68	55.17	49.64	24.81	7.98	2.30	21.41	29.72	4.53	47.59	105.33	109.93	68.92	27.49	31.17	6.20	59.73	2.24	40.72	44.52
11.74	8.79	29.98	11.98	1.89	4.94	4.46	5.93	1.98	0.00	5.37	3.15	63.80	69.95	75.20	64.99	37.75	72.02	65.95	62.04	63.65	74.61	43.46	87.41	38.38	75.34	42.97	39.13	36.53	74.75	62.77	72.00	52.61	46.42	27.48	5.98	3.43	21.68	32.46	5.55	42.53	86.60	104.00	65.38	27.89	32.20	7.41	54.18	3.75	47.08	50.13
12.53	11.73	40.05	14.84	7.80	10.27	10.09	11.76	7.61	6.18	0.00	9.12	71.42	62.68	70.86	65.59	40.70	79.00	76.56	77.44	81.87	78.36	34.68	73.97	33.43	68.14	33.16	38.44	34.91	71.17	51.79	58.22	65.18	51.48	22.97	5.38	8.71	25.02	36.98	12.18	54.12	110.00	94.69	71.32	25.31	43.94	12.93	61.39	9.96	51.40	49.02
10.62	8.37	27.85	10.48	1.45	3.37	3.55	3.02	1.64	3.78	8.00	0.00	62.49	70.46	72.66	61.93	33.00	73.21	69.21	56.57	71.24	65.09	39.21	82.34	37.98	78.36	44.98	43.48	43.43	81.80	56.46	66.72	54.50	50.54	24.26	8.28	1.48	19.26	30.26	2.78	40.39	103.95	106.32	63.92	28.72	31.91	4.68	55.12	2.18	44.96	48.64
68.01	63.35	84.39	72.85	57.86	67.87	65.10	73.53	65.76	58.04	66.27	58.00	0.00	5.49	3.70	2.02	48.05	31.70	31.80	25.97	34.80	31.37	58.64	154.04	60.93	14.06	77.67	64.81	55.44	153.31	120.48	139.57	114.64	120.88	92.91	62.66	66.56	43.31	85.98	72.88	108.57	35.37	33.02	13.05	94.07	80.51	64.18	118.23	61.17	90.40	113.31
73.01	60.92	89.29	79.36	75.19	67.62	70.33	64.62	66.09	72.61	64.49	74.74	5.17	0.00	4.86	4.77	54.20	30.31	29.47	29.52	31.45	27.73	67.66	134.14	62.48	7.67	76.22	65.78	61.91	129.32	111.88	123.51	116.65	125.20	98.17	65.76	66.23	42.74	79.66	64.52	105.34	28.64	31.47	7.48	96.16	87.19	77.69	115.80	60.85	98.83	109.65
76.73	62.86	89.24	82.42	64.34	71.35	72.29	77.76	61.93	68.21	73.77	59.83	3.51	4.19	0.00	1.24	49.86	32.77	36.73	31.28	32.94	28.45	62.78	148.06	64.01	13.22	70.66	67.11	61.44	144.16	132.17	127.21	133.48	118.63	93.62	63.49	68.16	52.49	88.03	67.82	96.14	34.74	35.09	13.29	95.42	79.98	79.00	104.70	61.84	112.46	117.29
82.83	54.08	102.98	72.88	70.14	71.41	70.10	69.85	60.87	70.02	60.02	72.11	1.83	4.29	1.53	0.00	51.38	35.48	37.35	26.49	29.26	27.98	63.93	125.95	55.08	12.82	77.47	53.09	54.89	133.32	110.53	118.37	110.99	124.88	89.46	64.40	63.92	46.05	77.81	67.73	107.94	36.36	33.50	13.39	81.34	85.85	70.45	108.40	66.10	104.21	127.10
44.41	30.28	52.30	41.09	32.50	32.26	28.48	33.60	35.42	30.33	35.93	36.06	44.78	47.61	44.59	48.99	0.00	32.30	40.70	35.67	40.50	32.37	61.00	104.53	61.26	44.82	60.67	60.00	60.27	101.17	68.31	84.82	63.52	90.20	60.92	34.03	38.80	20.04	33.12	35.45	56.62	78.37	92.18	48.42	55.25	34.14	31.24	66.95	34.34	60.13	85.75
77.38	56.29	83.99	82.84	68.04	68.70	62.04	60.11	65.59	64.87	77.51	65.22	29.39	26.66	32.41	35.54	35.69	0.00	3.65	3.11	2.22	0.08	85.88	139.48	80.56	18.53	91.95	79.73	81.51	123.45	108.94	132.94	101.80	126.36	98.82	63.48	68.31	50.99	80.96	71.11	98.08	39.61	51.74	20.90	83.89	77.83	74.61	103.41	68.75	82.70	116.94
80.74	61.02	77.11	70.48	78.22	60.38	61.72	69.90	61.53	72.64	68.48	65.81	30.53	31.04	33.23	30.58	37.95	3.21	0.00	6.86	1.23	3.69	77.27	143.53	73.68	20.10	86.66	78.15	81.51	127.35	109.79	138.29	117.82	137.08	87.90	73.64	63.81	44.56	73.24	65.94	84.95	42.67	53.65	20.22	102.52	66.23	68.83	96.53	61.11	84.71	119.84
78.88	60.03	78.86	76.19	59.85	63.85	53.55	60.42	59.88	64.83	77.42	71.78	28.46	27.73	33.29	26.93	31.98	3.15	6.04	0.00	5.90	3.16	66.33	116.59	75.63	20.94	77.27	82.11	83.56	121.04	92.90	126.00	103.56	129.16	94.97	57.49	62.15	48.33	78.30	65.10	90.37	38.80	59.14	22.55	84.75	62.41	64.55	80.95	61.65	90.06	112.25
87.65	61.60	88.18	69.04	63.70	72.47	67.07	77.83	71.59	76.79	81.42	72.35	34.92	31.69	28.82	32.61	42.68	2.50	1.51	4.73	0.00	1.98	88.53	148.14	86.37	19.87	99.76	70.70	74.79	134.37	119.76	118.07	116.83	113.44	106.95	65.38	63.26	55.51	77.44	73.76	83.46	34.07	58.00	19.98	107.06	74.18	63.90	94.10	71.27	100.70	126.29
77.27	56.27	92.56	69.82	71.06	68.40	62.31	67.07	64.21	72.66	62.25	73.36	33.17	29.70	33.77	27.70	36.99	0.08	3.64	3.23	2.45	0.00	69.92	144.63	84.83	22.51	97.60	80.00	73.53	122.67	104.84	137.49	111.32	111.24	88.93	66.13	74.30	43.68	63.51	67.49	85.20	36.85	60.89	17.87	102.08	79.94	64.66	81.81	73.17	82.51	109.66
51.22	36.33	70.61	42.06	38.61	46.85	44.24	41.72	36.84	39.58	36.41	42.39	59.47	68.43	67.17	54.04	61.54	86.28	85.81	80.54	90.15	68.91	0.00	105.19	0.23	66.65	16.16	0.31	0.59	100.86	101.61	96.75	93.07	65.10	45.68	34.84	40.53	43.88	83.41	42.16	88.19	93.05	92.98	64.63	46.02	72.59	43.07	105.50	39.81	91.70	76.91
68.53	88.00	56.14	64.33	73.24	84.86	68.65	66.19	85.34	71.13	83.10	84.22	139.55	159.10	151.95	150.02	95.49	121.39	142.16	117.04	144.69	148.69	110.41	0.00	117.36	158.90	88.99	107.65	111.66	0.17	29.42	16.33	26.86	49.70	53.79	91.75	83.63	86.86	70.89	76.16	48.81	169.91	156.04	153.89	48.75	63.65	75.53	57.16	85.11	49.56	34.09
48.67	37.92	69.98	45.56	40.40	46.75	43.43	43.58	36.49	37.19	31.21	44.40	57.84	68.34	57.13	60.51	58.64	76.12	91.67	67.13	74.21	79.98	0.23	111.80	0.00	60.28	16.18	0.41	0.88	98.16	87.01	85.65	85.78	70.97	49.10	31.25	39.08	44.26	73.78	40.24	87.25	98.55	82.03	72.50	45.56	77.64	51.70	84.54	38.53	88.39	73.17
71.01	54.80	81.42	79.55	68.91	71.24	62.76	75.57	61.00	72.99	70.84	62.80	11.49	8.17	11.82	11.15	50.05	22.45	23.43	18.02	24.11	19.60	67.21	132.50	73.81	0.00	88.83	75.46	67.13	132.03	131.75	130.55	117.38	130.25	107.39	63.45	76.59	45.00	84.51	73.57	103.53	25.54	34.60	0.30	102.18	90.31	80.79	94.27	61.68	99.90	110.14
47.35	38.53	73.76	38.94	41.53	44.75	40.20	44.61	36.77	39.30	32.23	45.96	72.14	76.06	84.35	79.97	71.52	99.79	83.85	77.38	90.14	92.35	14.08	107.92	14.65	72.50	0.00	15.32	12.98	85.57	92.10	72.96	79.16	49.77	46.76	34.25	39.99	50.37	81.57	43.38	90.92	119.34	90.85	74.52	40.22	82.45	49.78	96.19	40.69	78.44	73.53
47.02	35.66	76.51	53.19	35.39	37.96	41.56	47.68	45.68	38.12	32.06	45.19	54.78	56.31	52.73	66.75	57.78	81.17	80.50	71.88	80.91	72.75	0.33	107.12	0.39	76.70	16.42	0.00	0.29	105.75	103.06	100.37	98.59	74.58	47.90	30.32	36.65	44.15	69.09	49.09	77.14	95.80	77.68	69.91	48.06	70.71	45.17	92.71	42.07	78.75	80.27
45.82	36.96	61.85	47.10	37.79	45.12	36.68	42.11	43.68	38.84	31.41	38.52	54.18	71.69	65.78	61.73	56.69	85.97	87.07	81.15	79.38	84.84	0.66	100.68	0.74	72.84	14.92	0.32	0.00	112.29	94.86	82.92	103.00	58.86	51.84	32.56	42.05	40.23	82.72	46.12	89.43	103.11	95.95	60.66	46.84	78.27	45.55	104.18	42.16	86.42	67.60
60.83	81.96	58.84	57.89	86.37	80.16	76.61	64.53	66.93	85.44	87.40	81.37	132.33	144.50	142.72	154.27	91.09	146.49	126.27	124.54	135.55	139.73	107.41	0.17	95.26	145.60	103.79	99.77	95.16	0.00	33.63	16.37	33.60	41.92	50.11	92.81	78.65	103.93	66.88	68.19	55.96	154.05	178.70	134.13	53.59	59.94	77.86	54.01	75.62	46.11	34.08
39.99	65.87	23.02	49.79	52.06	55.88	52.04	46.24	54.76	55.74	52.91	60.89	114.64	123.15	110.07	108.40	66.05	107.95	123.11	98.15	96.96	102.76	87.26	33.87	96.72	113.71	96.80	91.17	97.52	33.45	0.00	30.99	0.28	53.89	44.21	66.50	48.69	75.95	33.30	56.98	20.74	155.89	136.07	109.79	47.91	32.18	50.52	23.90	50.48	20.88	27.73
49.59	71.70	44.40	56.87	63.09	73.89	70.34	64.63	59.84	64.67	68.72	66.80	122.70	122.65	139.55	148.84	87.24	127.82	146.78	114.88	122.08	119.90	83.86	15.68	97.45	145.63	89.71	82.79	93.68	16.84	29.86	0.00	28.63	33.44	47.18	76.15	59.58	91.12	54.74	67.47	44.41	163.30	158.92	122.32	39.96	61.93	71.40	53.32	62.56	44.27	18.61
43.37	55.83	22.71	42.44	54.16	53.24	58.63	55.77	61.44	51.09	64.74	51.72	119.88	108.28	122.19	114.92	68.75	120.23	122.30	107.64	117.64	101.84	99.20	28.70	99.64	113.20	78.37	80.75	93.48	30.08	0.28	28.48	0.00	53.78	47.41	67.81	58.63	81.46	38.81	56.37	17.45	154.76	148.94	109.50	48.96	36.04	43.39	24.86	52.32	18.78	29.27
39.95	57.97	46.46	40.53	51.61	51.43	61.10	49.56	49.08	52.35	43.40	54.35	120.63	125.28	112.35	125.63	80.75	112.40	123.38	109.36	126.92	121.53	73.56	51.85	71.05	120.85	58.04	66.25	70.01	51.27	52.50	31.88	53.69	0.00	24.80	58.30	50.87	76.85	68.56	48.83	55.11	163.06	165.41	124.56	24.70	60.68	53.11	64.47	49.09	57.89	16.94
15.57	32.66	28.95	15.72	25.65	26.28	27.07	24.12	24.96	23.17	23.98	29.45	85.60	85.75	92.92	84.05	64.11	103.79	98.41	86.36	88.15	84.81	46.73	54.62	56.40	88.90	43.83	49.95	55.10	55.69	42.51	47.63	44.33	26.66	0.00	31.01	27.11	43.48	42.32	29.44	43.40	140.05	125.82	93.29	0.08	48.45	29.89	59.99	29.50	40.38	24.34
15.06	6.94	41.30	17.10	7.23	9.00	8.63	10.98	7.88	5.52	5.88	8.69	66.77	69.17	56.22	66.55	32.67	71.56	67.22	63.65	64.91	57.23	35.21	77.58	33.55	58.97	36.27	37.69	30.21	89.63	65.25	72.24	58.15	58.01	26.87	0.00	8.86	18.34	39.79	12.31	47.60	95.04	93.46	63.37	27.54	38.08	13.53	68.63	8.47	56.62	49.83
8.23	8.74	29.72	8.56	1.89	4.58	5.35	3.59	2.47	3.44	7.81	1.55	69.05	76.29	76.12	61.67	32.26	65.70	78.95	58.85	76.41	69.49	46.02	72.32	45.00	78.29	37.59	37.32	46.88	67.91	57.33	64.43	47.65	56.10	22.47	9.42	0.00	23.46	29.15	4.12	46.80	110.05	92.66	75.38	25.30	31.65	5.25	47.31	3.28	41.56	51.20
35.26	12.36	47.85	29.41	19.53	20.06	19.76	25.42	21.44	21.47	26.63	21.65	41.72	51.18	52.72	43.02	17.53	50.85	50.03	44.12	43.89	48.50	40.40	90.54	37.97	43.41	49.36	39.92	41.39	99.11	75.32	88.02	63.33	80.29	52.45	20.07	20.98	0.00	42.10	24.56	61.15	72.20	72.07	47.70	48.46	39.16	26.73	64.50	18.49	55.83	67.81
33.02	39.29	16.95	27.10	37.97	29.69	34.70	26.61	35.19	38.52	44.11	31.82	85.73	83.65	90.56	84.42	38.30	76.44	79.23	77.22	72.70	66.70	72.34	58.34	69.92	92.82	67.77	73.39	78.61	72.05	40.46	59.14	34.94	70.59	45.13	39.92	28.94	48.08	0.00	26.87	16.06	111.90	118.82	81.62	44.67	0.51	23.97	26.50	36.53	15.66	46.61
8.80	8.98	30.97	10.48	3.66	3.65	4.52	0.26	4.54	5.98	12.90	2.42	73.44	65.38	69.09	62.81	32.62	69.85	74.23	66.99	70.97	73.11	41.38	70.61	46.50	79.65	41.66	46.18	39.04	65.04	56.28	57.75	48.91	57.78	25.22	12.25	3.59	23.76	32.65	0.00	42.53	101.28	111.04	70.43	28.44	31.58	2.53	50.61	3.91	43.17	54.88
35.72	51.49	15.67	35.13	48.28	45.59	47.01	42.41	42.57	51.43	56.30	42.00	100.70	100.66	112.74	101.79	56.71	84.32	88.92	89.60	79.16	87.90	96.94	53.76	78.39	93.00	92.14	84.47	82.46	52.25	19.60	52.57	17.83	60.59	48.13	59.45	41.96	59.12	18.40	38.54	0.00	118.21	135.90	90.21	43.27	18.50	34.61	8.74	40.38	0.23	48.37
109.80	102.74	109.15	107.10	99.54	106.47	84.48	97.20	103.02	109.78	107.39	91.02	34.50	27.93	31.86	35.49	83.45	35.48	41.82	39.85	36.31	41.57	88.03	182.17	96.77	26.27	111.22	103.85	97.06	159.66	135.29	183.89	159.10	132.95	111.54	86.58	96.41	71.45	113.71	100.66	117.05	0.00	21.39	27.32	135.74	101.25	114.27	142.72	97.31	116.59	131.32
118.73	87.88	134.72	101.91	98.44	94.72	110.87	114.83	98.20	108.34	102.52	103.26	34.51	30.27	34.19	31.71	79.09	52.09	51.59	55.45	53.12	48.48	88.64	195.23	88.48	33.61	103.12	90.66	77.68	196.18	156.84	176.36	163.67	145.71	114.35	95.74	107.54	84.73	103.36	113.72	150.85	21.18	0.00	36.50	134.75	128.18	118.12	131.92	92.48	138.93	168.55
80.78	58.35	104.14	81.63	64.72	62.21	74.94	61.67	68.77	66.38	67.80	63.19	11.71	7.39	13.28	11.31	51.87	18.52	19.81	19.47	23.28	20.94	74.37	160.51	71.12	0.28	82.75	74.41	62.86	146.37	127.20	127.94	126.74	127.70	95.18	59.38	72.28	48.03	87.89	65.23	100.79	32.77	37.21	0.00	98.36	72.07	72.27	104.60	64.44	89.53	131.88
17.28	37.63	34.25	17.57	25.15	32.50	28.12	25.39	24.31	23.03	21.07	28.08	83.19	94.79	94.62	81.36	51.47	97.20	104.89	83.71	91.04	85.29	46.12	61.59	55.93	99.59	44.95	46.06	46.72	61.58	43.09	44.72	48.18	24.31	0.10	31.68	23.26	50.05	48.35	27.41	39.89	124.72	119.56	106.31	0.00	38.08	27.06	58.27	30.31	49.23	25.06
33.18	40.44	16.72	33.96	33.80	32.67	33.21	29.16	32.36	37.52	46.45	33.26	77.67	89.12	89.94	92.06	37.15	74.59	70.73	72.92	69.02	69.36	80.48	61.55	81.23	80.16	69.01	83.10	82.38	68.93	33.34	58.61	35.54	67.29	44.26	38.46	29.90	40.22	0.46	30.10	18.38	122.83	122.39	75.01	42.80	0.00	26.73	25.52	29.94	17.29	50.90
8.21	10.95	27.41	8.77	5.84	6.27	6.83	2.04	6.82	8.20	12.47	4.99	64.63	69.13	78.32	66.78	29.61	68.77	67.19	56.33	63.87	67.95	46.60	77.18	52.98	64.49	48.57	46.96	50.94	66.26	50.29	70.40	53.25	55.68	27.63	12.69	5.25	25.09	26.58	2.54	39.48	98.47	107.97	71.05	25.12	26.34	0.00	50.40	6.25	37.51	49.09
54.04	52.67	21.86	53.55	58.96	52.44	54.49	48.38	56.33	58.47	55.72	54.33	109.60	122.06	95.60	113.77	62.91	85.46	84.96	99.50	99.04	101.75	101.48	51.08	92.65	94.67	89.88	87.52	101.56	51.40	20.69	52.14	24.66	72.90	58.59	63.48	54.28	68.72	23.94	44.36	10.08	136.91	137.49	115.36	50.92	24.28	47.79	0.00	57.00	8.98	50.15
12.32	6.82	33.36	11.35	2.40	0.68	0.94	3.75	2.12	4.17	11.07	2.38	60.57	74.31	71.02	60.14	32.56	59.75	70.79	56.38	66.01	72.99	42.53	83.03	41.00	62.23	39.98	41.27	41.71	73.91	57.45	70.36	59.22	48.81	27.82	8.72	4.17	18.06	29.14	3.73	41.95	104.12	89.18	65.46	27.83	32.00	6.01	55.46	0.00	41.59	49.14
39.66	47.48	14.72	34.95	42.11	43.06	50.58	38.01	51.27	46.44	48.90	49.16	87.53	89.39	92.31	113.80	50.13	78.69	82.19	83.15	86.93	81.30	75.30	45.86	85.30	105.24	72.92	86.76	93.76	50.23	20.97	48.36	19.97	59.71	39.92	52.24	43.52	63.90	16.63	46.23	0.22	142.99	130.87	98.09	47.19	18.92	42.62	10.66	44.65	0.00	38.35
38.84	56.97	40.29	39.43	51.48	51.02	48.86	49.01	52.82	47.19	42.95	47.11	126.63	108.28	106.95	120.18	81.82	101.12	118.65	99.20	123.09	102.12	69.09	32.28	77.98	110.80	67.82	72.41	67.92	30.36	31.56	15.81	34.85	20.65	25.76	60.02	44.06	72.32	57.86	43.50	39.96	162.08	149.10	106.85	23.29	58.39	50.07	53.11	46.53	48.13	0.00
~
Delivery quantities;
0 8 6 2 10 0 12 0 3 2 8 8 4 4 8 6 4 0 0 3 3 2 0 1 4 2 1 0 2 4 1 4 1 4 1 4 0 1 1 2 4 4 1 1 2 0 0 4 1 4 
~
Pick-up quantities;
6 32 16 4 0 16 24 18 12 12 30 24 16 0 0 16 0 18 12 0 6 18 12 0 0 8 0 12 6 0 0 0 8 8 0 4 6 0 6 0 6 0 4 12 12 12 8 8 0 0 
~
Vehicle capacity; 
120 120 120 120 
~

