Cost matrix;
0.00	15.77	0.88	8.89	14.10	10.53	11.65	5.85	12.53	70.25	82.18	89.83	68.95	71.96	51.93	58.10	71.24	75.31	77.50	58.23	45.58	31.86	43.98	39.91	29.79	29.96	33.19	30.15	34.59	24.42	12.79	15.86	13.34	108.87	86.43	84.35	103.95	82.92	36.57	20.74	17.23	12.90	29.31	40.78	19.64	18.72	55.58	31.58	18.48	54.59	5.59
18.47	0.00	15.24	7.95	3.54	8.08	8.79	10.08	8.49	63.13	57.95	68.52	52.96	69.98	31.65	33.70	64.22	70.05	70.70	35.93	57.80	48.63	45.15	41.31	28.13	38.84	42.55	15.36	44.72	9.23	30.27	0.47	3.79	96.33	71.23	62.29	75.71	77.75	42.93	26.41	32.56	11.51	29.61	30.96	2.82	3.70	40.39	13.45	3.52	45.82	9.72
0.96	15.92	0.00	9.43	12.59	8.97	11.40	6.17	13.18	78.72	74.45	82.77	74.45	69.90	49.60	53.15	71.37	80.03	74.45	56.60	46.74	29.04	41.04	44.34	25.31	33.38	34.37	32.11	38.73	22.69	12.64	16.99	12.36	95.42	95.77	73.73	94.61	79.82	38.19	23.34	19.47	12.88	31.35	38.78	16.27	19.38	52.27	28.45	15.83	55.39	5.37
10.65	7.84	10.51	0.00	3.12	3.59	4.47	4.61	3.27	59.63	75.15	75.68	60.99	70.70	37.50	36.79	74.23	79.10	64.39	37.85	61.34	38.01	46.43	49.74	28.39	40.04	42.05	20.42	43.80	16.61	24.90	7.48	4.01	93.34	74.22	73.32	91.63	78.46	35.73	21.79	22.82	8.31	30.91	35.96	10.22	10.92	47.11	18.43	9.71	47.84	3.94
13.37	3.66	11.34	3.32	0.00	3.77	6.16	6.23	4.92	57.86	64.66	67.76	69.13	70.08	34.34	43.49	60.76	68.67	73.04	34.77	55.81	43.01	41.59	47.92	34.03	35.73	45.74	16.55	50.22	12.49	27.85	5.00	0.42	86.00	87.95	62.18	91.12	70.40	40.87	24.51	30.37	11.37	28.09	30.40	6.73	7.70	50.76	19.65	6.37	52.04	6.06
8.59	8.02	9.87	2.98	4.52	0.00	7.54	4.79	5.42	60.69	71.89	64.81	68.12	74.90	37.73	48.26	68.63	79.94	62.83	42.38	53.83	41.94	42.88	41.99	28.76	36.58	37.41	22.70	36.70	14.03	21.13	7.70	3.95	93.15	99.15	68.94	94.15	82.57	42.78	26.28	29.17	12.90	30.20	28.68	7.92	8.69	48.95	17.90	8.96	54.38	4.21
11.63	8.98	13.39	5.23	6.82	7.50	0.00	7.66	2.30	61.74	72.73	76.56	67.52	59.93	39.39	36.30	65.43	61.31	76.71	44.06	61.95	44.90	52.74	49.07	33.04	41.47	48.88	18.00	42.84	19.67	27.36	9.87	7.52	100.97	91.60	72.11	75.70	70.81	31.64	17.81	28.95	4.32	25.04	42.14	13.54	13.27	55.03	23.69	11.92	45.40	7.26
5.48	12.18	6.39	3.84	7.15	4.74	8.27	0.00	7.02	69.25	74.19	72.20	76.55	76.42	48.70	48.51	80.24	76.17	75.90	45.20	47.27	35.22	40.41	38.77	24.90	34.38	34.56	22.45	44.06	16.84	19.89	11.13	7.34	91.67	90.16	67.38	84.98	84.46	40.31	22.19	24.30	10.33	30.79	36.17	13.17	13.53	53.43	24.53	12.04	46.64	0.53
11.39	7.81	12.82	2.89	5.04	6.92	2.37	5.93	0.00	62.28	69.14	65.78	65.18	74.46	44.49	44.09	68.81	73.40	72.83	39.33	54.95	45.45	52.36	52.85	32.76	36.59	42.13	16.86	48.33	15.00	21.57	8.30	5.38	98.05	81.96	71.66	90.90	73.49	31.27	20.79	23.61	5.52	28.43	33.20	9.91	11.67	47.34	24.37	9.69	47.55	7.14
68.96	57.03	66.03	59.96	59.67	68.03	61.28	61.10	57.21	0.00	5.17	5.22	2.04	6.39	25.27	22.96	13.00	11.68	13.11	23.73	120.49	113.44	104.36	84.52	73.81	114.81	96.47	40.89	110.84	54.04	84.62	61.78	57.61	34.15	42.98	2.63	29.45	13.99	85.85	65.66	96.87	59.15	77.71	66.91	60.89	61.65	59.87	46.86	55.96	41.02	65.60
82.71	58.41	85.01	73.82	63.21	68.02	59.88	77.02	72.81	5.66	0.00	0.17	4.52	0.29	24.80	30.79	7.94	8.05	8.06	29.07	129.84	99.33	91.72	89.21	76.84	112.22	96.34	53.23	99.70	58.91	89.11	60.25	62.08	35.80	51.64	5.06	37.41	17.69	105.52	67.77	94.35	64.79	81.38	72.66	57.64	60.06	61.85	61.63	61.78	37.69	78.75
70.38	69.70	81.93	69.53	68.79	62.10	76.44	66.22	68.84	6.49	0.17	0.00	5.02	0.27	25.90	30.27	8.30	6.87	7.10	29.68	124.44	118.00	106.50	88.53	79.64	93.08	94.34	54.45	100.53	53.96	96.37	55.02	59.83	34.77	45.75	4.22	39.82	15.43	82.40	75.23	82.06	73.52	91.05	62.38	64.76	65.70	59.91	56.40	56.53	36.74	76.40
67.52	67.26	80.02	59.92	68.60	76.11	67.21	68.84	72.65	1.99	4.68	4.83	0.00	5.45	28.69	26.38	13.05	11.25	11.36	24.36	108.59	116.50	106.78	91.35	81.10	109.43	99.91	48.07	97.15	62.75	84.54	61.73	57.66	32.99	37.52	0.46	36.05	12.93	95.46	82.82	85.66	65.24	70.58	69.39	62.12	53.15	73.18	55.65	63.54	34.57	79.37
88.89	57.70	83.82	63.54	62.86	67.73	75.06	64.80	70.54	6.56	0.35	0.28	5.50	0.00	30.12	31.43	6.98	7.89	7.37	26.90	111.30	116.59	95.48	86.05	89.83	108.20	84.82	57.14	106.57	54.84	85.06	55.38	58.93	36.77	51.12	4.88	33.21	14.67	84.85	71.59	92.84	63.73	90.44	63.87	57.95	62.69	61.52	51.41	58.55	41.52	73.55
46.20	32.59	54.93	42.62	36.53	42.55	35.74	44.64	35.42	21.42	28.00	28.61	24.61	29.09	0.00	0.17	29.60	29.49	33.54	0.14	92.21	86.40	73.70	74.54	63.14	78.89	65.58	24.65	78.86	35.44	66.81	31.44	42.94	56.02	54.27	27.01	55.10	31.42	62.27	43.92	67.69	39.38	58.90	42.88	35.15	30.93	52.52	31.25	37.64	31.63	40.38
53.76	39.48	50.49	40.48	34.64	46.71	36.31	40.13	36.85	25.65	26.29	27.94	25.60	30.39	0.14	0.00	30.98	28.19	31.57	0.13	94.06	79.83	68.74	76.42	57.81	85.91	72.91	23.00	84.22	30.21	62.65	38.85	35.76	55.65	54.16	26.06	52.41	33.07	58.66	46.47	73.65	46.08	58.12	43.31	37.99	34.36	49.24	29.09	38.40	28.11	48.57
82.48	56.25	89.09	73.60	65.88	72.65	71.18	82.79	63.60	13.55	6.96	6.99	13.54	7.50	31.33	34.95	0.00	0.30	0.34	33.92	124.99	99.09	84.22	84.72	85.10	110.14	91.39	58.27	103.63	52.60	103.11	66.73	68.78	43.91	46.87	11.56	41.97	20.64	109.61	82.60	100.31	79.93	80.52	66.93	59.84	54.92	56.78	58.03	65.97	33.49	76.37
83.37	70.35	88.63	73.89	67.07	63.73	65.55	72.72	71.10	13.39	7.31	6.75	13.38	8.01	32.30	34.69	0.35	0.00	0.52	27.51	100.00	93.88	94.26	105.04	80.11	97.90	84.32	54.21	92.00	57.03	86.67	69.10	64.32	42.83	52.84	11.30	38.47	21.33	95.99	89.56	99.03	69.94	92.15	60.66	60.46	68.84	53.20	50.61	67.24	33.54	77.20
79.93	65.43	76.23	76.10	64.55	69.28	67.89	82.40	75.00	14.37	8.03	7.12	12.99	7.54	34.56	34.72	0.36	0.59	0.00	34.55	118.04	102.05	96.16	85.26	74.81	97.09	88.01	56.99	98.11	64.02	93.97	68.01	72.65	38.79	58.74	11.11	41.61	21.89	106.64	74.08	87.18	72.78	75.87	58.25	65.30	61.09	67.35	61.72	56.03	37.29	68.55
53.27	38.22	56.37	43.06	37.31	41.66	40.53	46.97	40.42	22.89	27.71	26.26	27.89	31.67	0.17	0.12	29.19	34.35	34.82	0.00	102.88	78.52	69.24	71.47	59.45	80.95	75.57	20.72	77.29	33.17	65.86	32.63	41.61	51.88	53.84	25.26	43.78	35.17	71.82	46.10	69.69	42.52	58.35	47.25	32.31	39.51	48.74	30.64	33.18	33.61	40.17
52.70	66.49	46.48	51.42	55.52	55.74	65.81	53.02	62.86	105.33	112.77	110.62	112.41	120.89	92.44	95.30	112.43	114.43	122.41	83.14	0.00	21.28	21.84	22.59	32.52	20.93	24.60	68.47	12.40	63.51	42.41	63.37	58.08	156.97	132.03	129.16	130.37	134.69	79.74	62.59	56.14	64.39	71.88	58.93	60.61	64.88	60.43	55.53	54.51	92.29	54.65
31.06	47.80	31.68	39.28	44.04	35.69	40.69	32.25	46.78	110.13	94.17	94.27	95.98	109.40	70.18	87.17	107.65	116.62	107.44	72.77	21.75	0.00	27.12	28.00	21.66	0.54	23.35	56.08	20.33	49.53	21.32	49.10	43.24	124.02	134.53	110.96	116.44	102.86	52.20	50.78	30.08	42.22	59.10	43.02	44.16	47.99	60.06	56.06	43.63	75.91	32.41
44.98	41.86	43.16	40.52	47.76	45.62	46.81	40.12	45.20	92.45	107.19	95.29	100.61	92.96	69.37	77.13	91.08	102.28	82.62	74.78	22.69	28.08	0.00	0.35	13.19	31.73	5.43	61.52	12.16	39.95	39.33	47.67	50.12	133.27	111.87	96.59	131.32	110.48	66.25	62.08	58.00	47.15	74.65	27.14	47.33	43.90	39.75	44.90	41.24	66.05	40.16
42.22	45.87	40.77	41.32	45.54	44.20	45.13	39.73	42.78	82.62	107.34	86.70	103.54	83.86	72.95	72.97	84.80	92.36	91.66	75.67	22.02	33.37	0.34	0.00	14.70	30.08	5.10	64.28	10.89	37.35	42.73	50.25	45.83	137.85	139.39	100.90	110.09	105.95	82.57	70.84	45.59	50.10	73.38	26.98	46.93	41.12	36.30	42.38	44.98	57.44	48.52
24.93	31.90	27.96	29.25	28.69	26.62	31.59	27.67	37.55	93.51	89.18	81.02	90.12	87.39	69.67	58.92	91.90	82.25	75.76	59.94	26.18	25.11	15.27	16.52	0.00	26.69	10.41	40.34	16.71	31.66	28.69	32.76	30.09	122.51	125.07	95.96	116.52	92.95	61.41	49.43	42.85	42.30	47.90	22.34	30.13	31.45	36.07	30.38	29.54	57.37	28.21
32.35	45.02	27.19	36.31	37.13	35.03	43.60	39.16	42.87	107.87	97.55	100.20	109.52	96.24	68.74	72.75	103.89	116.13	106.97	73.91	18.92	0.61	32.16	28.36	26.50	0.00	21.64	62.83	18.31	46.55	20.67	49.30	37.30	119.07	131.35	99.59	121.37	109.46	49.35	48.17	27.56	41.59	55.08	53.62	41.09	41.44	57.76	48.25	38.29	81.40	31.65
32.85	45.57	36.50	36.37	42.32	41.65	49.73	41.02	47.15	86.08	96.35	94.91	83.40	91.35	74.08	64.78	84.70	94.55	103.66	79.95	21.11	24.03	4.85	4.94	10.57	22.78	0.00	50.19	9.01	43.81	37.99	39.31	38.43	138.27	128.24	98.05	108.34	108.90	61.18	54.29	51.17	48.19	62.36	26.71	38.74	40.75	44.40	39.88	39.51	66.14	39.47
27.19	16.41	30.72	17.92	16.57	23.79	16.38	26.78	20.39	40.55	46.47	55.22	49.64	48.51	19.43	24.89	57.13	53.22	58.47	22.31	78.16	60.78	62.98	55.99	41.62	65.50	51.68	0.00	58.25	18.75	39.86	16.74	20.01	73.59	68.17	49.15	71.09	50.74	49.54	26.24	46.84	18.10	38.53	35.00	16.28	18.65	52.20	21.02	15.22	40.42	25.49
41.53	45.75	39.11	47.90	40.72	38.99	47.21	37.91	44.46	110.91	110.24	101.93	111.53	112.54	77.11	84.22	101.41	106.37	97.34	79.60	13.89	19.97	10.84	10.33	15.92	20.27	8.33	64.39	0.00	46.53	31.19	50.31	46.92	145.48	142.91	114.38	124.61	100.35	62.11	67.92	45.12	51.53	69.72	35.46	41.87	41.38	49.58	48.95	50.56	70.88	37.60
22.82	10.34	20.77	16.02	10.90	13.83	20.92	20.11	15.41	55.85	62.89	53.59	55.18	61.35	35.60	30.08	65.84	61.92	51.92	28.82	53.64	46.60	39.85	42.38	25.47	41.60	40.70	17.64	48.10	0.00	32.34	8.50	12.43	96.77	90.37	55.24	87.11	62.99	56.33	34.63	41.89	22.04	45.68	22.75	7.07	4.91	39.46	4.80	5.51	36.39	19.48
13.50	26.89	12.25	22.57	22.54	23.84	24.54	17.58	26.94	91.23	101.03	88.97	78.33	98.33	71.37	62.43	81.48	97.41	102.43	70.85	37.81	19.78	43.36	37.44	31.22	21.51	31.90	45.04	31.89	35.65	0.00	28.03	29.04	107.52	110.76	84.31	96.53	107.83	30.70	25.20	9.40	26.97	27.99	48.39	29.99	27.77	59.27	36.29	33.19	72.53	17.69
18.14	0.52	16.38	8.89	5.04	8.40	11.01	11.58	7.37	55.79	55.82	61.20	52.69	63.10	35.66	36.08	62.73	63.14	69.23	36.84	64.46	45.28	48.84	48.83	27.65	38.71	44.54	13.97	45.47	7.70	32.80	0.00	3.97	79.25	75.81	58.79	84.96	60.52	48.01	25.55	36.90	12.70	32.76	32.16	2.89	3.53	41.38	13.49	3.19	47.43	10.68
14.16	4.16	14.27	4.20	0.50	3.67	7.19	8.31	5.19	60.99	72.73	61.60	69.11	67.38	37.41	33.69	68.63	62.69	71.72	33.87	58.15	37.94	40.70	46.28	33.62	40.11	40.57	16.73	41.11	13.28	24.94	4.04	0.00	94.30	78.58	63.54	95.80	67.58	40.70	21.66	33.23	11.06	27.83	27.29	5.73	6.48	48.53	19.12	6.36	40.63	6.29
113.26	94.48	104.50	97.16	91.07	96.02	91.21	101.66	83.65	37.23	38.14	36.57	34.51	39.46	52.14	56.24	47.48	38.72	45.25	48.64	137.43	140.90	117.29	116.17	104.55	144.08	131.92	78.98	141.93	77.76	113.09	81.47	96.36	0.00	21.04	31.46	6.99	24.80	105.52	85.03	126.92	93.62	85.30	103.97	81.28	80.38	93.51	82.51	80.60	68.96	92.37
86.04	90.36	90.83	93.94	90.33	83.12	74.75	88.50	74.91	47.47	50.70	45.58	45.04	51.45	54.58	58.09	55.94	50.18	57.63	47.56	133.34	117.90	140.46	111.57	116.76	125.28	130.51	66.11	128.25	91.91	99.87	86.43	87.92	23.71	0.00	47.58	16.55	30.88	98.67	87.76	105.04	85.71	76.43	102.73	91.49	73.20	108.96	90.46	91.52	87.14	80.23
79.25	60.56	72.47	70.17	64.33	60.87	70.61	79.53	62.73	2.47	4.19	4.34	0.49	4.73	29.29	28.93	12.53	12.48	10.92	25.36	120.23	107.45	94.85	100.02	91.89	112.57	97.37	45.74	104.51	60.47	86.40	60.88	63.24	33.41	45.62	0.00	35.42	12.86	93.59	69.68	86.80	62.62	81.76	72.45	68.54	57.54	68.43	58.07	55.94	41.93	80.27
90.27	78.75	90.70	83.01	82.76	81.77	93.56	90.13	90.61	36.87	39.03	31.34	34.64	36.56	46.67	53.02	44.46	47.58	39.31	52.07	139.61	139.12	122.09	113.92	117.99	121.82	112.42	64.17	113.72	75.89	96.60	92.66	90.78	7.16	18.45	29.70	0.00	17.36	93.46	92.03	96.67	85.97	99.69	106.03	78.35	93.49	86.69	87.00	93.76	78.49	95.33
90.49	76.92	79.70	81.50	80.18	78.20	77.20	74.24	67.76	15.52	15.95	17.76	13.38	16.58	36.27	32.21	26.34	21.29	23.63	33.14	115.97	126.28	119.01	109.96	99.80	117.39	113.77	48.81	126.31	62.34	98.49	65.10	75.85	21.18	30.17	11.58	21.13	0.00	87.13	68.11	96.14	67.19	80.71	87.20	60.68	69.32	87.67	66.62	72.63	55.02	83.06
34.43	45.85	35.00	41.14	35.31	37.09	33.42	33.75	32.95	91.32	88.01	81.96	101.07	91.97	60.22	72.20	88.82	100.09	96.83	67.87	74.16	49.31	82.01	66.51	67.41	55.87	70.30	46.85	73.33	50.06	31.40	41.08	42.14	114.06	96.38	96.57	94.45	81.32	0.00	16.15	24.20	27.50	10.53	68.33	51.48	41.30	79.84	57.02	50.95	93.06	32.32
22.90	28.12	22.23	21.58	20.82	22.52	17.49	19.21	19.49	62.78	83.05	76.87	66.25	86.74	44.33	49.61	72.16	76.69	72.04	51.86	67.93	48.06	60.48	57.09	46.73	53.19	65.27	30.50	54.03	30.64	26.74	28.46	21.51	98.38	79.62	76.97	86.95	67.82	19.22	0.00	25.08	14.60	7.04	58.24	26.47	27.08	69.47	42.69	25.93	71.21	24.17
17.21	34.65	19.47	23.02	32.17	27.19	24.04	21.26	26.91	100.59	82.73	82.63	93.28	101.10	65.60	66.70	105.91	100.03	97.32	68.72	44.73	32.94	51.20	53.99	41.61	33.36	45.91	44.55	40.02	44.13	12.01	32.46	31.71	114.23	99.75	87.03	117.21	105.78	22.65	24.63	0.00	25.22	20.80	58.52	39.37	39.57	72.78	44.50	31.45	80.69	23.23
12.86	14.34	13.07	9.48	10.21	12.98	4.07	10.55	5.78	60.08	75.91	66.75	67.77	73.67	38.35	43.02	74.10	76.10	81.09	44.95	65.73	42.64	48.10	52.42	39.35	45.94	46.63	19.00	57.27	20.00	22.68	15.07	12.12	88.78	81.48	58.82	76.84	82.46	29.48	11.61	24.96	0.00	18.32	39.20	15.32	15.36	50.88	28.91	16.86	53.72	8.98
24.94	36.61	28.47	28.62	29.85	33.15	23.73	25.88	27.82	79.14	90.57	91.59	81.00	85.89	56.68	47.41	94.66	83.31	95.89	52.59	67.94	47.95	77.19	62.86	52.01	53.69	62.61	30.27	57.20	45.54	28.79	29.67	30.34	93.74	84.64	78.99	101.06	71.59	10.77	6.83	22.56	22.12	0.00	55.17	39.70	39.51	82.62	52.04	36.53	64.24	31.76
34.07	26.50	35.25	34.94	31.85	32.68	41.49	36.59	38.43	63.28	72.65	61.11	73.51	66.77	51.32	40.33	64.91	65.96	58.40	43.50	48.94	47.90	31.60	29.02	25.58	44.50	30.06	41.42	37.53	18.21	41.66	26.40	34.19	100.59	100.96	71.32	103.80	78.45	72.98	52.30	58.67	44.31	61.45	0.00	23.35	27.22	18.61	15.52	24.59	33.56	37.69
16.86	3.16	17.98	8.62	6.03	7.58	13.27	13.03	10.43	59.14	57.82	62.44	64.10	67.29	32.75	30.65	63.26	66.30	64.11	34.43	64.92	40.90	47.86	39.63	26.96	47.43	41.57	18.02	48.72	6.08	29.89	2.63	6.05	93.91	91.99	65.13	83.63	76.30	42.75	28.25	33.45	17.77	34.52	23.14	0.00	0.81	45.23	10.88	0.34	39.41	13.26
18.36	3.73	16.45	10.00	6.33	7.98	12.14	11.54	10.59	58.14	66.34	65.60	63.18	68.23	32.90	36.96	67.19	57.27	62.07	38.40	54.64	39.57	41.39	43.58	31.91	42.30	38.12	16.83	46.66	5.90	32.97	3.76	6.15	97.57	81.62	57.64	89.28	62.29	49.02	32.10	32.26	16.37	34.46	23.66	0.76	0.00	36.61	10.16	0.61	41.22	12.36
49.66	49.31	61.52	49.24	45.64	54.25	51.80	50.11	53.59	62.28	58.35	60.46	67.25	61.45	45.99	48.83	64.94	52.07	52.52	56.85	71.86	72.25	42.27	39.42	44.67	64.20	47.25	46.56	44.36	33.50	65.99	44.03	44.08	98.57	104.73	62.94	96.03	85.01	80.54	71.84	69.47	58.72	85.52	18.38	46.93	43.84	0.00	32.40	39.34	26.25	45.90
31.25	15.71	25.74	20.84	17.22	21.68	21.32	25.80	22.98	56.20	58.66	49.42	60.66	55.13	31.12	31.86	48.90	54.47	58.72	35.46	66.98	50.03	40.83	44.39	28.55	50.15	38.87	21.25	45.74	5.02	36.98	14.48	16.18	88.89	80.83	59.44	75.13	70.13	57.14	43.81	42.64	30.92	49.66	17.55	10.32	10.01	28.98	0.00	11.88	29.32	25.65
19.49	3.26	17.73	9.29	6.75	9.04	13.47	13.21	9.74	53.82	67.76	64.67	62.44	68.51	32.31	31.95	63.36	57.36	56.02	30.67	61.55	45.33	42.43	44.07	30.51	42.00	44.25	18.14	47.92	6.31	33.67	2.80	5.65	100.99	83.99	67.79	89.45	68.53	45.29	25.59	37.38	15.89	37.45	23.88	0.33	0.52	45.87	10.03	0.00	37.25	13.04
64.56	46.33	53.85	54.33	42.03	48.15	56.15	48.35	53.96	37.12	36.05	42.49	37.76	36.46	31.98	28.41	29.83	29.46	29.48	27.93	89.27	81.89	53.29	64.55	57.39	83.84	53.61	36.62	75.54	33.70	77.99	38.69	41.63	67.61	86.31	42.18	78.56	52.53	82.82	63.95	76.42	56.61	80.50	30.49	43.25	41.07	29.86	28.24	36.67	0.00	54.27
5.74	10.08	6.06	3.68	6.56	4.16	6.74	0.51	6.66	76.50	80.86	70.68	71.54	64.92	41.97	43.89	76.55	69.10	74.77	47.80	52.61	36.96	42.81	43.97	27.11	36.12	35.18	21.37	38.05	16.53	19.39	11.33	7.63	106.02	88.50	65.42	87.42	80.68	34.05	19.91	20.02	11.06	25.29	35.87	13.57	14.43	57.24	21.35	11.05	51.60	0.00
~
Delivery quantities;
0 2 1 0 1 0 2 4 0 6 3 3 0 4 2 6 4 0 0 0 0 4 1 1 2 0 2 1 4 1 2 1 1 1 4 2 2 0 0 0 2 1 4 2 1 2 1 1 4 2 
~
Pick-up quantities;
24 0 0 42 12 18 20 0 8 0 12 0 24 16 6 0 0 12 8 12 6 0 6 0 6 6 12 0 6 0 6 0 12 8 4 4 12 6 8 12 8 4 0 6 0 4 0 0 12 4 
~
Vehicle capacity; 
120 120 120 120 
~


