Cost matrix;
0.00	18.50	106.35	12.83	93.34	12.05	10.53	11.82	12.07	12.27	11.43	74.93	68.95	69.79	76.14	74.26	104.28	93.42	104.44	92.64	73.30	73.60	88.33	46.21	39.49	74.66	50.16	34.51	51.81	10.81	17.42	52.51	101.37	75.40	37.01	8.94	25.66	107.77	99.37	103.55	71.44	90.36	39.77	19.45	41.58	13.61	96.38	74.50	74.59	68.29	100.38
17.50	0.00	89.22	5.02	74.13	5.02	8.80	6.23	7.51	10.54	5.36	56.46	58.07	60.73	60.74	61.66	80.97	74.73	82.08	92.75	59.00	67.84	65.20	29.39	25.73	63.89	41.78	34.01	49.41	8.16	0.10	48.30	89.35	56.02	40.44	6.83	33.28	104.05	72.43	100.11	52.35	94.17	25.89	0.45	25.92	28.18	94.82	64.78	58.02	67.39	90.02
94.65	85.80	0.00	74.16	10.51	85.19	76.86	97.06	93.47	89.82	77.02	23.19	25.76	19.38	22.16	22.84	37.49	35.90	14.78	40.65	15.93	17.64	16.06	58.18	60.79	22.80	84.93	105.21	93.45	93.23	78.34	98.38	15.55	14.83	100.32	81.67	105.44	19.76	15.48	38.40	22.29	37.01	80.78	87.35	64.56	100.38	35.22	22.88	25.94	25.50	18.38
11.29	4.64	91.03	0.00	86.24	3.46	7.10	4.49	7.73	9.46	3.40	64.64	67.67	63.49	67.12	62.49	98.54	79.40	75.23	96.44	75.96	65.09	71.72	26.25	27.98	63.69	48.71	27.39	49.41	2.93	4.51	53.95	93.46	67.21	37.74	4.58	32.89	95.17	78.79	97.29	56.77	96.48	26.20	4.62	25.97	22.17	86.53	66.30	57.16	60.88	113.90
112.55	83.91	8.99	80.78	0.00	99.13	92.03	78.21	93.60	88.91	82.50	30.00	34.62	29.55	28.76	31.44	42.58	42.83	21.85	52.73	19.31	18.79	19.97	71.48	58.89	31.97	86.66	112.80	89.99	83.51	75.95	99.37	19.90	18.39	104.27	98.59	110.11	29.80	25.88	43.86	32.12	40.15	72.31	89.73	64.82	117.90	44.96	27.06	31.84	35.07	26.48
13.96	5.01	94.41	3.59	95.32	0.00	4.10	2.32	4.00	5.28	1.25	70.36	73.00	71.52	60.94	61.69	96.44	85.60	80.93	94.26	73.81	63.52	71.95	29.60	30.14	59.94	43.17	34.49	59.08	4.20	5.21	49.12	88.70	74.58	44.27	2.15	31.33	92.57	83.32	83.41	63.55	101.45	32.84	5.57	27.68	21.17	99.99	67.53	63.43	62.40	110.88
13.32	7.47	87.41	7.00	100.03	3.51	0.00	1.92	0.09	2.40	3.14	68.16	59.68	75.27	64.02	69.94	88.26	99.71	96.19	82.41	71.39	72.77	71.67	32.05	35.22	72.17	43.66	37.72	49.80	6.02	8.26	51.25	88.23	74.96	33.62	3.10	29.14	112.74	78.40	85.79	61.95	84.59	39.80	7.47	33.40	27.05	98.23	55.61	57.52	71.12	100.78
10.22	6.65	90.85	4.83	84.44	2.43	1.79	0.00	1.80	3.64	1.31	68.54	59.17	63.35	71.64	59.10	103.49	91.78	89.18	95.31	61.51	60.86	63.78	36.57	29.16	58.01	38.24	34.06	60.77	4.39	7.86	61.51	90.92	69.01	35.29	1.67	26.29	101.15	90.82	94.39	64.25	84.62	31.58	8.04	34.15	21.85	95.47	64.23	65.90	68.24	95.04
12.37	8.13	89.78	6.08	93.56	3.55	0.11	2.06	0.00	2.46	3.04	63.18	69.67	72.47	71.60	58.04	88.27	80.58	76.73	75.36	65.08	75.09	63.85	33.94	37.61	58.89	40.17	38.17	55.70	6.09	8.36	53.63	98.40	63.57	36.08	3.63	26.34	106.05	80.11	81.77	71.13	91.18	35.55	8.09	36.00	27.16	98.70	68.39	59.86	58.42	93.26
10.99	8.64	87.75	9.12	100.59	6.58	2.24	3.94	2.35	0.00	4.85	58.22	66.14	74.21	62.96	59.99	83.92	83.27	82.13	83.62	62.71	75.25	74.09	39.27	40.52	59.49	35.21	33.58	62.08	8.96	10.71	54.51	99.76	63.83	32.04	5.04	22.49	106.09	81.41	90.34	64.85	91.79	35.70	9.50	38.56	24.49	94.50	58.10	67.28	65.87	109.54
10.01	6.37	90.67	4.14	85.45	1.14	3.00	1.33	2.96	5.99	0.00	69.62	64.46	65.37	64.06	57.15	102.06	83.70	94.72	94.84	66.08	60.97	71.98	35.76	30.68	64.79	44.60	36.43	46.81	3.75	5.38	56.61	95.31	63.31	43.43	1.40	28.70	97.53	97.30	102.53	71.32	85.81	35.96	6.10	29.80	21.73	88.99	59.50	60.36	64.51	108.62
75.16	53.77	19.23	66.39	23.83	70.26	69.91	62.58	72.68	66.40	62.45	0.00	7.12	2.64	2.23	3.83	31.26	37.06	18.31	34.17	9.96	10.73	8.47	52.11	42.27	2.57	68.57	78.78	97.08	71.83	64.68	85.14	32.54	11.01	82.26	73.55	86.02	32.91	18.53	31.83	2.70	38.30	72.40	66.27	52.39	86.61	34.44	2.18	3.18	5.12	31.16
87.70	61.85	21.28	65.74	28.79	59.29	69.09	71.02	71.90	64.52	71.65	6.26	0.00	4.33	4.61	8.76	33.87	28.14	21.46	25.81	16.59	13.95	17.28	46.61	53.39	3.59	56.35	95.44	100.81	77.01	69.13	80.06	31.98	15.12	88.93	68.18	71.24	38.47	21.90	27.57	4.83	27.67	65.46	57.38	56.30	85.85	28.57	6.10	5.05	1.78	37.23
85.34	65.71	23.08	73.87	25.78	59.23	71.49	67.27	73.10	73.41	74.21	2.58	3.86	0.00	0.51	6.11	32.94	34.08	20.78	28.49	11.94	11.26	11.26	46.94	53.26	1.30	64.39	87.67	89.26	65.64	68.62	100.92	38.44	11.90	98.07	64.81	71.30	37.98	18.91	29.56	3.21	29.22	70.14	53.78	49.64	94.22	31.60	2.94	3.37	3.08	30.54
84.74	57.50	23.16	58.61	25.80	63.03	62.85	63.59	64.92	74.30	70.72	2.49	4.73	0.55	0.00	5.78	30.81	28.62	17.34	30.80	12.75	11.87	12.38	45.29	43.58	1.89	57.62	85.72	98.24	74.04	57.53	81.20	29.79	11.98	95.54	65.00	89.02	30.33	21.17	36.68	3.48	31.21	66.55	63.27	55.95	75.34	33.96	3.85	3.99	4.22	37.93
81.79	64.54	21.13	66.70	30.85	69.67	60.93	58.59	60.53	70.55	69.23	4.37	10.44	6.69	6.86	0.00	42.73	36.64	24.87	34.71	8.83	8.44	8.43	40.21	44.16	6.37	59.45	81.86	89.70	71.30	50.49	81.64	35.88	10.55	91.17	69.83	73.07	34.46	22.61	40.55	4.47	45.16	60.32	63.15	42.80	81.66	36.21	4.05	5.69	9.25	41.48
98.72	77.90	35.73	95.23	44.13	100.33	93.12	91.68	92.05	88.83	80.21	40.14	31.64	31.71	33.67	39.84	0.00	2.28	23.69	6.94	39.25	40.22	42.29	77.82	71.55	33.95	65.93	115.03	111.10	104.57	86.95	114.43	34.85	44.89	92.24	94.48	96.34	24.99	22.87	1.12	34.52	0.47	109.77	94.14	70.98	122.11	1.32	36.87	31.61	32.29	25.45
109.61	91.00	38.84	97.59	49.27	93.01	91.03	99.41	93.05	98.38	88.59	37.27	24.97	30.88	33.32	41.96	2.75	0.00	20.06	4.66	40.08	39.13	39.86	83.88	72.19	27.87	65.12	100.86	107.21	80.86	76.62	116.23	31.32	45.02	91.71	85.36	92.46	26.09	22.88	3.35	31.98	3.33	105.80	81.69	75.72	102.06	3.56	31.57	32.97	28.52	25.76
90.99	77.47	15.72	83.43	22.12	82.97	87.84	90.52	79.49	93.77	89.97	19.39	19.73	18.81	18.54	23.10	21.04	23.43	0.00	27.60	21.73	24.17	21.46	76.70	72.52	21.84	82.93	103.52	94.35	94.62	80.35	108.38	19.44	21.97	108.07	98.42	105.22	13.33	0.17	22.88	19.86	21.96	74.68	88.80	59.86	115.94	20.26	24.98	25.13	19.68	15.47
86.82	75.92	41.70	82.64	53.17	96.97	87.74	87.82	80.58	91.34	97.75	31.32	31.82	30.84	30.61	40.16	6.59	4.91	24.26	0.00	43.51	41.00	38.80	88.68	75.80	35.66	61.16	108.90	104.79	96.37	83.13	117.06	43.55	43.59	89.28	89.53	79.53	31.09	26.24	7.24	32.30	7.17	105.66	85.26	86.74	120.67	7.86	32.30	31.18	31.47	32.09
91.36	66.89	19.30	63.68	18.06	63.68	73.22	73.72	61.82	73.06	70.15	9.27	14.76	11.72	12.28	10.39	43.09	41.49	21.94	47.59	0.00	0.23	0.39	46.77	51.96	13.73	62.63	86.22	89.64	65.40	58.26	84.78	31.37	0.33	92.55	69.53	76.84	37.20	21.41	39.76	13.15	47.24	56.40	71.54	46.69	92.83	40.16	12.02	12.74	14.15	33.85
70.59	71.40	16.95	69.01	19.99	61.81	77.48	78.35	70.99	74.24	69.36	8.50	17.69	12.81	11.08	9.22	36.98	44.86	21.21	45.60	0.25	0.00	0.18	45.79	46.72	12.43	61.96	92.17	84.31	77.59	63.19	80.63	34.08	0.49	91.33	77.52	81.75	37.50	24.88	46.16	11.51	41.90	59.24	68.37	42.12	86.80	41.00	12.20	14.11	14.93	40.84
80.00	67.35	16.74	74.71	22.10	64.52	76.76	74.51	77.51	64.11	72.45	8.64	17.19	11.53	12.61	8.60	37.09	41.08	26.16	47.63	0.43	0.18	0.00	46.04	45.38	10.99	71.53	93.45	77.99	70.37	61.32	77.62	36.52	0.82	98.04	62.19	83.74	35.26	23.10	43.03	10.82	47.87	60.33	65.87	49.40	80.48	41.31	11.21	12.69	13.40	34.07
36.92	27.39	57.76	26.05	62.95	28.20	35.91	34.76	35.87	32.31	31.68	50.57	47.16	54.69	49.50	48.23	82.55	71.80	62.11	72.13	50.20	43.81	50.39	0.00	0.16	44.85	67.83	31.79	44.08	32.17	24.67	45.18	81.62	48.81	60.92	32.24	62.14	75.58	68.76	90.53	50.67	75.94	14.81	23.12	0.33	38.50	80.20	40.97	52.67	54.59	90.37
45.92	29.31	64.73	26.45	69.67	34.75	38.10	31.52	34.30	35.50	35.33	46.32	53.80	51.79	56.01	48.65	76.91	83.50	76.47	69.68	41.84	51.82	45.17	0.17	0.00	43.95	67.01	40.56	40.88	29.95	25.58	41.26	79.69	53.02	71.41	36.82	58.14	78.49	60.76	71.90	42.03	80.72	15.36	23.06	0.18	45.40	76.81	47.17	41.90	43.57	75.19
70.73	64.03	24.93	63.07	26.33	70.91	62.23	61.99	70.29	68.35	61.02	2.69	4.35	1.42	2.04	5.61	37.31	36.04	22.43	28.67	13.61	12.17	11.34	52.46	44.84	0.00	55.91	76.87	77.72	66.49	67.37	84.21	36.04	13.98	88.46	60.62	68.32	32.52	23.07	35.35	1.94	31.24	63.89	55.95	48.28	78.45	37.64	2.11	1.79	2.91	36.92
45.99	37.02	78.83	48.25	83.00	44.60	38.17	36.27	42.78	34.05	36.99	59.05	58.92	56.68	57.84	57.11	69.96	61.53	68.67	59.47	75.14	75.85	66.63	64.62	55.10	61.82	0.00	74.95	101.50	46.11	43.78	92.33	101.06	70.58	38.25	38.94	28.11	91.07	79.78	76.26	58.49	65.27	73.06	39.06	55.83	68.09	79.83	61.37	66.25	58.27	92.79
27.47	33.86	94.06	28.49	102.44	34.09	34.70	35.06	40.03	34.69	32.42	90.51	91.60	94.60	91.78	69.29	110.18	111.96	93.96	98.07	82.25	92.75	84.46	38.99	32.69	76.55	72.50	0.00	25.44	27.23	36.24	22.10	103.81	74.49	57.19	33.79	56.11	119.72	92.89	109.93	72.39	110.94	22.28	31.13	37.62	18.64	102.04	90.65	79.18	87.49	124.48
47.94	53.30	89.97	44.63	99.26	56.55	56.19	51.63	59.26	54.19	55.61	87.58	97.57	82.41	79.24	85.25	119.22	132.49	111.28	108.62	94.82	74.79	82.96	39.70	40.56	89.63	84.40	25.10	0.00	44.64	52.24	0.26	111.08	73.60	80.20	53.37	78.36	133.92	94.24	120.35	82.10	127.26	23.82	45.22	44.14	40.85	122.66	93.21	82.68	99.48	130.09
8.97	6.86	83.32	3.01	89.22	3.96	6.25	4.39	6.80	7.49	2.90	66.46	68.97	61.45	69.74	59.97	103.05	94.39	93.28	86.02	80.16	66.20	76.53	36.24	30.48	64.61	41.80	27.66	51.31	0.00	7.86	50.95	96.42	75.02	43.13	2.97	29.32	107.36	81.44	95.51	62.07	95.05	26.92	8.24	28.27	17.28	104.53	74.49	63.74	65.79	101.71
15.38	0.09	86.50	4.59	87.70	5.21	7.33	6.19	7.60	9.62	5.61	59.71	66.75	58.18	54.40	57.50	98.23	90.23	74.08	79.92	71.30	61.42	55.97	25.68	26.73	63.91	44.16	36.15	54.11	6.91	0.00	44.84	97.57	57.20	39.49	7.42	37.06	98.11	78.51	79.28	57.11	87.94	26.72	0.41	23.64	23.39	95.17	58.20	59.89	63.88	91.76
61.56	54.53	105.19	54.89	102.64	51.53	57.09	60.32	62.97	59.68	54.33	86.71	87.84	82.29	86.19	81.48	133.29	111.91	119.46	120.44	77.48	89.05	92.25	38.98	38.20	84.32	81.76	27.14	0.28	45.07	56.11	0.00	99.90	76.85	78.25	59.25	71.77	120.07	105.18	117.73	95.39	124.25	23.16	48.06	45.63	44.29	115.03	92.64	92.55	101.11	104.47
101.34	103.80	16.23	92.45	20.31	111.08	104.40	94.45	95.84	93.01	95.67	32.33	36.42	36.58	34.16	40.89	34.27	33.45	18.18	39.62	32.41	35.88	33.43	85.58	71.64	37.43	86.79	107.48	124.12	96.20	99.77	124.32	0.00	30.67	117.32	112.76	112.70	11.78	20.10	39.05	33.43	34.40	102.14	92.20	85.19	133.10	29.98	41.35	41.60	34.77	10.34
74.06	66.17	19.11	61.24	19.75	68.85	61.16	65.20	79.17	73.62	77.01	8.84	17.23	13.34	11.01	10.34	46.51	43.62	24.16	46.78	0.33	0.49	0.72	52.52	49.06	13.80	74.41	82.02	83.72	68.36	66.60	88.08	32.55	0.00	106.55	66.96	88.90	35.40	22.71	41.72	11.24	38.10	61.67	62.60	45.25	97.60	44.80	12.21	12.86	15.71	32.65
32.65	43.85	100.28	42.18	102.21	39.19	39.48	35.89	31.90	33.17	36.29	85.57	100.08	101.45	103.16	92.06	96.03	108.00	111.16	98.03	100.37	106.69	84.43	71.00	69.85	88.77	31.41	69.73	79.65	44.57	47.29	99.58	134.12	110.29	0.00	36.05	12.94	112.75	102.59	102.87	78.08	117.92	72.94	38.53	68.82	48.55	117.69	100.06	88.09	81.13	129.90
10.92	6.57	94.50	4.15	92.64	2.34	3.51	1.38	2.94	5.46	1.32	68.02	68.81	63.50	74.99	56.73	90.71	88.67	84.79	84.51	62.07	64.99	62.99	29.28	36.07	62.36	39.33	30.99	59.08	2.85	7.27	50.64	108.68	71.88	41.94	0.00	31.91	111.00	85.81	95.08	57.59	84.61	29.96	7.00	34.94	20.80	84.50	63.61	61.28	60.32	92.47
27.29	37.22	98.31	34.85	97.00	29.00	28.79	27.92	28.17	23.09	30.44	71.03	69.95	72.02	75.28	68.70	98.62	82.12	103.81	93.30	84.95	77.27	85.00	57.91	66.59	71.37	27.20	61.74	78.99	27.99	29.69	85.57	126.57	89.04	10.80	27.60	0.00	110.28	93.25	99.44	77.85	91.02	55.44	36.50	59.55	45.92	101.40	85.95	85.95	73.85	112.57
111.07	87.60	22.78	90.29	30.82	102.52	107.06	109.13	100.77	102.44	89.86	36.86	36.85	32.99	35.18	38.94	27.62	28.36	13.09	27.06	36.96	40.56	37.21	92.22	76.34	34.98	96.44	120.98	111.52	105.70	101.48	106.88	11.81	33.06	129.57	91.67	110.75	0.00	15.24	25.45	34.32	26.90	91.87	100.13	89.84	107.29	21.72	35.67	41.10	30.95	0.63
96.33	72.25	14.82	93.00	21.14	90.47	76.50	93.70	90.03	78.00	87.83	18.95	19.24	20.83	20.73	27.05	24.12	19.82	0.17	25.39	22.63	21.85	24.51	60.24	76.78	21.69	79.65	92.80	120.40	98.80	74.85	105.86	16.22	21.48	110.93	98.16	109.13	13.93	0.00	22.96	25.29	21.51	88.43	90.52	60.50	115.56	19.79	23.34	21.00	19.74	13.01
103.65	90.61	35.59	84.20	47.38	96.05	96.54	81.62	94.77	89.25	97.21	35.11	31.00	31.49	34.32	37.68	1.01	3.57	20.24	6.76	41.12	38.82	39.10	75.07	86.78	36.25	64.47	122.87	123.51	85.64	96.25	106.95	32.36	45.19	107.43	103.99	99.01	26.61	20.59	0.00	33.17	0.63	107.73	85.85	80.68	101.84	0.49	32.10	40.40	34.46	25.42
73.60	52.34	21.42	71.11	27.39	67.39	67.14	56.39	56.93	65.22	56.17	2.96	5.49	3.47	3.28	5.00	38.83	33.09	22.11	36.11	11.94	10.93	13.47	42.58	51.93	1.97	58.70	80.78	94.46	60.12	58.19	89.98	37.96	13.09	93.70	68.67	68.11	34.27	24.43	36.07	0.00	33.12	58.02	62.94	46.23	76.64	36.03	0.39	0.45	3.33	34.74
97.64	89.82	37.99	100.51	44.03	95.56	92.52	85.98	83.76	93.22	94.79	39.29	28.91	30.80	35.48	37.68	0.44	2.74	22.07	6.56	45.69	41.26	42.36	90.42	78.56	32.87	63.59	117.98	131.83	98.57	96.43	134.32	34.15	47.06	112.59	104.91	88.45	26.73	22.03	0.58	36.12	0.00	110.70	99.26	91.50	123.26	0.89	35.07	31.62	31.15	24.65
37.79	31.52	82.08	31.78	81.08	30.91	32.13	32.27	36.77	42.30	32.20	65.82	59.73	66.35	65.44	67.32	95.18	88.25	91.56	85.63	65.97	67.17	62.03	17.51	15.36	71.71	69.69	20.99	22.31	30.01	24.96	24.72	86.52	60.61	70.63	32.52	65.32	96.55	87.15	110.08	57.85	93.78	0.00	30.64	16.48	28.65	89.56	62.58	62.04	71.60	107.80
19.87	0.56	73.38	5.21	85.77	4.92	7.45	7.09	9.31	10.29	7.28	59.45	64.40	54.41	57.23	49.71	76.29	86.07	87.00	77.50	56.55	69.90	66.87	25.76	25.14	60.93	43.24	31.92	53.48	7.51	0.44	51.45	91.17	60.69	45.89	7.91	32.64	104.79	72.37	89.94	55.72	80.69	30.12	0.00	27.49	27.39	81.60	65.41	54.83	53.30	88.97
44.90	29.57	69.84	28.86	67.55	32.18	33.83	30.89	34.25	32.10	29.86	43.15	54.36	48.88	44.94	47.05	70.80	74.56	76.76	81.40	46.32	43.16	44.58	0.36	0.20	51.19	63.35	35.48	39.46	32.19	23.72	37.35	87.14	48.28	77.96	35.26	64.88	90.90	61.97	87.03	42.84	80.66	18.88	24.58	0.00	38.10	91.70	40.65	51.61	55.30	78.36
16.24	22.50	102.40	18.93	93.01	22.78	22.98	21.77	27.09	24.80	22.51	78.14	88.67	78.82	77.09	87.81	113.49	117.09	101.28	98.49	92.17	86.63	84.39	42.14	41.07	81.88	67.70	16.87	40.45	19.49	23.91	39.32	123.24	92.01	49.36	23.80	38.92	120.41	102.74	111.78	79.80	119.52	33.43	25.63	43.97	0.00	126.70	93.12	79.24	87.67	135.17
105.80	80.02	37.48	87.88	44.78	89.62	99.16	81.04	91.47	97.21	96.40	36.05	30.24	37.52	30.60	35.90	1.28	3.84	23.25	7.90	41.22	43.30	42.38	79.95	87.58	37.89	75.53	125.37	131.57	95.25	90.76	132.93	38.53	42.38	110.37	88.94	92.87	24.93	19.80	0.52	34.87	0.96	111.26	80.52	81.19	124.46	0.00	40.40	39.61	34.50	26.41
83.78	58.87	24.24	56.97	28.72	57.61	59.64	62.78	63.12	59.34	63.13	2.56	5.77	3.58	3.62	4.66	31.92	36.83	24.30	33.18	10.68	10.62	11.14	45.94	47.33	1.96	52.36	76.30	75.38	63.55	58.85	97.20	36.76	12.58	83.84	72.88	82.78	41.22	25.54	40.00	0.42	35.78	61.31	54.98	49.10	85.95	40.08	0.00	1.03	3.66	33.59
68.14	63.37	26.60	56.32	32.37	67.10	71.86	67.94	63.94	55.98	66.25	2.99	4.44	3.70	3.78	5.64	38.74	31.89	20.89	29.90	11.86	11.70	11.37	45.87	47.81	2.19	60.69	72.04	93.23	62.88	51.55	82.33	37.82	13.95	80.00	65.71	73.65	41.10	19.91	34.28	0.47	32.88	56.32	55.13	47.92	91.35	40.05	1.04	0.00	3.22	35.75
69.96	54.67	21.54	64.79	34.68	62.23	59.83	57.45	61.52	70.12	65.23	5.57	1.52	3.61	4.11	7.73	28.32	28.53	20.69	30.73	16.81	14.28	15.30	44.05	44.07	2.78	57.48	83.18	83.68	73.30	58.84	86.00	38.20	16.06	78.49	64.67	72.51	33.91	22.59	34.59	4.00	28.99	66.38	57.62	48.53	93.32	29.61	3.53	2.94	0.00	40.23
110.43	91.28	20.76	103.84	27.15	97.09	93.14	100.57	107.61	98.59	88.33	32.62	35.49	37.42	36.92	43.04	26.11	23.22	16.75	28.49	31.64	37.46	33.37	88.98	84.54	32.27	92.26	121.64	107.65	99.38	92.32	120.78	11.60	34.52	125.63	96.45	121.64	0.60	16.54	26.07	36.61	25.50	110.77	92.35	90.50	127.11	25.60	40.70	38.54	31.39	0.00
~
Delivery quantities;
6 3 2 1 5 7 0 0 2 0 4 1 8 2 4 2 3 6 1 1 4 6 3 3 6 1 1 1 0 4 2 4 2 1 2 2 0 0 1 4 1 4 2 1 2 2 4 0 1 1 
~
Pick-up quantities;
16 0 12 24 0 6 28 18 20 18 18 0 0 0 16 12 0 24 0 0 12 6 12 12 4 0 0 8 4 8 8 0 0 4 0 8 8 8 4 4 8 12 12 6 0 6 12 4 4 0 
~
Vehicle capacity; 
120 120 120 120 
~

