Cost matrix;
0.00	8.53	12.26	13.69	8.21	11.85	17.76	16.31	8.69	70.21	79.29	82.37	80.30	65.48	41.45	89.06	42.95	45.67	42.86	37.81	34.17	8.95	60.86	29.49	10.05	32.76	27.78	10.19	31.48	24.22	26.00	81.05	77.57	67.53	27.37	15.07	32.58	99.29	82.64	96.44	90.44	93.04	97.93	41.81	23.72	32.92	62.25	56.69	37.80	38.96	59.62
9.88	0.00	4.91	7.90	6.09	2.99	12.06	6.38	3.38	71.09	72.74	75.05	77.85	58.71	39.02	80.24	36.50	37.67	33.86	33.92	40.64	5.01	55.81	31.50	5.98	38.15	30.30	6.78	38.48	24.49	18.42	68.47	60.40	62.53	19.39	6.43	30.06	89.24	73.54	102.93	96.55	82.31	86.53	42.30	26.46	37.23	69.50	63.20	49.26	44.99	56.12
12.48	4.96	0.00	3.70	10.06	1.87	12.13	3.16	8.40	71.79	71.49	64.51	61.55	70.60	35.35	64.66	39.59	34.16	33.19	35.55	40.43	9.01	55.74	42.57	9.53	46.52	38.11	11.80	35.72	23.31	13.56	61.04	67.79	69.78	22.11	2.86	36.40	99.31	79.06	90.42	84.29	72.87	74.51	53.03	31.63	37.71	60.39	61.93	49.59	42.38	51.15
12.21	7.37	3.43	0.00	14.98	6.71	16.75	6.77	12.50	59.05	65.80	70.70	72.24	66.55	43.48	83.40	32.34	31.50	44.05	40.69	53.90	14.07	65.41	45.32	14.03	46.68	33.38	13.62	27.09	18.40	9.94	63.06	63.46	72.26	23.85	6.51	45.27	99.50	77.77	85.64	83.28	85.52	82.51	53.84	41.93	46.78	75.96	68.16	52.60	51.41	63.33
9.38	5.85	11.06	13.19	0.00	8.84	11.08	10.92	2.96	75.32	62.39	69.17	80.19	64.59	32.70	75.31	47.43	51.84	29.81	30.67	36.72	0.82	53.61	28.86	0.96	30.86	26.14	0.19	36.14	27.59	24.18	73.43	65.74	72.87	18.75	11.60	27.92	100.01	83.32	108.99	96.91	80.34	83.50	35.17	25.06	39.04	57.00	49.38	38.79	36.92	41.87
11.21	3.12	2.28	5.39	9.37	0.00	10.01	2.45	6.99	64.08	74.15	59.59	68.66	71.48	31.50	68.24	42.32	33.79	30.61	35.05	43.63	7.29	61.49	37.57	7.77	49.50	35.48	8.66	35.06	20.51	16.73	67.76	67.25	62.49	24.42	2.44	39.94	106.09	79.13	103.64	83.88	86.34	76.83	42.11	34.77	45.84	57.49	59.53	44.23	40.91	46.38
20.71	10.95	13.91	16.67	11.47	10.67	0.00	12.25	7.95	53.96	57.75	62.83	53.69	55.68	23.27	66.91	49.18	44.71	22.63	24.93	38.09	9.32	46.02	31.09	8.91	40.57	31.72	9.23	48.58	33.43	20.80	63.75	54.41	60.39	10.78	11.26	29.64	97.61	73.24	87.44	80.24	86.89	77.52	46.93	31.53	43.93	63.53	45.73	42.14	36.22	38.61
15.10	6.02	3.17	5.98	10.52	2.60	11.46	0.00	7.57	58.84	70.82	61.62	63.01	66.55	31.64	64.96	33.79	36.10	37.31	34.42	51.92	10.64	51.00	35.31	11.84	49.86	34.23	10.94	37.66	22.41	14.32	62.35	62.89	59.71	23.32	0.35	38.08	96.87	70.28	80.32	87.15	74.88	69.61	53.42	37.99	50.45	62.67	56.60	46.32	44.95	50.55
8.81	4.04	8.34	10.26	2.57	6.88	8.17	9.10	0.00	67.25	71.55	79.12	72.57	65.54	33.33	72.40	39.40	43.61	29.40	34.44	36.82	2.32	56.02	31.19	1.99	37.99	27.27	2.92	34.77	26.53	23.68	60.82	65.47	69.36	19.08	7.84	32.05	92.99	88.99	102.84	91.24	86.74	87.31	44.12	30.28	39.83	52.04	49.44	46.24	34.75	50.53
68.20	65.65	60.45	61.51	64.86	66.58	61.84	58.72	73.98	0.00	3.06	5.53	3.08	0.29	46.14	34.83	61.62	64.37	53.68	45.67	95.78	60.07	94.46	78.03	71.97	90.08	92.47	72.73	89.83	80.80	60.89	30.98	0.37	0.09	47.83	55.38	83.72	45.01	23.35	38.59	34.32	25.76	37.40	82.20	75.40	110.51	113.69	80.26	100.64	100.03	58.78
86.23	66.19	59.13	71.56	62.78	61.14	66.68	63.05	65.66	3.36	0.00	2.43	2.41	3.17	52.55	32.86	55.03	53.83	48.05	52.41	92.45	61.32	93.71	92.82	76.97	88.90	80.76	71.25	100.29	75.84	66.59	30.19	3.52	3.07	50.58	59.74	78.01	39.76	23.89	40.99	33.65	31.06	49.69	104.95	79.59	100.58	114.41	87.90	94.75	81.05	69.81
79.23	73.08	74.77	78.27	76.16	72.28	67.70	58.60	61.88	6.43	2.70	0.00	3.75	6.19	54.37	27.28	69.46	61.21	50.71	51.79	90.28	78.89	90.34	80.13	68.26	93.96	85.94	75.99	100.69	81.67	57.60	36.95	6.00	5.29	52.90	58.71	74.52	42.34	27.96	40.88	33.90	28.70	42.43	86.79	82.05	104.32	110.05	78.45	102.44	85.82	64.73
79.60	62.47	74.12	66.98	65.83	70.10	68.32	56.49	69.54	3.10	2.92	3.89	0.00	4.08	45.80	32.59	63.24	56.63	46.96	46.22	91.80	74.98	81.08	80.22	78.57	93.74	95.84	76.50	83.16	73.51	65.41	32.75	3.94	3.02	51.59	66.95	80.54	43.43	21.13	38.86	33.21	30.28	45.30	92.52	79.39	113.45	96.86	73.29	96.90	92.52	70.60
70.81	62.68	65.54	58.53	72.31	57.76	62.79	66.00	60.43	0.29	3.83	5.92	3.90	0.00	41.62	32.97	65.44	60.45	50.51	52.09	82.04	73.47	82.49	90.98	67.59	91.39	93.82	60.89	82.96	72.85	56.45	31.06	0.09	0.30	49.36	58.65	86.69	45.24	24.89	34.95	30.72	31.05	47.44	94.68	83.81	107.26	106.05	70.78	98.53	89.23	64.17
42.04	31.63	34.70	35.68	30.93	34.22	21.71	32.87	35.76	49.55	47.93	54.29	46.36	45.51	0.00	41.02	61.88	67.55	0.87	0.80	50.67	31.19	43.67	34.09	33.59	41.30	40.43	28.94	70.66	60.16	39.17	61.96	47.23	52.89	12.11	31.01	35.22	93.96	72.60	86.93	79.42	65.51	76.09	41.02	37.13	60.43	62.45	37.51	41.47	41.80	26.19
87.50	66.60	76.07	80.79	65.72	75.49	56.81	65.34	62.10	34.33	32.66	27.00	34.42	28.02	43.86	0.00	87.58	73.63	40.13	42.26	72.46	73.19	63.65	74.00	74.53	76.90	76.20	73.02	108.65	86.67	78.55	54.33	30.31	29.14	50.72	72.33	64.65	65.85	52.30	72.15	58.52	60.66	69.55	91.76	82.78	87.57	91.30	55.80	87.53	79.20	44.83
43.03	38.39	33.37	31.92	43.73	36.00	44.18	40.73	39.36	52.40	67.34	59.06	67.68	59.27	58.29	89.32	0.00	0.35	57.72	64.41	87.91	48.44	95.53	64.75	47.81	93.27	62.61	41.48	35.79	23.99	25.13	38.25	55.73	59.29	53.87	37.09	83.01	68.77	58.26	81.47	68.69	58.18	55.51	90.51	70.53	71.41	114.00	95.80	91.64	88.13	74.24
46.66	43.47	39.05	32.37	53.16	42.37	39.76	37.88	45.73	63.85	64.33	63.68	60.07	59.98	65.81	85.79	0.34	0.00	56.22	54.25	83.00	44.56	100.02	71.10	47.41	91.10	77.24	50.40	32.57	26.78	24.29	38.44	51.57	54.22	50.04	33.37	69.98	77.29	56.62	80.55	64.01	62.28	51.82	80.41	73.33	84.18	99.55	90.63	78.72	86.47	74.51
45.05	31.26	31.13	43.94	28.18	37.21	23.36	37.21	34.29	54.13	45.70	49.92	47.68	43.27	0.78	35.13	57.51	62.57	0.00	0.54	42.42	34.07	42.90	38.02	32.09	40.36	35.37	28.73	63.71	49.57	37.95	57.52	41.57	50.52	11.92	32.73	31.91	91.18	64.35	73.14	73.05	69.39	88.35	42.56	36.24	57.79	63.44	37.70	48.30	48.94	20.18
38.09	38.30	34.76	36.74	33.06	34.21	25.20	36.22	30.60	45.42	46.11	54.09	53.90	46.21	0.82	41.80	54.23	67.81	0.51	0.00	48.95	33.34	37.08	34.85	34.22	40.93	41.95	33.69	68.81	59.22	47.83	70.32	44.56	47.78	11.51	35.32	35.23	92.82	64.05	79.43	69.50	71.00	76.89	45.83	39.01	66.24	64.54	40.41	47.73	42.60	24.50
40.11	38.43	44.52	53.60	32.91	47.39	43.27	46.24	34.30	80.77	84.26	103.20	105.02	95.21	39.88	89.37	90.41	85.18	45.80	48.44	0.00	37.46	26.33	10.31	34.15	0.70	9.38	36.95	60.78	61.18	62.43	114.02	81.36	100.83	37.22	46.30	10.98	117.60	101.46	125.71	121.86	102.38	134.62	5.24	11.19	28.36	20.27	32.02	6.25	0.34	37.65
9.54	5.03	10.56	13.66	0.79	8.32	8.47	11.79	2.34	62.66	60.66	75.40	65.06	60.70	35.15	75.50	47.15	52.54	30.87	33.70	31.92	0.00	50.53	28.65	0.25	34.71	21.91	0.63	36.81	29.76	24.84	64.31	65.71	69.33	19.03	9.26	25.32	96.13	82.70	104.61	96.70	94.94	93.81	35.59	27.16	34.96	59.79	52.12	39.37	31.44	50.24
52.87	55.26	51.29	66.86	48.68	55.35	54.00	53.41	56.68	81.39	81.54	91.39	94.97	77.57	45.71	60.30	84.13	86.64	35.50	38.09	28.10	45.52	0.00	26.55	53.20	21.97	28.97	46.73	84.64	73.09	64.27	92.52	89.84	79.35	41.47	52.78	24.34	120.22	108.93	107.78	119.30	109.71	127.39	19.68	26.54	49.82	21.43	9.96	18.46	27.98	26.28
34.54	36.22	37.68	39.07	27.22	32.34	34.23	35.44	31.59	76.70	84.94	78.75	76.56	76.02	31.53	72.93	66.37	82.63	35.06	36.16	8.85	28.97	25.14	0.00	24.14	9.62	5.12	29.79	66.98	53.66	53.01	98.60	86.06	77.29	33.26	41.89	0.43	108.66	107.71	108.31	103.81	108.52	115.40	13.85	4.53	28.86	30.28	35.05	12.41	8.75	34.93
9.55	5.62	10.32	13.18	1.02	8.00	8.85	11.10	2.03	66.87	65.13	70.79	70.07	70.26	31.64	63.91	52.18	51.55	28.75	30.80	32.23	0.27	44.05	25.85	0.00	34.60	27.82	0.74	40.81	33.19	20.92	71.30	65.04	62.53	20.41	9.23	25.89	109.67	78.75	94.38	82.83	76.10	90.58	42.49	27.87	35.74	61.15	53.11	36.75	38.94	50.52
41.04	40.23	48.49	47.26	33.81	48.88	38.68	43.70	37.70	90.80	101.71	97.08	94.18	101.76	44.17	79.50	92.39	85.33	49.86	48.75	0.59	31.88	23.21	10.62	36.18	0.00	10.05	34.68	69.50	58.18	57.01	113.41	92.91	95.51	42.63	40.10	8.77	117.01	121.47	141.26	135.94	126.35	135.13	5.21	11.09	24.94	19.59	32.97	5.07	0.26	38.01
24.85	33.77	32.92	36.04	21.27	33.72	29.95	32.29	24.55	74.18	81.75	90.30	79.29	93.98	41.97	75.27	71.73	73.07	40.64	37.88	10.68	22.71	28.28	4.64	24.55	9.51	0.00	22.29	64.03	46.40	44.29	98.37	75.21	78.50	27.15	34.65	5.13	115.75	110.89	105.48	123.99	113.35	109.39	13.10	0.47	26.81	34.48	33.25	16.62	9.57	42.07
8.27	5.66	11.79	13.48	0.23	9.81	10.46	12.51	2.95	67.93	65.77	72.58	65.31	66.61	34.71	65.16	51.24	46.42	31.95	31.51	31.37	0.65	45.40	28.40	0.79	35.98	27.52	0.00	39.46	26.72	27.26	73.33	71.07	70.03	20.11	11.67	30.47	105.99	80.36	96.76	95.35	97.41	97.42	35.30	23.08	33.44	63.00	45.83	37.95	37.01	48.69
34.84	37.47	29.88	28.53	40.18	38.15	51.52	40.07	35.15	90.99	94.39	93.36	87.80	97.16	63.13	112.06	36.39	31.94	66.34	71.41	72.36	44.55	80.15	68.76	42.59	63.95	58.56	46.82	0.00	14.74	30.78	73.17	88.35	83.28	54.78	39.31	59.99	123.49	91.29	117.42	106.00	98.94	82.62	83.29	56.75	47.15	97.59	96.84	75.63	66.83	98.14
24.24	22.44	20.21	16.96	33.27	23.79	37.97	20.40	26.76	64.53	82.81	72.14	73.31	73.31	57.15	85.06	23.91	25.42	55.80	52.60	64.00	33.48	71.21	56.44	31.03	63.88	47.89	31.15	14.49	0.00	12.80	59.52	75.56	71.97	42.94	22.92	49.53	109.08	74.14	90.29	90.63	81.07	70.73	67.76	51.86	48.22	74.59	93.41	67.99	68.03	66.01
21.59	20.58	13.24	11.19	24.02	14.10	24.99	14.82	19.91	56.31	64.86	67.83	69.38	61.43	48.13	68.00	23.81	23.18	43.19	39.13	55.22	21.57	65.12	56.27	21.65	53.47	45.64	27.40	32.43	12.34	0.00	54.06	56.40	58.30	36.13	13.36	56.20	82.51	74.71	74.77	81.32	64.54	70.67	67.85	51.58	57.18	76.94	83.17	71.27	51.57	68.93
74.97	71.14	67.20	69.36	76.46	68.74	56.45	53.75	67.51	26.96	31.73	36.97	27.39	31.52	56.60	52.86	40.26	35.57	66.64	70.69	94.04	74.10	110.54	91.24	70.71	99.14	88.16	67.49	81.96	60.84	52.33	0.00	31.59	31.73	57.30	55.07	92.85	31.25	14.39	29.49	26.63	18.91	23.42	101.13	93.00	114.11	115.37	109.33	106.14	99.76	79.55
66.43	59.35	64.80	71.21	68.93	65.00	55.58	60.64	60.88	0.37	3.60	5.50	3.90	0.09	52.05	31.68	54.76	65.80	43.06	45.75	103.19	72.52	95.39	71.76	65.42	85.29	84.88	72.74	96.45	73.91	61.21	29.36	0.00	0.35	50.68	55.37	85.62	46.55	22.63	33.14	32.45	27.63	47.45	88.44	75.35	97.10	93.31	75.74	95.91	82.27	63.31
83.52	63.85	64.33	69.61	72.89	57.42	56.19	56.12	60.65	0.10	3.62	5.96	2.92	0.27	52.14	28.30	55.32	66.07	49.23	43.10	83.22	75.24	89.48	79.45	64.13	92.01	89.43	68.16	90.94	72.32	63.67	26.09	0.31	0.00	57.65	68.47	74.92	46.13	25.41	40.54	35.22	26.13	39.79	92.91	73.86	115.46	104.49	71.42	86.24	90.75	62.34
31.74	23.71	24.81	29.33	18.42	19.65	10.65	21.42	18.65	58.49	60.44	50.70	62.11	52.47	13.18	46.48	58.66	50.64	12.93	13.61	42.75	17.08	46.67	27.64	17.86	43.92	34.07	19.39	50.54	40.87	29.10	68.70	51.03	49.51	0.00	20.72	33.10	94.62	71.33	93.94	82.55	80.36	83.78	45.93	31.33	52.87	63.63	43.84	38.29	39.28	32.24
15.07	5.35	3.46	5.62	12.16	2.83	10.25	0.39	9.09	55.52	57.21	65.41	64.66	65.06	32.03	71.36	33.04	34.92	36.61	29.09	41.68	9.20	57.00	37.24	11.03	50.52	35.77	9.65	32.41	24.82	14.00	62.95	56.35	60.68	22.86	0.00	37.81	94.09	65.69	83.41	93.17	78.25	78.04	46.52	35.95	39.53	62.42	63.02	53.32	43.21	58.04
26.98	30.00	42.14	43.22	25.97	35.54	29.28	33.35	28.22	84.37	75.87	89.80	78.26	82.68	31.59	67.87	78.65	80.09	34.41	33.59	10.78	25.22	26.87	0.51	25.98	9.11	5.29	26.02	69.58	59.38	50.68	94.23	79.02	73.22	33.09	38.08	0.00	134.61	98.72	119.15	118.30	94.58	114.34	13.31	4.62	31.07	27.91	29.83	11.20	10.63	31.83
97.56	103.76	90.08	92.39	90.96	87.39	90.38	97.96	112.10	37.08	46.93	46.66	34.55	38.71	89.89	66.69	82.78	68.69	95.56	82.48	142.90	92.04	125.89	115.11	97.79	134.84	107.86	116.78	122.54	90.32	93.69	38.42	37.33	37.01	97.66	93.94	114.00	0.00	24.23	4.35	10.31	16.09	22.75	127.42	136.16	155.10	135.03	120.89	131.83	127.73	103.38
82.20	87.22	66.44	72.72	74.28	75.52	73.63	63.87	80.45	22.83	26.26	24.55	21.56	26.89	60.56	59.11	51.67	60.77	69.83	71.28	122.49	86.14	100.69	99.79	83.37	98.20	113.48	85.11	101.68	68.93	75.40	18.07	27.18	26.60	65.18	76.77	104.27	23.01	0.00	17.97	11.63	6.04	20.67	118.02	110.13	103.46	130.83	97.59	110.24	100.82	78.05
92.66	107.21	84.49	103.70	111.51	102.16	85.92	96.71	95.41	33.22	37.16	34.18	36.15	40.42	75.15	72.50	79.57	73.82	94.30	81.08	121.47	98.08	135.79	131.87	101.33	140.50	106.60	96.69	100.55	104.96	89.06	32.84	40.36	33.94	96.82	92.23	123.67	4.67	16.25	0.00	8.51	12.37	23.92	123.93	108.22	121.08	157.59	126.80	128.46	113.13	94.32
95.12	92.15	88.87	95.86	93.68	90.04	82.22	83.02	88.36	29.45	33.75	35.49	29.51	35.32	87.71	60.84	68.15	60.18	88.10	77.01	120.81	99.98	111.36	114.29	88.85	108.71	99.14	81.21	88.92	85.64	73.64	26.99	37.39	35.08	84.84	83.66	107.98	11.72	10.30	8.97	0.00	5.44	15.24	128.63	102.84	135.16	129.40	126.86	125.45	114.56	86.48
87.51	91.31	83.64	77.01	82.38	92.25	70.17	81.61	92.73	29.41	26.12	34.16	25.40	28.29	67.72	60.32	68.04	69.34	79.33	65.36	123.64	79.54	123.75	116.86	77.48	119.92	106.43	98.32	109.06	74.54	80.82	23.27	26.99	27.52	84.79	88.97	115.31	15.45	6.59	11.56	5.03	0.00	17.99	111.91	113.24	128.26	142.16	109.77	117.55	105.10	91.25
98.94	78.17	71.22	82.68	79.51	73.34	84.29	77.29	86.67	48.16	43.82	50.86	43.90	46.74	87.84	76.20	52.59	53.40	91.44	81.45	106.62	100.65	128.77	122.67	86.32	117.37	99.33	85.38	80.83	84.96	68.67	21.75	39.88	44.14	77.52	72.41	105.76	23.35	18.14	25.00	16.71	16.95	0.00	119.40	101.02	126.76	154.03	112.05	112.23	109.92	93.78
46.19	49.28	43.52	51.19	34.08	54.12	45.51	43.64	39.81	93.16	95.97	104.32	109.31	85.15	45.41	85.59	77.32	82.70	49.16	40.64	5.26	38.44	22.22	13.94	37.95	4.33	13.84	36.14	71.86	75.68	56.68	102.09	86.33	83.70	40.64	45.79	13.85	136.46	100.74	143.70	111.03	124.58	134.46	0.00	14.38	26.22	17.95	30.03	0.34	4.60	35.90
24.61	31.37	31.20	39.57	25.55	33.93	32.30	38.25	24.52	74.01	75.57	74.77	88.16	73.86	36.00	82.92	68.72	79.94	35.85	38.08	11.46	26.31	29.12	4.25	24.39	10.02	0.48	24.76	67.41	49.08	54.16	94.89	80.93	74.51	28.55	36.07	4.85	113.10	95.74	104.28	103.35	95.68	125.96	13.37	0.00	27.70	32.02	37.34	15.97	12.01	42.28
32.48	43.33	48.29	47.15	33.10	44.68	39.15	50.38	37.99	99.20	103.45	96.29	100.78	109.43	56.55	98.25	81.96	82.90	57.01	67.65	28.31	36.52	51.47	26.19	34.73	23.42	23.92	32.16	50.83	54.54	47.78	91.94	94.07	111.56	47.47	44.85	28.82	141.03	122.61	135.74	136.76	129.73	125.52	32.28	23.10	0.00	37.05	64.85	33.02	27.13	65.37
55.86	54.62	70.09	73.14	60.99	72.39	53.88	72.48	63.22	107.90	118.14	104.24	104.84	102.87	58.88	78.69	109.03	114.39	50.45	54.93	21.01	49.62	22.10	25.67	50.53	23.72	28.42	59.90	94.48	74.75	86.48	110.72	113.32	114.18	49.12	74.51	32.52	164.49	138.97	134.32	151.05	117.22	123.91	18.26	33.95	37.58	0.00	28.82	17.51	23.92	46.61
60.62	58.20	67.47	66.55	56.88	56.05	53.02	52.97	53.84	86.53	72.22	89.64	88.78	71.88	33.41	64.16	95.88	102.11	34.58	40.21	33.98	51.25	11.20	28.86	50.54	30.41	40.76	50.45	83.34	79.02	72.16	89.61	89.23	82.76	43.46	66.76	31.15	107.99	109.41	123.01	126.57	118.41	128.08	34.71	34.78	54.10	29.99	0.00	28.95	38.97	17.81
40.65	40.22	50.58	49.66	36.21	43.60	42.24	55.70	46.85	103.48	86.93	87.32	108.27	103.54	47.06	73.93	81.86	88.44	48.24	49.56	5.15	38.11	18.51	12.36	37.30	5.17	13.80	39.44	80.34	61.88	55.65	103.79	91.75	90.63	45.89	44.61	12.05	148.31	110.01	130.20	119.29	121.57	117.22	0.38	14.49	27.77	15.63	30.76	0.00	5.77	38.79
39.44	37.06	46.03	51.52	32.86	38.33	39.32	47.44	33.16	85.52	83.71	105.04	94.21	102.85	41.95	82.49	90.42	80.45	50.02	41.64	0.33	39.51	24.63	10.29	37.94	0.33	10.40	30.42	67.68	69.47	61.21	107.00	81.41	102.86	37.93	43.66	8.90	146.05	103.21	143.08	130.84	130.00	106.47	4.69	9.34	24.62	23.67	39.07	5.10	0.00	46.58
50.92	51.45	50.89	52.68	48.50	55.46	41.35	52.23	48.81	72.30	68.61	64.43	61.85	58.47	26.20	42.35	74.34	76.66	21.96	25.08	40.52	42.73	23.48	37.62	41.41	43.31	39.03	52.48	95.23	81.02	64.62	83.69	68.64	71.64	35.02	47.18	35.49	92.21	89.11	90.63	106.64	100.41	92.59	43.85	42.03	64.26	51.32	17.34	43.63	38.39	0.00
~
Delivery quantities;
1 0 4 2 18 1 0 2 6 2 1 6 0 5 0 1 2 0 2 1 2 1 4 2 0 1 2 2 2 2 6 6 4 1 1 6 2 1 2 3 0 4 0 2 2 4 0 0 6 0 
~
Pick-up quantities;
0 20 30 18 18 32 36 32 0 0 0 0 8 8 4 0 0 20 30 12 18 12 18 12 12 0 0 0 0 12 6 12 0 0 0 8 0 6 0 12 12 0 12 0 4 12 12 18 0 18 
~
Vehicle capacity; 
100 100 100 100 100 
~

