Cost matrix;
0.00	13.79	16.70	12.46	11.42	11.20	9.21	9.69	0.43	9.05	18.04	12.98	73.22	84.25	76.54	73.19	80.84	46.30	43.72	40.86	67.58	101.59	50.31	17.88	12.07	28.24	12.97	16.51	30.47	5.18	30.39	6.84	10.81	14.05	37.85	65.12	43.66	42.60	40.77	48.17	85.35	69.81	94.24	119.37	85.11	78.90	120.36	121.80	110.55	37.70	19.86
12.56	0.00	4.51	3.08	1.84	3.32	4.25	6.05	13.11	4.06	4.78	1.45	62.78	69.84	69.27	62.48	63.68	40.96	36.85	42.13	58.00	78.65	46.20	6.18	2.27	16.58	1.35	19.94	16.99	7.49	17.56	6.21	4.03	5.75	28.22	70.13	47.18	49.77	54.05	39.78	75.17	70.92	81.21	110.87	65.60	57.60	104.69	95.90	93.11	26.73	7.20
14.87	3.49	0.00	5.15	5.80	6.84	7.41	8.61	16.26	8.72	0.53	6.07	63.33	62.99	54.45	58.77	52.77	43.38	41.22	44.60	43.87	73.33	39.75	3.99	5.85	15.68	5.14	23.75	15.81	12.08	13.68	10.03	8.38	8.48	26.23	76.98	50.68	62.01	61.51	33.56	81.57	63.21	63.95	107.36	64.39	57.05	94.79	96.22	89.30	20.43	4.17
13.43	3.12	4.90	0.00	4.14	4.47	4.86	4.22	11.43	5.75	5.34	3.35	63.30	64.49	55.86	63.82	61.93	49.85	39.64	42.99	50.16	93.91	50.50	8.23	4.28	18.12	4.22	20.82	21.35	6.58	17.60	6.17	7.44	9.92	28.76	68.91	49.08	54.99	48.95	44.84	96.26	74.91	77.11	110.05	62.74	68.64	99.26	106.43	85.76	23.27	8.64
12.08	1.94	5.15	3.39	0.00	1.62	2.90	4.91	10.23	2.51	5.70	0.60	63.38	74.83	61.54	70.42	66.35	41.29	36.81	37.90	51.19	86.82	36.35	8.32	0.98	18.50	0.41	23.01	18.91	5.05	21.19	5.12	2.84	5.65	35.77	79.65	50.19	45.39	52.19	38.33	76.84	74.72	73.98	91.05	62.13	59.17	106.54	106.85	95.95	24.59	7.20
9.34	2.97	7.38	4.73	1.60	0.00	1.69	5.50	10.85	1.01	7.38	2.08	66.20	61.05	71.51	77.55	63.14	37.53	38.16	46.14	51.42	76.83	42.71	9.72	1.42	22.23	1.71	21.33	23.24	3.90	23.21	3.60	2.99	4.98	36.23	79.35	48.38	43.50	45.64	43.00	91.14	67.33	78.84	114.24	63.21	69.35	107.17	91.32	88.09	24.17	9.34
9.63	4.00	7.99	5.13	2.48	1.84	0.00	3.70	8.05	1.81	7.71	2.76	62.44	67.99	73.55	77.75	67.29	38.46	47.03	45.42	50.64	87.36	48.37	10.65	2.84	23.35	2.86	20.05	20.54	2.92	19.14	2.39	4.33	6.45	34.28	67.45	50.23	43.14	54.01	36.43	79.39	67.97	73.33	107.68	70.87	74.77	114.38	93.48	92.55	25.09	11.48
9.82	5.52	8.31	4.53	5.99	5.62	4.32	0.00	9.80	5.10	8.54	5.25	68.66	64.52	71.97	64.15	70.04	46.48	52.47	52.84	59.56	85.51	53.18	10.97	5.81	18.44	6.20	14.75	24.87	5.34	21.07	4.73	8.65	11.47	29.08	72.96	53.92	42.49	50.67	42.94	96.40	61.95	72.80	101.83	65.49	65.13	115.79	96.55	85.58	31.60	13.17
0.48	11.91	17.94	11.63	10.67	8.95	9.18	9.53	0.00	9.54	17.84	10.74	80.93	73.52	77.76	73.02	68.77	44.70	50.88	47.89	69.38	102.75	43.94	19.30	10.11	30.63	10.23	15.52	31.19	6.12	27.55	6.50	12.71	12.21	44.59	59.43	40.27	41.20	36.07	50.98	105.83	71.10	91.62	99.63	67.06	75.89	102.88	121.52	99.62	33.54	21.48
9.94	4.61	8.41	5.30	2.27	1.07	1.72	6.16	8.59	0.00	9.72	2.88	67.70	73.74	67.29	77.91	68.93	42.51	39.42	37.66	61.12	77.61	40.57	11.16	2.75	23.53	3.02	22.42	23.12	3.08	20.22	2.67	3.38	5.16	32.04	72.69	44.04	49.77	50.89	44.62	88.92	73.38	71.68	110.87	61.04	76.14	110.38	105.89	96.14	23.95	9.36
16.80	4.84	0.46	5.03	7.07	8.31	8.48	8.12	19.45	8.86	0.00	5.96	53.73	58.19	56.98	54.42	57.64	46.20	44.16	46.48	41.77	80.15	38.63	3.03	6.08	13.92	6.52	23.97	13.60	10.86	16.26	10.83	7.06	8.68	26.04	76.93	59.80	49.15	56.71	33.89	80.39	61.85	71.94	91.11	53.25	61.53	85.23	95.35	99.18	22.22	3.49
11.06	1.26	5.67	3.62	0.53	1.99	2.89	4.88	10.34	2.66	5.15	0.00	66.03	70.99	56.14	60.85	67.35	43.11	43.12	44.80	49.02	76.10	43.07	7.22	1.53	17.94	0.46	20.60	18.19	5.56	17.85	5.54	3.45	5.28	30.45	83.38	44.55	47.48	55.19	35.48	78.66	66.17	67.05	89.88	58.75	59.48	92.68	90.08	104.83	23.59	7.40
79.51	64.26	52.29	64.46	61.44	70.62	72.52	63.58	65.15	71.33	52.19	54.77	0.00	9.17	4.94	9.38	4.72	56.02	68.02	70.61	15.75	29.57	56.91	56.73	68.03	46.38	55.13	83.59	43.84	64.62	55.94	70.67	68.99	61.67	43.05	145.27	102.28	108.13	98.67	35.59	22.71	5.54	19.31	37.01	4.69	9.23	45.01	37.29	43.25	46.22	56.80
68.64	68.18	64.08	71.41	61.94	61.50	61.56	71.07	76.59	71.33	68.60	69.29	10.74	0.00	4.82	0.61	5.30	62.11	55.79	73.51	25.29	26.14	62.05	65.59	65.53	64.40	67.27	93.37	48.29	74.52	56.87	80.42	67.80	59.24	50.06	153.44	102.53	105.36	120.41	33.13	18.99	7.31	8.87	31.68	4.60	1.82	33.76	37.64	32.49	50.39	51.32
68.02	54.34	64.86	56.53	69.73	65.66	58.40	59.44	84.06	68.70	62.86	70.81	5.33	4.77	0.00	5.95	0.09	58.71	60.08	77.30	22.71	32.35	51.31	48.92	71.43	53.88	60.19	72.80	44.34	72.45	48.19	72.51	69.45	68.04	45.63	155.38	119.19	108.06	106.57	31.34	24.85	5.30	15.97	40.10	0.38	3.77	35.77	37.36	34.63	51.79	57.52
81.64	62.40	56.99	59.44	72.25	61.34	78.90	65.12	85.26	71.72	60.23	72.31	10.50	0.66	5.59	0.00	5.47	63.07	60.22	65.65	24.07	26.00	66.72	63.75	66.54	57.17	64.32	95.77	44.71	79.34	59.81	67.97	63.57	74.10	52.07	146.36	111.90	107.42	106.95	41.72	16.71	8.77	9.78	36.42	5.01	2.22	37.08	32.92	30.46	52.50	59.74
82.39	60.54	64.08	63.03	70.40	64.61	63.05	69.70	67.56	71.46	58.46	59.45	4.51	5.13	0.08	4.95	0.00	63.33	52.48	73.35	17.90	29.90	61.53	55.72	62.36	51.82	65.53	76.12	46.19	61.08	46.66	74.55	55.93	70.55	52.34	148.30	110.37	100.35	104.30	37.41	24.36	5.54	15.08	39.66	0.26	3.30	35.03	41.29	38.18	42.69	57.93
44.38	39.56	40.08	46.62	41.01	42.26	39.30	43.26	48.12	41.64	40.16	45.11	61.61	53.73	51.08	54.81	63.61	0.00	0.29	13.70	67.08	59.74	0.14	42.47	40.32	59.02	36.36	60.79	41.72	43.54	55.93	43.52	34.31	41.83	67.33	109.40	82.61	79.16	76.78	24.91	85.11	70.48	58.65	85.56	57.93	51.94	85.67	86.69	76.38	20.53	41.43
45.98	38.26	43.65	43.79	40.59	43.96	42.86	41.23	53.95	46.03	37.59	42.31	61.89	58.70	50.83	53.17	59.40	0.25	0.00	13.85	60.72	65.40	0.37	41.73	35.96	55.78	38.51	65.22	45.40	39.01	56.75	45.95	43.30	40.44	61.43	93.55	66.37	71.86	76.99	24.89	67.56	58.61	58.17	92.47	55.76	54.74	76.57	84.36	74.20	21.26	43.22
45.95	46.58	40.82	51.09	39.46	44.69	45.86	48.94	43.80	43.70	39.55	45.04	66.67	80.57	62.89	75.78	70.19	15.34	13.99	0.00	66.22	68.92	16.58	45.32	41.13	54.20	44.84	60.44	47.10	48.41	56.93	38.28	33.97	41.32	75.44	90.35	64.50	68.34	57.66	32.17	81.12	81.91	65.87	98.74	70.81	77.01	107.07	111.01	80.88	30.42	43.50
73.73	58.59	49.92	56.95	52.36	54.49	62.11	50.16	67.89	61.01	46.26	51.79	17.77	22.46	19.64	23.87	21.28	66.41	54.96	65.53	0.00	44.60	55.14	47.41	57.72	41.01	56.04	69.70	30.61	54.25	42.63	60.65	56.84	49.92	30.92	137.42	109.28	110.19	104.53	43.86	41.89	22.48	32.41	45.17	18.39	23.11	64.19	49.79	49.95	47.27	44.75
102.85	88.68	68.67	75.48	80.69	80.15	81.67	85.99	86.94	74.20	68.88	88.25	30.15	24.41	31.87	22.87	25.45	55.21	54.70	80.45	53.98	0.00	62.13	83.68	78.28	79.80	89.87	102.41	65.22	87.34	71.26	76.61	75.14	75.99	83.62	146.54	126.93	113.45	114.98	40.92	23.65	32.23	13.11	40.98	25.47	27.49	23.77	26.44	9.81	64.89	79.62
50.43	41.11	38.50	41.92	36.33	45.82	40.39	49.57	50.95	38.20	43.25	44.73	59.69	63.38	65.37	52.56	62.39	0.12	0.40	14.20	55.79	60.44	0.00	37.49	36.73	45.74	37.11	63.29	40.91	39.68	50.98	39.97	35.55	39.42	65.24	109.12	84.83	71.91	71.62	20.60	74.32	58.46	66.54	97.88	59.89	64.01	86.65	91.34	70.30	19.35	40.15
17.55	5.94	3.70	8.24	7.69	9.44	10.54	12.66	20.51	10.19	3.69	6.52	51.84	53.99	55.31	59.96	56.90	41.79	40.91	42.77	44.77	66.98	41.68	0.00	7.10	16.28	6.82	32.27	11.71	13.96	16.86	11.92	7.67	8.31	29.54	91.43	64.52	54.01	62.17	29.13	84.61	61.40	69.98	81.62	58.87	62.56	91.04	102.88	76.92	19.05	0.29
12.56	2.43	5.47	4.61	0.97	1.59	3.09	5.87	10.57	2.41	6.85	1.39	67.45	62.07	59.82	62.29	69.74	42.27	40.23	43.69	53.47	76.58	42.01	8.24	0.00	19.77	0.86	25.45	18.12	6.45	20.34	4.59	2.31	4.51	34.21	85.92	54.13	51.10	50.78	34.63	82.41	73.21	82.31	97.25	56.80	60.02	89.77	96.48	89.77	24.47	7.28
29.68	17.39	13.42	16.40	19.91	21.26	23.01	17.95	25.09	19.77	12.75	16.66	50.19	55.13	50.09	55.63	55.78	49.05	58.32	63.76	41.20	85.68	55.63	17.83	21.50	0.00	20.04	32.17	12.93	20.90	0.65	23.55	20.55	21.34	12.27	86.27	68.23	58.11	66.72	45.90	81.44	60.56	72.00	91.04	60.26	55.09	87.35	80.54	79.52	33.38	16.37
12.31	1.62	5.73	4.07	0.40	1.70	3.08	5.63	10.31	3.04	5.57	0.49	56.39	60.25	60.16	59.38	59.35	43.88	42.14	37.56	47.88	80.92	39.82	8.08	0.80	17.89	0.00	22.09	21.61	5.36	18.08	5.95	2.93	5.22	32.00	77.02	50.50	44.62	51.70	35.07	89.39	69.92	73.38	101.25	61.84	65.87	108.70	112.47	85.58	24.63	7.87
15.50	20.97	26.96	19.83	22.62	21.49	19.94	17.44	14.49	21.31	28.84	22.43	77.72	94.66	90.43	93.25	91.68	58.13	62.11	63.59	76.54	97.73	66.81	31.76	24.43	27.75	20.14	0.00	42.42	18.92	32.02	18.86	25.90	25.44	38.18	50.88	41.22	33.36	37.09	56.78	93.19	88.77	91.37	121.22	86.35	81.27	126.36	124.81	124.40	43.73	26.83
32.70	20.63	14.43	17.72	22.64	21.43	20.35	24.27	31.66	22.07	15.52	20.12	44.51	48.05	42.06	51.15	41.26	40.28	36.96	44.59	31.60	60.54	41.69	12.72	21.59	12.27	18.10	38.02	0.00	25.45	14.61	25.01	18.86	22.11	20.63	107.08	69.56	74.56	73.93	29.34	70.28	50.38	49.84	77.41	39.71	41.57	89.05	75.20	67.84	18.77	13.85
5.42	6.40	11.38	6.74	5.65	4.14	2.75	5.26	6.46	3.66	12.64	5.18	73.98	74.46	75.45	82.09	76.04	44.65	41.18	42.40	63.92	91.47	45.88	11.59	6.42	24.81	6.10	18.01	25.82	0.00	26.44	0.63	6.99	7.45	33.93	71.08	46.40	44.21	45.34	48.05	80.10	72.62	81.28	98.05	66.05	69.24	116.50	95.88	96.11	26.44	13.43
25.46	17.77	16.45	16.10	20.14	19.67	23.54	18.56	26.58	19.79	15.50	17.79	44.05	62.37	59.40	59.09	51.97	48.49	48.15	60.70	39.68	85.18	58.12	15.54	18.35	0.70	21.74	29.98	12.57	21.82	0.00	24.15	25.01	27.26	12.14	96.98	60.12	70.56	60.88	45.24	72.78	55.02	57.11	77.23	59.58	49.60	87.88	78.79	76.77	31.22	16.52
6.14	6.90	11.77	5.91	5.04	3.21	2.62	4.60	6.15	2.94	10.62	4.50	65.05	71.74	75.18	63.62	73.12	48.73	38.68	39.75	63.49	87.33	41.65	11.17	5.51	23.36	4.65	16.51	28.49	0.72	23.24	0.00	6.52	8.06	35.50	76.97	40.46	42.27	47.45	39.16	94.64	81.42	71.15	108.56	74.10	67.63	96.96	118.15	109.52	32.32	11.75
11.65	3.91	7.76	7.00	3.68	2.84	4.70	7.54	12.78	3.40	7.63	4.02	70.32	64.08	57.79	62.09	60.14	41.11	42.31	34.83	53.60	86.36	42.07	8.86	2.55	19.63	3.30	26.65	19.72	6.88	20.51	5.69	0.00	2.37	36.65	71.23	52.47	53.64	51.83	34.07	83.18	63.38	67.93	106.34	63.09	63.34	92.67	107.27	96.26	22.37	9.24
10.87	5.82	9.46	8.91	5.47	5.06	5.98	9.27	13.44	4.66	9.20	6.62	62.47	67.17	64.65	73.68	58.87	35.87	33.25	40.77	60.02	74.48	33.63	8.55	4.52	20.72	5.48	28.68	19.85	7.32	22.85	8.25	2.18	0.00	39.34	84.36	52.11	50.85	50.00	39.77	94.31	74.19	79.27	101.65	60.38	72.80	107.98	107.22	95.56	21.33	8.58
38.57	29.22	27.95	31.88	31.84	33.07	31.84	35.17	37.35	36.62	23.94	33.64	42.82	46.65	53.84	48.94	43.97	56.57	63.82	63.74	33.09	79.89	54.75	28.45	29.88	12.01	29.18	45.47	22.04	31.46	12.84	39.18	31.09	36.94	0.00	89.82	71.15	68.22	81.77	45.36	62.92	46.39	57.34	81.32	48.83	46.44	76.71	78.81	75.55	37.69	26.61
64.28	82.80	74.52	76.03	74.76	83.46	79.31	80.29	70.57	75.93	84.03	85.74	155.49	145.35	155.54	137.03	131.51	115.23	97.40	99.97	133.66	163.76	98.10	73.27	71.08	95.22	79.76	62.65	89.87	72.61	79.39	79.51	68.97	80.78	110.08	0.00	30.84	31.35	33.47	113.41	169.21	141.96	164.64	168.99	143.82	131.90	182.52	188.75	152.36	97.08	85.15
36.35	45.91	52.51	48.81	53.78	44.98	49.94	50.21	43.78	48.29	57.94	52.40	117.37	127.70	114.86	116.70	113.13	69.41	77.19	60.53	100.67	121.65	80.61	62.23	57.03	60.39	53.92	35.85	64.31	39.64	60.35	50.50	52.03	52.94	70.33	30.61	0.00	0.25	0.03	94.19	141.39	128.62	110.96	155.43	118.43	127.29	141.43	135.03	135.81	63.79	51.75
40.99	48.26	50.41	48.74	51.57	43.90	45.37	46.79	43.32	52.90	55.98	46.85	113.25	123.85	100.83	122.50	113.96	69.64	80.53	68.40	104.80	122.08	66.03	51.06	49.13	73.52	47.45	41.44	67.27	42.22	73.63	43.16	51.11	49.87	78.23	26.97	0.26	0.00	0.24	84.95	134.82	124.91	131.40	167.67	126.40	122.78	140.45	138.99	146.60	78.67	60.10
36.17	55.87	57.90	48.67	55.31	46.90	45.66	48.93	42.50	43.45	53.37	52.52	114.44	106.02	103.45	116.47	99.94	70.53	68.51	68.79	103.09	145.34	74.91	57.27	51.21	68.49	52.42	39.87	65.33	39.49	61.78	41.83	48.90	52.75	73.35	33.17	0.03	0.26	0.00	95.18	132.79	117.60	132.93	143.39	115.83	123.97	156.15	145.17	141.02	60.89	59.48
43.74	39.05	38.76	38.66	34.96	42.29	38.28	43.98	49.82	42.94	33.61	35.18	42.46	36.33	33.17	33.43	36.86	21.75	21.93	38.97	41.56	51.70	23.94	28.87	37.30	39.30	35.37	68.70	28.92	44.90	41.75	46.06	34.52	36.83	41.01	119.21	80.28	89.67	74.04	0.00	61.85	45.03	45.11	64.57	40.05	36.91	62.02	68.07	54.90	13.69	29.12
105.28	85.83	76.95	77.81	82.88	84.27	95.94	98.78	89.59	80.54	79.86	80.09	27.21	21.35	22.80	17.67	20.61	83.53	79.12	82.91	36.23	20.29	73.43	85.46	75.15	70.25	85.47	117.32	64.06	82.53	77.49	85.25	77.14	82.26	63.87	143.91	133.23	144.08	140.23	56.84	0.00	18.55	15.65	17.25	20.84	18.66	17.62	14.55	23.03	71.29	84.57
88.57	73.20	62.49	62.36	61.88	64.82	79.59	75.65	75.72	71.70	61.77	59.59	4.74	8.68	6.69	7.95	5.46	63.51	62.50	73.57	19.39	27.97	70.17	65.69	62.04	53.56	74.17	79.15	41.71	78.77	51.96	75.32	63.52	67.73	52.66	148.35	118.59	128.92	130.16	42.56	21.63	0.00	17.83	30.06	5.88	7.53	36.23	34.12	32.41	48.28	66.93
84.78	79.01	70.52	76.98	64.44	78.14	71.55	69.40	75.69	78.12	75.43	81.32	19.43	9.53	14.10	10.38	12.72	66.35	66.50	74.33	36.21	16.09	59.97	69.68	66.88	65.27	73.35	96.58	47.96	72.90	68.27	77.88	72.11	77.83	62.79	157.22	122.18	121.30	107.18	39.69	14.27	15.83	0.00	33.46	13.02	11.57	28.83	28.73	19.72	54.80	60.45
111.30	97.75	83.29	93.94	95.74	94.38	115.60	99.55	125.31	106.40	92.18	93.18	34.27	38.25	38.34	33.17	42.12	97.79	99.88	110.97	53.45	39.88	91.06	98.91	97.19	86.72	88.11	107.60	80.86	118.58	87.67	117.07	100.21	90.90	70.51	155.89	156.55	136.84	152.47	63.08	16.75	29.16	30.08	0.00	36.37	37.37	21.56	12.12	36.72	82.94	97.77
72.34	62.23	51.53	69.06	64.03	72.90	71.13	64.36	70.24	67.80	61.68	58.71	4.67	4.83	0.34	5.30	0.28	61.76	55.63	66.27	21.09	28.12	53.44	60.60	59.10	50.92	71.25	74.05	46.01	70.87	49.23	70.82	70.90	62.87	52.71	150.80	104.54	102.94	119.24	40.24	20.44	5.90	12.88	32.35	0.00	3.12	39.57	38.18	37.45	41.49	50.60
72.65	69.54	61.37	71.11	62.02	72.11	74.21	62.43	77.98	62.62	65.28	70.92	7.66	1.56	3.29	2.26	3.78	62.04	55.88	65.24	22.33	25.19	59.21	52.65	63.21	52.85	62.23	74.34	51.10	74.59	51.26	73.04	67.95	69.18	54.14	138.77	122.65	129.39	130.43	38.79	18.47	8.13	10.15	39.59	3.52	0.00	36.96	32.15	31.66	51.62	60.36
98.54	103.02	105.21	87.45	102.03	96.45	111.74	109.60	98.98	103.68	88.69	87.24	40.53	34.58	37.85	29.92	41.42	81.86	72.46	98.28	56.53	20.26	89.37	100.54	104.80	85.59	104.60	112.80	83.09	111.32	91.43	100.89	99.80	102.85	76.82	197.58	134.21	133.32	158.52	68.56	15.43	41.30	28.62	23.97	37.30	34.83	0.00	10.80	14.32	85.90	83.82
101.85	100.70	88.39	90.64	88.95	89.95	107.59	101.46	105.76	106.62	96.37	99.09	39.25	35.90	42.19	37.13	41.07	89.45	90.07	92.85	54.90	29.72	89.84	84.14	101.06	93.87	95.82	118.97	74.94	106.63	96.93	104.44	87.61	96.84	89.67	169.93	154.44	131.29	169.97	74.05	15.61	32.65	26.23	10.80	36.19	37.02	10.71	0.00	25.02	74.23	104.96
101.84	92.14	85.19	90.54	95.87	102.08	100.47	97.55	116.93	93.61	80.22	90.36	45.11	34.56	32.47	28.85	40.84	66.39	64.69	92.01	51.91	12.32	79.74	87.21	83.84	95.10	91.45	120.63	85.34	108.09	90.88	92.62	91.43	84.04	89.39	170.04	155.64	150.25	125.46	57.12	22.51	36.29	20.93	31.75	36.08	37.54	13.67	25.47	0.00	80.50	75.97
36.46	22.39	20.65	24.60	24.34	26.77	23.93	30.01	34.14	23.37	24.49	26.40	50.31	51.15	44.88	50.52	44.46	22.02	20.75	27.57	42.30	61.40	24.40	18.63	23.76	27.91	26.36	52.09	16.91	27.03	31.44	25.35	22.33	20.89	38.38	89.88	70.88	69.99	68.96	14.41	60.64	57.24	57.22	81.55	52.48	44.02	70.85	83.60	75.01	0.00	17.58
20.00	6.44	3.46	9.08	7.89	8.51	9.99	10.66	17.07	11.10	3.90	8.24	60.33	63.06	54.98	66.16	54.80	41.52	43.51	45.45	47.78	82.27	35.98	0.31	7.84	16.60	7.14	27.18	13.75	14.36	15.24	11.72	8.25	10.53	26.42	79.23	63.10	63.48	54.57	34.91	78.65	58.19	58.34	92.83	63.22	56.23	87.84	94.10	87.91	20.77	0.00
~
Delivery quantities;
3 2 0 8 14 12 7 16 6 0 9 10 10 0 10 3 1 5 2 6 2 10 1 0 6 0 0 1 0 2 1 3 2 4 1 1 2 2 1 2 2 3 1 4 1 6 0 4 3 4 
~
Pick-up quantities;
24 0 36 0 0 0 0 24 0 54 42 0 12 16 0 4 0 24 30 12 0 12 0 8 0 8 12 0 4 4 0 12 12 0 0 0 12 0 0 12 8 4 12 12 0 12 6 12 18 0 
~
Vehicle capacity; 
100 100 100 100 100 
~

