Cost matrix;
0.00	8.42	12.75	9.65	14.51	8.09	11.76	17.52	13.97	77.00	112.22	75.55	67.96	69.04	74.39	87.65	88.39	82.10	64.57	87.53	37.33	39.02	39.35	95.61	11.60	18.20	22.71	46.95	16.19	12.39	16.53	49.33	42.55	42.48	73.76	19.37	18.61	77.27	84.15	84.22	69.99	57.48	87.23	22.83	17.05	0.41	14.34	16.68	69.15	37.58	100.33
9.78	0.00	5.16	0.80	11.10	3.68	5.58	9.72	4.37	60.48	87.26	68.66	63.18	70.32	67.57	75.29	67.85	70.38	68.90	100.40	31.04	36.19	35.07	89.04	5.69	14.03	32.77	56.53	26.25	23.16	23.69	69.84	55.99	54.28	72.01	26.65	26.60	60.52	64.38	79.86	54.22	43.56	78.51	15.60	14.54	8.75	17.67	10.17	60.13	34.94	91.56
14.05	6.42	0.00	6.54	5.60	3.84	0.61	5.98	3.09	68.98	88.20	61.83	54.49	67.50	66.80	65.42	74.20	66.66	58.41	94.28	28.80	32.68	27.29	95.03	2.21	7.35	28.42	61.37	29.39	23.35	31.10	69.85	61.31	51.41	57.92	25.72	27.14	55.77	58.72	73.63	55.82	41.96	70.66	11.00	9.60	13.81	24.83	5.46	64.66	50.00	83.84
7.91	0.74	7.23	0.00	10.78	4.44	6.81	11.08	4.71	68.29	97.36	71.00	63.15	69.44	76.46	75.04	67.60	79.39	67.18	92.18	32.23	30.65	32.63	95.83	7.38	13.91	28.07	54.13	25.08	19.46	24.65	70.64	44.91	51.95	72.99	20.77	24.52	64.62	72.08	66.33	60.47	47.33	64.15	14.47	15.15	8.34	17.00	10.53	66.80	37.36	86.91
14.82	9.76	4.84	11.06	0.00	6.70	5.88	10.83	8.26	63.22	99.28	73.69	64.26	61.79	57.72	60.98	71.52	64.86	57.14	76.25	31.86	36.31	29.98	84.76	4.03	2.35	23.94	59.60	28.48	28.25	29.64	62.34	57.09	52.60	60.59	35.84	34.43	54.52	61.02	67.47	55.99	37.60	63.92	15.94	3.46	13.78	27.44	10.71	60.76	54.65	79.75
9.12	4.07	4.25	4.31	7.92	0.00	3.68	11.25	4.76	57.55	106.28	66.71	58.07	58.67	67.32	78.18	72.89	65.09	68.92	83.04	30.26	35.35	31.91	101.32	3.02	9.53	27.36	52.26	26.62	23.90	23.93	68.16	51.55	48.39	63.14	28.01	27.60	60.15	65.21	66.63	55.51	44.02	61.83	17.39	9.91	7.66	17.20	9.75	58.96	48.36	78.77
13.41	6.25	0.62	5.73	5.20	3.69	0.00	7.05	3.15	65.42	81.93	70.58	55.49	70.70	62.93	63.47	69.62	71.43	65.70	88.79	32.31	32.91	34.44	100.25	1.75	7.20	28.60	49.31	32.09	23.30	32.26	71.39	61.45	56.52	68.62	26.15	27.97	57.62	66.55	64.23	48.13	43.72	65.63	13.00	8.19	12.37	20.10	6.38	67.71	46.95	85.11
19.54	10.22	6.93	9.65	9.74	10.00	7.65	0.00	5.28	64.41	83.26	55.27	57.01	65.10	56.14	66.15	67.61	59.62	54.96	75.35	22.39	26.10	24.15	77.21	9.33	14.01	30.39	56.40	37.72	27.65	34.52	80.91	55.41	58.34	59.08	35.79	35.95	51.20	64.17	59.31	52.53	40.15	57.06	6.03	12.30	18.79	27.11	0.88	57.21	46.17	84.36
14.21	3.92	3.00	4.76	8.26	4.84	2.88	6.03	0.00	57.46	91.46	74.46	62.13	64.18	63.78	61.78	63.49	65.30	59.69	79.21	29.96	26.81	30.92	81.79	4.37	10.80	29.93	61.03	29.39	23.35	31.93	61.09	54.75	51.37	71.48	26.89	30.99	53.54	63.35	67.48	49.42	39.25	71.10	12.26	10.88	11.05	20.24	5.01	55.41	42.49	87.41
77.56	72.51	57.03	73.15	53.32	60.03	62.72	58.62	68.75	0.00	40.70	5.44	0.69	0.47	1.12	11.52	12.86	35.58	32.96	21.04	41.77	46.86	47.54	38.11	71.14	66.59	81.82	119.88	98.68	95.74	83.38	121.40	103.56	124.65	0.31	91.61	83.04	10.54	1.00	13.31	22.45	25.82	5.34	59.53	54.41	68.26	85.46	61.38	94.82	91.62	31.88
92.99	91.20	101.20	103.80	94.80	100.99	87.45	91.47	105.63	38.69	0.00	37.89	37.40	39.43	40.10	43.87	45.99	68.63	59.72	21.32	86.99	85.67	74.61	0.94	95.80	87.45	90.27	151.19	105.61	114.47	113.20	144.04	137.06	155.15	33.75	124.76	130.05	38.61	35.12	47.57	58.49	58.97	34.92	94.78	75.62	109.16	107.13	97.92	141.95	117.81	11.42
74.69	66.41	69.04	78.16	62.40	77.43	62.39	61.43	66.71	5.90	36.31	0.00	4.80	5.40	5.50	7.56	6.95	27.49	28.30	22.19	48.16	52.16	51.23	39.53	59.45	63.72	69.84	112.51	94.31	83.14	91.34	148.90	110.48	137.86	6.34	85.96	85.59	16.92	5.44	7.12	17.88	25.24	7.58	56.71	66.46	82.19	84.34	62.62	88.10	93.44	30.19
68.17	62.44	65.87	60.88	65.66	73.83	61.97	62.68	62.97	0.58	37.29	5.93	0.00	0.25	0.53	13.02	13.39	28.29	27.02	23.55	49.64	44.52	48.81	37.70	71.97	58.59	66.08	125.27	88.62	93.08	92.24	131.80	113.28	102.55	0.65	92.06	81.96	10.73	0.40	12.03	22.41	26.94	5.43	56.87	64.63	79.78	79.06	51.80	96.51	86.18	27.46
77.49	63.59	68.00	75.55	57.79	69.29	61.68	64.76	70.47	0.43	31.75	5.30	0.23	0.00	0.82	13.45	11.50	30.16	29.47	24.24	46.99	48.07	48.03	33.08	56.00	60.59	64.40	111.81	82.55	97.19	99.40	132.84	129.86	119.80	0.48	102.03	86.24	8.64	0.70	13.82	21.19	26.89	5.04	57.34	58.06	79.44	81.31	51.14	110.92	89.35	28.02
83.93	75.36	68.77	60.33	55.43	60.06	61.56	57.52	71.69	1.07	32.55	5.10	0.49	0.66	0.00	10.73	12.73	31.26	30.59	23.48	47.68	53.22	46.91	39.78	70.91	57.76	68.44	125.17	100.44	77.99	86.74	138.69	126.27	104.43	0.96	87.65	80.23	9.58	0.30	13.41	22.57	24.38	4.84	61.47	66.55	81.23	74.91	64.15	109.02	89.35	26.59
82.00	74.70	69.72	76.43	74.06	67.41	68.92	67.41	63.10	12.62	46.91	6.90	12.33	13.74	12.45	0.00	0.65	23.33	21.70	21.12	43.79	53.27	42.77	38.43	72.85	69.22	81.61	136.12	107.16	102.79	94.80	137.58	109.68	109.93	12.08	87.30	103.98	20.46	12.42	0.36	17.93	31.78	14.40	65.67	67.14	81.29	79.26	68.37	97.45	90.53	33.26
86.32	79.46	72.58	78.81	74.78	74.31	74.78	69.97	68.33	13.28	44.45	7.58	12.76	11.89	10.26	0.81	0.00	22.53	22.35	21.85	42.18	47.78	41.74	43.11	69.62	66.53	88.92	130.46	83.33	100.64	107.64	148.64	132.19	136.95	12.10	101.88	105.29	21.87	12.36	1.06	16.62	30.76	15.13	56.40	63.79	81.00	85.82	61.08	98.70	98.93	33.78
79.85	77.43	64.15	69.40	65.27	70.00	64.29	59.16	63.20	29.37	71.53	26.07	30.23	31.00	35.28	19.88	22.61	0.00	5.24	39.94	41.15	42.93	42.02	70.00	66.99	64.79	85.90	110.73	104.70	91.40	86.84	124.32	125.87	111.10	33.41	81.82	97.56	44.98	34.95	22.58	17.34	35.70	36.22	50.41	73.54	69.98	80.99	55.28	69.32	87.66	57.73
76.50	57.18	61.04	61.89	60.39	69.21	58.72	56.52	63.44	31.76	62.17	28.23	28.43	27.21	26.44	19.11	21.40	5.90	0.00	42.03	36.80	29.78	32.47	60.51	57.44	71.98	81.39	110.24	100.60	96.94	102.18	127.39	127.95	115.30	32.38	83.25	90.10	32.71	26.41	22.10	12.53	34.47	33.59	55.21	58.30	74.73	67.47	61.76	80.76	77.40	53.32
103.20	93.18	87.29	93.84	79.98	90.54	76.57	79.21	76.35	25.60	24.13	19.18	19.84	20.55	22.71	24.29	24.10	47.76	40.32	0.00	75.80	74.86	66.12	21.34	87.59	85.77	81.75	137.55	104.80	110.67	100.05	143.05	148.85	121.66	24.66	103.69	121.57	25.80	23.52	24.42	43.73	47.38	17.46	68.49	91.18	89.00	107.46	85.20	104.06	113.21	23.35
44.12	35.18	31.14	28.28	35.47	29.43	27.58	25.98	32.41	50.28	74.76	52.61	42.40	50.01	52.14	43.92	45.44	43.23	29.94	71.09	0.00	0.58	0.13	89.20	32.72	35.73	63.26	92.40	63.32	50.22	66.05	102.32	89.75	90.86	49.97	50.22	56.22	49.00	50.98	53.04	29.14	30.70	54.36	17.84	31.66	38.13	45.26	25.43	52.92	45.94	79.61
46.80	33.56	28.33	33.43	32.98	34.75	34.79	27.28	27.29	48.86	82.15	49.15	46.01	48.38	49.21	42.08	51.08	39.23	37.34	74.02	0.63	0.00	0.43	82.49	32.67	38.99	63.15	88.87	64.41	46.84	65.86	85.15	89.27	87.18	45.98	47.67	44.61	50.00	47.39	47.24	28.33	30.79	45.44	19.68	36.38	42.10	46.81	24.24	47.21	49.52	70.17
41.43	33.84	28.40	30.20	33.22	38.24	28.14	24.21	30.24	43.92	86.01	48.95	45.55	48.55	51.02	53.03	43.46	34.49	31.82	77.54	0.12	0.41	0.00	73.05	35.76	34.87	53.88	92.30	59.20	57.30	66.11	85.06	74.37	86.45	44.87	52.03	53.21	43.41	46.35	52.55	25.89	33.22	53.01	16.61	35.73	37.84	43.02	23.74	53.98	52.86	78.33
113.23	86.87	81.40	89.05	81.69	94.44	92.30	86.79	84.86	39.68	1.02	36.65	39.56	33.78	34.82	47.75	40.10	69.78	63.97	23.43	73.05	87.76	91.36	0.00	90.41	86.75	93.27	149.47	115.71	115.74	110.17	151.35	133.05	147.01	35.38	116.56	115.76	34.48	33.17	42.35	49.71	56.72	32.40	84.35	78.47	108.54	100.67	79.01	133.52	114.75	9.80
12.77	6.21	2.24	6.86	4.65	2.96	1.94	9.05	4.47	60.63	83.77	60.43	64.54	61.44	63.04	61.19	63.42	70.68	70.42	80.18	34.89	29.18	32.35	89.17	0.00	6.14	23.38	45.78	26.61	22.83	24.48	72.35	55.14	50.77	58.77	31.33	27.15	67.47	71.02	66.42	58.76	42.25	67.57	14.44	8.04	12.04	22.58	8.42	66.55	50.79	74.42
14.98	13.45	7.52	14.12	2.45	8.66	7.62	14.40	10.29	63.70	98.38	60.74	58.19	54.29	68.92	65.45	67.54	68.06	55.85	78.94	38.08	31.79	36.46	96.56	7.51	0.00	21.18	50.74	27.85	27.74	26.21	75.00	54.00	62.68	54.46	31.21	38.64	52.97	58.19	70.15	49.57	40.58	60.86	20.49	1.29	16.33	31.57	12.21	68.23	58.67	87.64
24.99	26.39	28.35	28.42	24.31	27.13	27.73	33.38	30.40	73.43	98.31	71.66	82.90	78.58	84.08	74.56	78.68	80.76	73.10	101.39	56.92	50.24	57.10	97.39	27.77	21.06	0.00	39.58	22.97	30.21	23.82	62.42	57.57	53.67	83.10	39.81	39.57	70.53	68.89	85.54	77.32	56.26	80.40	37.61	20.49	23.98	38.58	28.77	87.07	74.13	78.00
39.08	55.84	61.47	57.14	49.65	44.84	58.85	66.76	60.79	123.01	126.57	110.04	116.93	113.46	124.60	112.02	134.89	106.55	118.38	124.67	74.00	77.03	74.83	133.95	53.51	57.77	42.76	0.00	28.53	30.01	25.24	32.73	19.09	20.54	118.52	36.87	43.43	114.52	113.32	113.65	104.75	95.66	124.81	58.34	47.94	48.31	47.65	63.44	88.86	66.44	117.43
18.90	28.24	27.21	27.27	26.87	23.63	28.32	30.95	28.54	83.63	126.51	87.16	89.83	86.62	91.40	88.06	99.16	92.12	91.74	125.44	65.91	56.33	58.90	113.40	26.27	28.36	26.91	22.75	0.00	10.12	0.25	41.04	31.45	25.73	95.02	19.69	23.75	91.78	91.41	103.31	88.89	59.29	92.48	42.83	32.44	16.22	25.04	35.00	76.68	47.61	92.11
11.88	23.51	22.20	18.80	23.44	21.85	24.54	33.88	27.61	89.94	109.54	89.83	77.68	80.47	91.68	89.77	102.70	95.68	82.56	113.43	54.60	54.97	57.50	118.74	27.09	26.84	28.11	28.44	9.74	0.00	10.13	39.19	29.12	31.31	94.44	11.82	12.35	94.07	93.71	96.75	80.65	56.69	81.87	38.35	31.73	13.60	15.72	29.42	73.59	45.07	96.59
18.39	30.12	30.33	22.99	27.78	23.33	26.42	36.32	31.74	79.64	116.84	86.91	85.41	86.20	89.56	107.64	84.28	88.74	102.49	107.20	65.68	60.48	61.99	125.51	24.10	31.92	23.71	22.76	0.23	11.28	0.00	47.32	31.44	29.28	84.82	20.61	22.06	88.20	99.05	86.31	75.38	69.83	100.12	35.80	31.06	18.31	25.27	33.08	85.88	51.10	114.05
57.18	55.59	64.70	54.68	74.46	57.69	64.15	68.74	70.43	131.76	156.40	128.95	113.50	142.94	139.24	126.20	150.60	128.82	116.26	168.96	90.99	97.42	89.34	145.34	61.55	77.08	73.66	32.85	44.51	40.02	47.77	0.00	13.41	11.90	120.36	46.33	40.45	114.39	119.81	142.15	125.69	96.58	136.13	72.05	72.55	55.20	50.02	67.39	76.90	56.39	132.82
46.69	54.25	63.15	53.36	52.00	50.59	54.36	57.16	52.19	108.58	140.28	120.67	127.23	108.66	106.52	118.10	131.84	117.82	104.50	156.07	83.77	84.18	80.67	148.78	53.97	59.52	55.07	20.22	29.49	29.00	30.40	13.43	0.00	0.30	117.62	35.54	36.34	121.11	122.91	124.10	103.78	89.64	133.66	66.66	55.80	47.19	46.57	65.06	74.88	56.63	143.04
47.10	54.99	56.96	47.02	49.78	54.33	56.06	67.05	49.53	112.49	137.63	110.68	123.07	122.82	108.80	111.01	122.94	108.86	108.24	126.15	86.13	89.61	77.43	146.83	48.91	53.89	51.75	17.23	26.67	29.14	27.14	12.26	0.27	0.00	125.94	36.01	29.03	118.56	123.54	119.61	109.60	90.44	117.39	66.05	55.73	42.27	44.62	57.01	74.87	62.35	120.69
72.24	67.19	62.66	59.34	66.55	65.92	63.74	51.66	68.48	0.32	34.97	6.55	0.62	0.43	1.09	11.38	13.64	33.72	29.99	23.47	51.83	46.64	42.07	32.99	69.67	61.75	66.05	116.05	99.74	93.34	95.99	117.12	130.95	116.27	0.00	98.92	93.98	8.52	0.77	11.61	19.28	20.97	5.01	62.68	60.47	67.41	80.68	56.33	96.97	89.09	24.85
20.33	21.19	31.60	25.26	32.08	29.01	31.28	34.97	27.39	79.60	135.20	105.15	90.35	84.57	80.43	89.79	106.23	84.84	73.91	117.58	54.22	45.46	52.62	122.11	26.30	30.48	36.51	37.79	20.93	11.02	24.71	44.82	29.70	28.27	98.30	0.00	0.48	97.37	90.50	101.76	85.62	60.52	93.94	32.79	33.73	20.29	8.63	32.50	60.12	29.07	99.14
17.44	24.66	31.38	20.22	30.89	22.87	28.17	32.25	28.82	83.86	113.15	97.25	94.03	84.45	99.96	93.11	101.72	93.85	74.16	104.08	52.72	53.00	45.51	124.28	32.19	33.67	38.40	36.33	23.65	13.58	21.18	42.52	31.59	35.39	98.97	0.44	0.00	92.64	87.20	96.93	76.17	66.61	101.74	39.45	31.47	18.53	7.93	30.99	50.63	29.06	98.22
63.55	59.76	55.81	62.24	64.02	59.91	55.58	52.88	62.76	10.15	31.08	14.81	8.92	9.69	10.74	19.59	23.25	40.76	40.93	24.94	48.47	53.61	54.84	29.57	63.12	50.92	62.18	102.41	79.33	84.13	94.01	131.38	118.87	102.16	8.40	81.89	97.72	0.00	10.16	20.12	24.80	18.73	8.71	50.15	53.95	76.48	73.94	52.73	99.47	87.92	24.30
66.93	72.97	68.17	66.87	61.24	61.60	61.44	58.64	68.13	0.88	33.02	5.14	0.42	0.57	0.32	11.25	11.56	29.80	29.04	20.98	52.21	43.78	42.86	39.33	68.29	60.68	83.26	104.10	99.67	84.95	82.95	142.75	112.54	114.31	0.75	88.17	101.89	9.86	0.00	13.13	22.85	22.77	5.41	56.06	62.08	76.41	84.35	61.02	104.49	91.71	30.33
87.87	71.33	67.77	75.96	63.29	70.62	71.88	62.80	76.13	11.93	43.07	8.77	12.17	11.23	11.10	0.40	1.16	19.96	20.11	24.49	53.06	45.18	46.52	46.20	72.31	61.31	90.06	133.95	96.12	86.86	85.94	140.89	130.79	114.41	12.61	89.37	87.41	24.50	11.66	0.00	19.85	33.13	14.31	57.14	66.43	88.39	77.33	61.54	100.54	89.19	42.70
62.70	53.38	53.23	50.93	55.52	50.62	57.57	44.51	51.78	19.94	61.70	19.08	17.62	19.67	18.64	19.71	17.06	17.16	14.79	36.63	26.54	26.11	25.99	51.61	52.64	48.36	72.25	114.47	75.55	87.19	82.40	118.50	103.79	97.21	20.20	84.50	69.92	23.62	21.66	18.24	0.00	24.62	23.28	41.38	58.61	63.54	69.17	46.02	89.13	68.45	47.02
48.09	45.14	38.98	47.45	39.66	43.78	42.18	32.45	41.82	21.51	53.45	27.27	25.80	23.44	27.08	29.99	33.01	40.00	35.57	42.76	30.67	33.11	29.86	50.35	34.91	40.59	53.75	78.45	63.24	61.41	64.64	97.07	88.47	82.95	25.64	60.39	65.77	22.37	26.01	35.04	20.45	0.00	29.23	29.58	32.25	46.21	60.69	38.29	95.49	70.09	38.87
74.30	68.80	57.34	64.70	60.76	73.57	62.28	56.11	69.54	5.11	30.15	7.45	4.97	5.30	6.13	14.96	14.49	40.24	31.20	20.29	45.25	56.67	50.19	29.54	66.22	66.48	83.76	118.80	95.71	80.56	88.27	118.87	108.38	107.42	5.01	86.68	96.43	7.54	5.74	16.02	27.78	26.98	0.00	65.98	66.31	83.42	85.93	61.20	115.16	90.08	21.93
22.81	15.75	12.06	14.35	18.11	15.91	11.47	5.65	11.87	50.90	88.99	59.61	59.78	51.78	57.76	51.58	58.16	55.71	49.32	86.68	17.23	19.15	17.72	98.18	16.55	16.54	36.62	72.63	44.77	33.99	41.11	73.52	65.05	58.26	62.48	39.36	35.87	51.67	54.56	58.27	43.71	33.09	57.93	0.00	19.38	24.13	24.58	6.11	56.55	40.20	72.61
16.58	13.85	8.29	13.11	2.80	10.81	7.94	13.38	11.67	63.78	84.43	57.65	65.19	56.81	56.23	59.53	72.92	66.73	68.87	90.41	37.44	32.10	36.23	92.25	7.65	1.23	22.53	61.24	30.58	31.56	33.85	79.90	62.20	51.33	56.94	30.93	34.62	48.22	53.42	59.84	46.90	39.87	55.85	17.37	0.00	17.87	26.63	11.79	77.70	56.53	76.47
0.39	9.27	14.22	9.21	13.21	8.45	11.50	17.25	13.93	76.63	102.99	79.39	70.28	79.85	72.62	76.52	82.39	88.96	75.23	107.16	42.45	46.17	37.57	109.56	11.31	14.24	24.39	47.89	17.89	14.05	18.29	55.70	40.28	42.02	84.08	19.00	19.75	79.95	77.92	81.02	73.12	52.02	76.99	22.97	15.73	0.00	15.84	19.31	65.33	37.38	91.19
14.21	17.32	20.36	15.68	26.59	18.06	22.34	23.64	20.93	77.90	112.69	90.34	82.36	87.69	77.80	86.58	79.29	81.61	72.40	111.31	45.92	43.34	45.67	101.11	25.62	29.07	38.78	47.97	22.42	16.86	25.90	53.75	42.18	41.36	75.68	9.90	8.48	79.73	85.45	93.37	70.99	54.39	89.32	27.86	26.44	15.01	0.00	21.83	55.71	28.25	111.27
16.61	9.36	6.33	9.23	11.39	9.83	6.05	0.84	5.49	55.31	94.64	69.69	65.47	55.34	51.86	65.11	61.57	65.85	59.80	74.88	21.38	22.57	22.77	95.46	8.61	11.68	30.68	55.20	38.44	34.31	32.49	79.84	59.85	58.65	59.80	34.75	35.11	59.23	63.35	69.85	50.93	33.68	60.71	7.21	10.97	19.98	24.82	0.00	54.85	42.14	77.15
72.30	66.62	66.53	55.08	61.88	61.32	63.80	54.37	60.96	105.47	122.98	109.46	100.79	88.53	97.69	94.37	85.23	89.08	71.12	129.56	53.47	57.34	57.72	134.60	69.61	67.03	83.32	92.52	81.46	72.53	71.45	91.46	90.97	90.64	96.30	51.14	56.46	95.23	86.63	86.04	86.22	81.85	115.47	63.09	72.75	65.46	49.97	53.68	0.00	24.47	136.60
46.88	34.83	46.74	42.40	49.32	43.67	43.49	48.36	43.25	96.56	136.28	84.48	82.00	95.86	101.77	102.29	87.92	76.36	82.12	122.79	45.19	45.51	44.50	115.73	41.88	52.48	60.57	66.19	52.95	40.20	53.39	56.74	52.72	64.01	105.58	30.71	27.05	85.83	101.92	97.95	75.67	67.61	109.95	46.65	46.69	45.37	25.56	38.52	28.55	0.00	125.01
81.53	97.32	80.69	88.51	78.78	81.09	92.12	80.67	74.81	29.68	9.95	32.12	32.10	30.86	31.96	40.65	37.86	61.98	64.04	20.11	77.46	77.21	77.29	10.03	73.74	73.09	78.08	114.20	95.50	117.73	106.00	153.43	131.64	142.04	26.56	111.93	111.61	24.38	26.04	38.31	52.91	49.23	24.74	80.59	81.66	88.77	115.75	72.93	110.65	106.96	0.00
~
Delivery quantities;
1 7 12 8 18 7 3 18 6 0 0 2 0 1 1 10 3 8 0 4 0 1 0 0 2 0 1 2 0 6 1 2 2 3 1 0 0 2 4 6 1 1 0 2 1 2 2 0 2 0 
~
Pick-up quantities;
0 0 18 0 30 24 4 42 12 20 12 6 30 0 0 0 6 0 4 12 18 0 18 4 12 8 12 8 4 0 6 8 8 12 0 8 12 18 0 12 0 0 6 0 12 4 12 8 12 18 
~
Vehicle capacity; 
100 100 100 100 100 
~
