Cost matrix;
0.00	13.25	15.10	25.02	6.49	18.95	23.60	116.24	0.33	19.26	12.01	86.17	67.41	79.88	67.68	71.41	83.02	54.43	24.42	44.59	44.68	49.38	93.45	85.84	57.61	33.84	32.30	31.65	49.33	25.30	42.13	33.73	52.00	37.87	17.03	40.43	27.42	28.82	13.29	16.44	55.74	73.77	12.61	47.50	35.35	101.30	113.23	87.19	94.53	106.90	122.74
12.07	0.00	4.36	24.22	7.95	4.69	21.31	88.92	11.44	4.31	2.74	57.38	56.96	71.82	67.38	74.25	62.53	42.64	32.79	43.28	42.10	44.42	76.55	81.78	45.97	34.02	27.08	40.39	52.62	25.98	53.20	42.10	56.78	33.43	32.45	39.77	28.66	34.71	6.31	21.65	68.28	69.31	4.47	50.67	51.36	100.80	101.56	69.80	81.35	106.37	88.65
15.35	4.92	0.00	21.88	11.38	0.51	20.73	82.59	19.11	0.36	4.55	65.25	62.23	63.36	54.21	57.67	59.20	39.05	29.00	43.21	43.37	42.15	71.29	78.83	51.80	44.51	31.36	44.46	61.68	31.92	52.05	41.88	48.32	46.54	30.38	42.54	28.56	48.11	8.98	28.32	75.88	72.65	5.85	54.70	56.60	96.22	90.37	61.28	68.83	91.89	108.23
22.60	24.45	19.27	0.00	21.40	21.91	0.56	97.18	21.86	20.77	21.26	61.17	61.20	61.79	58.09	61.22	62.53	36.17	13.84	24.93	21.92	25.38	72.85	76.09	54.29	58.52	45.92	53.49	73.62	51.34	76.14	65.63	66.53	57.52	33.99	61.81	54.55	50.65	15.03	43.23	83.81	80.25	16.15	53.62	49.13	91.06	103.89	61.57	62.93	83.33	84.74
5.88	6.83	12.26	19.77	0.00	11.41	18.68	109.24	6.07	11.42	7.11	72.40	74.95	71.25	70.07	81.11	64.00	45.11	25.53	46.59	38.94	42.98	92.60	83.13	53.82	40.72	35.24	36.10	51.35	28.65	43.26	45.03	44.97	42.62	24.26	44.20	33.71	31.12	7.18	20.48	57.03	63.72	6.10	46.08	39.68	110.80	102.11	84.73	77.59	108.10	93.14
17.22	4.39	0.48	22.54	10.60	0.00	18.59	83.54	15.73	0.99	3.89	52.97	50.73	53.46	57.57	55.49	59.84	33.31	33.86	39.38	42.31	40.70	74.08	82.83	43.16	37.77	30.08	46.90	52.00	37.94	54.61	44.39	48.57	39.51	35.89	48.82	30.49	42.29	8.27	22.98	69.45	77.36	6.00	56.40	52.99	96.51	91.10	66.22	63.03	86.09	104.57
22.77	19.76	20.83	0.58	22.25	18.92	0.00	92.93	22.46	22.96	18.42	55.50	65.20	62.05	66.73	64.22	55.51	37.60	14.19	22.78	24.99	20.82	85.65	82.29	54.94	62.67	56.62	58.82	72.49	47.31	72.57	59.37	78.99	58.84	33.45	57.60	49.58	50.57	15.74	36.24	65.72	77.37	16.06	62.34	61.24	89.83	89.43	67.50	65.27	90.63	104.10
106.12	103.34	87.34	85.16	95.21	85.63	78.41	0.00	113.05	105.48	97.34	41.97	51.69	43.56	41.18	35.66	37.49	65.19	89.41	66.49	80.50	65.63	64.11	10.66	66.62	125.13	114.14	148.15	145.63	119.19	151.26	128.04	155.42	120.53	108.87	147.39	117.85	122.30	98.02	116.86	153.59	186.84	94.03	141.10	157.59	34.53	15.10	27.23	28.20	16.09	23.92
0.34	11.43	15.54	23.78	5.49	17.41	24.06	102.77	0.00	18.63	13.43	74.05	68.11	82.03	68.19	75.48	84.32	51.25	23.42	42.05	42.17	50.71	104.14	87.97	68.05	34.41	28.32	27.92	47.61	21.20	48.47	39.05	51.23	34.91	18.30	45.23	31.98	28.30	12.29	13.52	49.92	61.01	12.85	38.14	35.18	103.92	112.34	85.43	89.07	101.26	106.65
18.37	4.20	0.40	20.47	10.89	0.98	19.03	83.93	18.57	0.00	3.97	64.81	60.46	61.21	52.54	55.90	65.44	37.39	27.22	44.72	41.67	41.50	70.70	89.33	42.27	45.96	28.23	38.84	57.34	34.08	58.31	51.57	53.86	45.43	36.82	49.99	32.87	41.21	8.01	23.99	73.67	73.57	6.86	63.00	51.31	95.19	84.63	75.08	74.09	89.16	103.46
12.09	3.19	4.64	18.10	7.81	3.97	18.08	95.50	11.48	4.06	0.00	64.22	53.78	58.88	58.43	64.79	72.73	40.97	29.75	38.32	45.39	41.30	88.97	75.99	53.95	40.72	34.66	43.37	49.73	28.11	49.11	46.86	58.40	40.85	25.91	40.88	32.02	45.25	4.48	20.69	68.26	75.52	2.69	48.87	42.71	106.88	110.85	72.20	64.88	97.90	111.26
83.26	67.19	65.29	61.40	74.45	54.72	58.04	40.75	69.72	62.98	63.28	0.00	6.28	2.88	3.61	4.30	2.95	28.73	81.12	54.02	58.98	55.36	25.86	33.10	19.89	86.66	92.42	99.56	104.82	85.95	110.84	95.66	115.12	84.75	102.41	92.50	73.74	93.23	61.81	74.17	118.27	147.89	73.63	108.81	106.17	33.17	39.25	13.11	13.79	35.02	32.30
71.57	60.02	58.78	53.58	66.32	58.36	56.44	49.23	71.76	62.03	55.31	5.31	0.00	7.50	3.11	9.20	4.10	26.04	77.84	61.49	52.98	53.31	27.08	36.91	15.43	93.53	79.57	93.22	118.39	83.44	122.36	87.68	110.43	87.88	88.29	84.51	76.31	94.82	62.82	79.67	139.30	123.89	64.08	132.18	95.77	41.74	39.96	20.81	18.43	43.70	41.26
71.11	70.47	58.18	59.15	69.16	53.49	66.64	38.81	70.18	66.12	70.47	2.49	8.47	0.00	5.81	1.50	4.68	25.35	74.59	54.88	58.24	56.38	31.35	31.53	22.16	94.09	90.97	110.73	106.40	91.92	108.81	104.38	118.51	99.06	100.51	108.58	77.66	105.91	71.72	86.53	134.33	159.68	73.03	110.81	97.83	39.25	31.31	11.96	10.28	32.30	39.67
70.51	68.47	60.64	57.19	63.69	52.94	52.97	40.17	83.29	55.47	70.67	3.52	2.59	5.82	0.00	7.16	2.05	23.53	84.18	59.32	57.93	65.30	28.28	37.50	19.22	95.94	84.74	106.65	117.81	99.67	109.03	86.55	103.18	98.98	93.96	83.25	91.03	94.64	63.56	82.63	116.61	143.96	58.63	130.67	108.09	32.77	35.99	17.00	17.05	38.86	32.56
81.62	60.08	68.88	65.69	72.69	68.53	60.92	40.91	83.46	58.03	69.65	4.13	8.97	1.56	7.14	0.00	7.15	29.14	82.72	54.31	61.26	57.22	30.40	27.59	22.29	92.99	87.12	102.35	125.80	105.58	105.78	96.14	104.36	93.35	98.77	103.91	86.13	115.93	58.03	81.05	141.10	138.74	62.24	120.54	99.62	33.10	36.79	10.17	10.63	31.17	35.83
86.07	73.83	62.97	59.94	69.93	66.77	60.65	42.45	72.65	54.18	62.86	2.67	4.53	5.20	1.87	5.91	0.00	26.37	67.04	67.04	66.27	60.23	25.99	38.37	18.26	82.53	86.65	94.81	105.02	85.69	107.37	106.98	104.47	91.45	91.22	88.41	72.60	115.31	67.30	84.45	126.10	148.60	62.27	124.14	103.07	35.90	39.59	15.50	16.47	38.18	34.42
50.35	44.62	31.16	39.96	48.29	34.15	38.67	57.49	55.09	36.58	39.19	23.31	24.05	28.25	26.83	27.33	26.77	0.00	50.82	36.46	41.74	38.04	42.91	47.17	23.83	63.02	54.80	83.89	91.26	68.74	102.55	85.41	82.62	73.99	63.49	70.86	62.82	86.74	42.57	64.25	92.95	128.73	39.64	86.31	82.78	55.22	53.21	30.77	30.48	65.34	66.63
24.40	29.68	29.68	15.47	22.63	30.54	15.11	100.57	28.98	32.13	25.30	80.89	75.68	68.51	67.90	78.92	81.33	44.72	0.00	23.16	28.34	29.42	100.00	90.06	71.79	64.70	52.78	49.37	61.81	52.86	71.46	58.49	67.99	66.49	24.12	76.30	61.08	56.15	24.66	35.80	73.94	71.80	22.22	49.68	48.97	106.65	103.04	77.55	86.37	101.28	118.84
46.39	40.47	41.92	21.89	48.76	36.80	21.91	82.68	41.92	43.88	37.37	55.11	56.96	55.71	65.17	64.28	56.81	37.85	27.91	0.00	0.37	0.48	81.01	60.65	59.58	92.18	77.86	84.60	100.19	66.51	101.20	82.25	102.47	80.00	51.61	76.82	77.20	85.05	42.31	62.86	81.13	102.98	43.54	78.17	76.55	91.02	93.24	65.89	59.57	82.78	96.76
49.53	44.55	41.45	25.23	49.82	40.93	24.03	69.86	49.09	46.34	37.55	52.67	57.83	61.38	58.31	57.86	62.37	37.30	23.84	0.38	0.00	0.12	87.84	70.26	62.44	83.71	64.84	81.45	84.70	72.22	101.13	86.99	90.78	73.05	53.86	94.65	64.86	74.71	38.98	66.62	89.71	117.51	44.96	81.04	69.44	97.74	85.97	58.73	58.64	84.20	87.61
52.14	46.30	43.45	25.77	41.85	46.28	19.97	68.30	49.54	45.31	37.33	59.76	64.87	51.71	58.75	53.26	64.73	37.92	25.57	0.41	0.14	0.00	86.88	67.50	67.74	81.71	66.74	73.24	85.03	71.25	100.30	75.81	92.93	86.07	52.19	94.32	77.77	85.98	40.15	70.01	100.71	95.84	41.80	86.24	74.28	92.74	81.64	63.97	58.03	82.84	78.86
96.03	69.49	71.34	80.64	85.14	73.10	75.75	55.09	84.75	69.42	69.72	26.52	24.49	32.56	29.31	31.18	28.51	42.73	90.14	92.88	93.37	90.23	0.00	52.11	26.84	96.09	90.43	109.88	113.47	97.54	132.98	120.83	112.29	99.39	99.87	100.58	91.65	104.27	76.87	95.13	153.44	157.32	73.47	141.05	134.92	31.75	51.68	34.48	42.44	42.91	44.85
89.20	77.84	83.76	67.75	101.98	76.45	68.21	12.24	88.05	90.51	89.02	35.29	34.67	29.63	36.02	32.06	38.20	51.90	85.71	71.60	72.32	71.55	55.44	0.00	59.39	111.66	98.48	118.10	138.74	101.63	129.67	133.67	152.12	120.09	119.61	139.88	102.26	137.61	82.04	98.93	135.56	141.94	94.05	143.12	133.04	35.71	19.28	20.80	17.29	18.98	28.36
60.99	57.45	54.08	61.69	53.15	50.73	54.91	56.95	63.25	46.16	51.04	19.44	15.72	26.86	18.89	26.52	18.06	21.29	71.27	56.81	63.86	65.48	28.82	59.88	0.00	83.61	63.48	90.95	102.24	70.00	103.73	80.73	96.68	83.24	80.11	78.02	62.30	80.86	54.20	68.04	112.87	115.80	51.55	117.74	95.37	50.87	52.36	37.58	33.91	53.54	52.04
36.20	34.68	40.43	56.32	33.64	41.10	62.63	122.09	31.67	46.51	43.45	100.20	94.75	100.14	80.85	101.34	95.95	70.27	58.61	90.52	75.34	87.21	97.00	118.96	68.21	0.00	9.26	27.41	29.01	16.46	26.23	9.12	13.58	0.43	44.68	4.95	9.08	27.66	39.60	21.77	58.60	65.26	45.28	51.13	37.68	114.92	130.84	96.41	96.74	126.46	134.50
32.86	27.71	33.85	57.06	34.86	31.05	53.65	110.57	33.18	34.46	30.46	73.46	88.16	87.66	79.07	80.97	80.63	60.26	49.09	80.92	72.34	79.61	89.31	99.05	62.55	9.46	0.00	27.65	32.58	14.23	35.55	16.83	22.12	9.59	38.47	12.05	0.61	26.05	31.54	18.28	60.44	69.41	35.61	54.90	42.03	129.78	105.84	87.88	85.73	123.09	112.05
33.21	43.89	49.16	53.97	34.18	41.22	48.91	148.90	32.24	42.86	40.10	109.49	98.15	111.11	111.18	98.56	97.56	74.75	54.04	74.20	66.87	75.35	107.65	114.37	84.73	27.79	32.46	0.00	16.81	15.65	13.74	21.05	29.06	26.44	32.28	30.13	30.08	0.32	41.60	20.05	29.65	36.36	38.63	24.11	15.45	124.31	131.22	127.86	102.15	145.53	151.63
43.61	51.39	63.27	75.09	50.68	64.14	63.12	166.02	45.80	57.04	51.79	117.08	113.81	120.31	116.83	106.50	121.25	97.77	64.82	102.22	85.88	99.38	127.02	157.56	97.84	28.00	35.01	15.85	0.00	24.46	0.41	19.26	21.40	28.27	42.67	30.29	39.01	13.65	55.62	29.15	35.65	28.79	57.99	31.97	28.41	159.27	170.86	127.00	127.47	147.35	163.11
22.14	27.71	29.47	47.05	24.58	32.04	46.61	127.31	23.57	33.87	33.21	95.40	85.81	82.87	98.78	102.04	99.78	66.98	51.12	78.67	65.58	71.61	99.79	110.83	78.58	15.05	17.52	12.56	27.92	0.00	25.18	16.23	24.64	14.73	29.76	22.55	15.37	12.77	35.60	8.40	49.40	50.31	31.10	42.39	31.38	124.60	124.68	96.65	110.98	131.17	117.49
43.83	47.24	63.61	62.98	46.83	55.13	62.51	157.45	46.38	61.77	55.59	118.26	113.83	106.65	116.53	123.90	126.23	101.40	59.57	90.63	86.45	80.27	120.74	127.17	104.50	25.47	33.73	15.07	0.41	21.82	0.00	17.13	20.89	25.29	41.19	34.21	38.47	14.86	52.93	35.60	36.33	33.25	48.46	29.41	28.11	133.69	149.23	120.82	119.85	158.90	168.20
42.37	37.42	48.49	57.42	38.37	43.59	59.66	155.98	36.43	51.10	48.66	97.57	105.50	104.48	86.93	115.10	90.92	69.98	61.91	96.98	75.65	87.93	120.76	137.27	82.58	9.74	17.42	19.91	20.93	16.13	19.32	0.00	8.70	9.37	49.56	11.70	19.65	17.81	52.72	21.76	51.49	51.21	46.86	49.42	34.80	120.94	136.41	101.35	118.78	146.58	139.76
49.32	46.61	59.97	69.53	56.94	49.04	62.94	129.47	48.50	52.98	55.89	106.88	98.16	100.41	111.88	117.51	111.01	91.22	82.12	89.30	107.38	86.40	115.75	126.59	97.42	14.79	21.94	29.59	24.40	24.97	20.43	8.66	0.00	14.72	54.70	13.61	24.53	28.06	56.09	33.84	61.29	55.31	50.40	47.48	44.38	122.51	126.17	112.42	134.07	138.69	126.80
36.66	33.90	40.57	59.96	34.16	38.96	56.78	138.02	38.62	38.05	41.65	89.00	88.71	95.10	95.22	90.16	104.17	75.26	67.13	72.10	76.60	88.37	107.22	124.80	66.00	0.48	8.94	22.50	29.39	15.78	25.96	8.81	14.60	0.00	43.03	5.67	9.77	26.48	44.01	20.97	53.59	60.80	46.45	52.31	43.53	128.91	128.00	92.39	111.34	126.01	137.55
16.07	33.59	30.42	34.86	23.87	31.22	34.81	134.00	20.05	32.60	31.68	99.78	93.64	84.31	92.12	103.10	85.14	63.80	26.85	54.64	48.10	45.53	109.99	96.32	74.29	43.44	43.23	31.06	45.46	33.45	46.38	51.11	47.70	48.05	0.00	47.96	48.17	30.88	29.34	25.69	39.19	52.30	26.99	29.86	23.98	120.37	117.46	100.97	96.18	137.30	129.08
43.10	43.60	46.77	67.13	46.55	47.80	59.42	138.84	39.45	45.53	47.40	84.90	96.35	102.25	90.17	99.18	84.74	64.52	70.19	81.58	91.05	83.62	96.19	114.24	71.88	5.15	11.46	29.62	27.11	19.18	26.90	11.42	11.44	5.22	54.18	0.00	12.07	28.60	48.35	30.02	59.50	62.45	44.91	53.76	47.94	130.55	141.59	112.55	114.12	123.43	129.07
32.54	32.70	31.30	47.84	34.10	29.47	48.29	135.67	33.38	31.37	29.93	73.93	85.19	90.92	73.53	89.39	92.08	65.20	52.88	79.59	67.06	81.38	94.38	123.21	64.44	10.36	0.61	31.23	35.80	16.61	38.56	17.35	24.02	8.45	39.13	13.01	0.00	32.76	33.84	19.86	65.64	62.67	34.24	51.83	47.07	124.38	106.11	99.11	106.09	117.83	127.79
32.32	38.11	43.84	48.21	39.61	43.28	59.88	147.79	28.10	42.86	42.25	98.88	105.60	109.86	97.03	93.93	111.24	74.92	57.75	86.42	73.41	71.85	104.19	112.10	78.22	21.86	30.75	0.34	15.57	13.15	15.97	20.31	23.97	27.62	26.34	27.29	31.05	0.00	38.79	21.45	31.59	35.23	45.83	25.66	18.10	121.84	150.77	103.12	114.98	132.77	133.94
13.20	6.76	8.87	14.79	6.76	7.15	13.91	102.93	13.27	7.56	4.41	61.71	57.45	71.89	61.15	59.25	59.16	42.65	24.67	40.63	36.58	39.93	72.26	92.84	59.99	42.35	32.41	40.18	56.78	33.94	54.96	42.86	63.13	41.62	29.65	48.52	34.84	37.86	0.00	26.07	71.53	67.97	2.05	50.02	41.37	106.90	86.94	69.34	71.39	101.41	90.53
16.75	19.45	23.59	35.68	15.83	27.45	37.10	104.43	15.90	25.01	21.85	84.59	77.41	83.97	75.65	88.82	89.79	57.09	35.70	56.85	55.41	68.11	89.13	99.93	75.35	21.31	15.48	19.42	35.97	7.54	33.41	23.48	35.95	23.07	24.61	23.76	18.98	19.83	26.74	0.00	49.79	51.43	24.04	39.01	29.76	106.30	132.49	101.99	105.49	107.83	126.46
48.36	72.91	76.92	70.06	64.86	71.74	78.73	156.75	49.03	63.89	67.51	147.42	124.03	122.75	123.41	127.77	121.42	115.90	63.72	89.81	81.68	101.15	132.55	134.88	105.78	55.81	56.72	33.64	31.55	46.03	36.65	43.93	59.22	55.01	40.10	55.55	59.92	32.18	71.59	51.72	0.00	15.06	67.24	15.29	19.81	159.37	185.13	135.22	122.39	165.76	186.47
67.80	67.42	91.10	96.48	68.91	72.69	78.22	192.43	58.10	85.17	78.03	125.24	151.55	145.71	148.81	157.08	153.99	127.11	76.67	110.94	101.24	94.54	149.17	146.34	125.23	66.76	62.26	37.56	33.58	49.90	30.13	54.59	57.70	56.03	49.90	53.95	73.19	34.98	67.51	58.89	14.28	0.00	71.55	28.59	30.65	163.68	177.69	158.77	162.34	190.30	182.55
13.15	5.12	5.70	16.62	5.48	6.94	19.49	90.67	10.96	7.16	2.42	63.51	55.86	69.73	56.81	74.31	69.80	41.83	25.03	37.03	37.65	39.61	77.76	94.93	61.01	41.28	30.99	38.18	50.08	31.91	57.57	42.74	56.30	38.05	29.61	40.65	34.66	39.59	1.99	23.15	58.80	80.88	0.00	60.62	45.76	87.45	99.50	81.63	74.65	101.58	97.95
37.87	61.18	61.94	57.79	53.36	58.10	57.45	150.27	41.84	57.62	59.56	122.12	129.04	126.23	128.26	132.86	107.12	91.69	55.83	80.11	78.68	71.81	138.36	142.71	114.77	51.19	61.92	30.81	35.82	42.80	31.80	49.61	51.34	49.90	32.29	62.59	50.01	25.07	56.32	36.32	13.68	31.03	50.08	0.00	10.51	165.00	140.66	133.26	115.42	150.36	168.40
34.02	46.42	51.61	48.96	42.52	47.61	59.06	151.23	34.82	47.81	44.53	104.41	95.88	98.20	113.19	99.45	111.22	78.17	44.58	75.10	79.97	78.20	124.88	147.33	107.57	45.18	42.71	17.19	25.00	27.55	25.13	33.03	48.08	48.13	21.51	50.91	46.28	19.98	45.76	31.78	18.95	33.01	43.62	9.96	0.00	129.12	145.06	111.83	111.76	141.80	156.80
109.93	87.90	83.05	97.64	96.23	103.37	84.19	35.93	122.04	85.14	93.00	37.52	34.78	36.22	37.74	32.06	31.30	67.44	117.44	101.11	103.07	102.30	30.36	38.08	45.73	114.99	115.32	135.57	152.61	128.41	141.20	148.30	122.92	114.65	135.26	123.38	107.16	150.49	109.91	124.53	151.22	173.94	109.70	145.69	158.43	0.00	23.95	32.13	35.04	24.82	13.04
102.49	95.52	90.29	99.93	96.83	86.54	86.13	14.57	116.16	96.70	88.56	37.08	46.74	36.55	35.12	30.55	41.29	64.98	97.89	83.14	84.37	86.64	46.31	18.57	56.87	113.57	125.32	125.83	138.68	137.30	154.38	145.16	129.91	123.34	110.25	115.61	116.19	150.36	90.86	130.63	159.66	197.65	91.84	151.62	140.23	20.57	0.00	24.69	27.01	0.56	12.34
84.48	71.62	66.64	73.85	71.33	77.76	58.01	25.17	80.31	75.75	75.53	12.70	17.68	10.18	15.39	8.67	17.17	30.46	83.70	57.54	56.42	63.46	41.48	18.53	32.20	115.52	96.38	124.94	112.18	97.55	121.40	115.21	133.06	107.59	91.40	96.73	103.63	101.51	66.37	90.16	127.00	163.76	82.60	128.11	127.17	37.42	23.42	0.00	0.17	28.61	27.18
78.72	79.70	64.89	69.13	86.14	77.94	68.40	27.02	82.84	66.83	68.09	14.08	19.68	10.89	15.68	8.98	16.16	31.20	83.64	54.82	57.43	53.01	39.09	17.07	39.10	105.25	89.93	124.29	123.13	103.62	137.03	119.77	121.46	100.73	109.40	101.02	84.35	125.26	64.39	93.10	155.40	143.72	66.89	129.96	129.72	30.23	26.27	0.19	0.00	24.47	31.42
106.69	105.75	84.18	90.47	103.56	94.65	84.75	16.36	103.50	101.08	111.27	34.67	44.68	34.43	36.46	37.43	37.13	60.60	104.01	76.45	75.52	89.49	46.12	23.89	61.42	121.17	105.59	124.97	140.48	144.36	170.35	151.59	132.92	132.62	110.55	130.63	118.55	131.72	94.76	107.61	183.11	187.40	96.92	146.35	129.08	23.13	0.49	28.74	25.74	0.00	9.46
104.97	99.93	88.02	105.61	95.18	99.17	98.46	29.03	126.48	91.81	101.51	32.34	37.01	33.53	34.26	33.24	37.73	53.37	120.84	89.87	87.19	84.54	43.59	29.89	59.81	115.79	107.60	154.44	165.73	138.85	158.99	141.71	129.21	125.77	136.43	114.04	125.67	138.92	99.73	132.72	165.58	196.46	110.33	166.02	151.48	13.33	10.53	30.44	28.50	11.09	0.00
~
Delivery quantities;
0 1 8 0 6 5 3 4 2 5 3 1 4 1 0 2 8 2 10 0 1 0 0 4 2 2 6 1 3 1 2 0 1 1 4 2 0 0 6 3 4 3 2 1 6 0 1 4 1 6 
~
Pick-up quantities;
54 0 36 36 0 20 36 18 0 12 0 0 18 0 30 0 0 0 0 12 0 20 20 12 18 0 12 0 12 0 0 6 0 12 4 0 8 18 6 0 0 12 4 0 0 12 0 4 18 12 
~
Vehicle capacity; 
100 100 100 100 100 
~
