Cost matrix;
0.00	8.52	37.41	10.69	12.71	11.65	9.60	15.99	11.70	8.17	8.17	26.61	84.72	78.29	80.98	74.37	94.43	112.27	116.52	85.18	70.89	101.90	22.71	19.79	11.74	11.96	13.79	45.45	30.28	16.63	58.53	38.34	65.44	44.34	39.67	26.05	35.90	57.09	49.71	98.39	69.02	34.71	102.92	59.63	83.96	58.67	44.26	42.91	15.68	45.63	12.74
8.84	0.00	46.40	3.29	5.99	3.86	0.39	7.30	3.06	4.20	1.79	41.03	62.92	71.63	64.09	63.76	91.11	90.46	105.94	82.95	66.88	86.17	28.49	25.19	4.64	2.92	3.16	50.04	38.47	25.90	71.41	45.04	69.32	53.93	55.60	28.89	33.95	77.41	55.41	99.94	64.91	45.90	111.31	66.22	77.20	51.62	36.35	31.81	9.62	51.77	5.15
46.49	44.91	0.00	43.31	43.84	42.99	46.59	49.74	40.95	40.40	39.86	27.86	93.08	85.23	88.80	89.15	123.73	127.60	145.92	109.99	66.25	131.46	19.41	31.99	48.52	51.09	41.87	58.82	31.00	26.32	66.26	43.47	68.85	25.38	61.65	20.27	5.43	59.76	14.28	137.58	89.51	60.89	139.77	66.98	105.03	66.10	51.80	51.36	60.13	25.60	53.38
10.22	2.94	46.59	0.00	4.97	2.15	3.43	5.94	0.53	7.73	2.31	38.11	63.70	63.14	62.71	64.96	82.02	100.65	93.58	76.55	72.47	85.09	27.83	28.46	2.78	0.50	1.55	60.94	35.87	27.19	77.55	41.90	85.07	60.86	55.02	31.09	41.48	69.66	59.38	98.68	65.78	52.91	92.89	66.73	73.62	53.26	37.04	34.86	8.46	58.31	2.16
12.00	5.71	49.68	4.10	0.00	6.58	7.06	9.17	4.06	10.82	4.75	40.00	65.25	61.44	73.79	75.65	84.54	103.28	83.77	81.80	83.58	71.81	34.89	28.57	7.86	4.44	5.94	57.42	47.41	30.52	86.58	42.01	81.74	61.35	49.58	35.56	45.57	72.01	55.74	97.64	64.18	48.65	106.42	68.44	81.52	54.16	33.34	37.04	3.88	64.31	2.36
12.76	3.71	47.91	2.51	6.88	0.00	3.48	4.05	3.23	7.27	4.99	44.74	63.69	53.58	67.85	65.02	85.21	97.81	87.49	80.85	79.88	90.79	31.52	26.99	0.58	1.78	0.65	52.14	37.00	30.64	75.59	52.25	78.35	57.78	48.82	30.94	35.74	76.29	51.24	91.82	58.05	58.20	96.80	59.49	77.56	47.40	29.66	28.78	10.16	61.89	4.80
9.70	0.40	38.02	3.16	6.42	4.28	0.00	6.91	3.16	3.96	2.06	36.31	62.96	59.73	67.10	79.54	87.00	88.29	95.37	80.50	68.15	95.77	28.62	24.89	4.19	2.95	3.06	45.89	39.59	25.75	69.00	49.25	77.61	60.94	46.45	29.96	38.79	65.54	50.85	83.76	75.13	45.03	101.40	59.57	91.23	62.33	31.28	35.93	9.26	57.11	4.91
14.86	8.15	45.88	5.98	8.56	4.07	8.27	0.00	6.24	10.29	8.15	41.98	55.16	54.55	67.92	61.42	91.38	82.49	81.00	72.55	82.79	69.12	34.40	32.59	4.10	5.04	4.58	64.76	42.37	33.37	71.43	56.85	73.91	61.32	56.13	34.78	39.13	82.24	51.34	86.29	62.24	61.33	83.81	66.81	68.58	55.60	25.67	26.76	11.88	65.13	6.85
10.45	3.08	41.59	0.57	4.42	2.55	3.09	6.37	0.00	7.91	2.21	38.76	61.81	59.79	71.63	74.09	92.30	90.72	103.01	86.28	72.09	82.32	32.34	31.41	3.14	1.13	1.97	51.87	45.52	31.81	85.24	50.76	86.22	62.31	48.93	27.92	37.84	78.13	53.65	90.33	74.46	50.25	88.35	60.40	73.65	58.55	30.87	32.62	7.93	63.88	1.78
10.04	4.46	41.21	7.05	10.75	5.72	4.55	10.29	7.87	0.00	5.32	33.69	60.77	58.98	68.70	70.64	103.15	103.00	100.62	80.25	75.05	77.05	22.10	20.47	6.32	7.27	6.96	49.96	36.36	25.48	68.85	39.92	76.83	51.70	53.03	26.30	35.61	62.97	51.38	92.86	80.11	45.33	90.85	65.35	79.81	61.49	36.32	33.28	15.10	48.07	8.21
9.10	1.71	45.48	2.66	5.19	4.24	2.01	8.05	2.05	6.73	0.00	36.15	68.25	70.87	79.51	63.43	90.89	100.49	104.41	79.35	69.67	93.65	32.06	26.19	4.79	2.90	3.45	56.93	38.22	27.36	65.50	38.73	79.29	50.87	53.29	29.64	45.34	69.11	47.87	103.86	76.80	48.53	100.95	70.24	91.51	65.45	38.90	36.67	7.43	60.37	3.43
33.50	35.41	30.69	45.64	41.17	46.07	38.18	45.98	40.79	31.59	34.48	0.00	112.55	99.70	88.41	99.04	130.03	123.46	139.72	137.58	35.59	126.23	13.92	12.51	38.96	39.01	41.51	27.59	0.65	11.86	38.81	18.83	39.68	19.79	28.91	13.87	27.86	34.27	25.75	123.83	98.74	27.27	152.62	30.55	109.67	71.43	67.55	63.20	42.92	22.10	44.21
77.24	59.84	100.45	61.52	61.46	60.90	63.29	66.62	73.05	72.22	62.49	109.17	0.00	2.83	27.07	28.88	36.94	34.91	40.57	33.54	147.86	33.51	91.43	102.42	61.04	60.62	65.83	125.28	110.79	95.20	150.97	123.54	138.74	113.25	124.19	100.03	86.55	146.94	104.26	38.87	4.35	107.58	43.14	128.11	31.42	39.44	43.35	41.97	69.55	110.97	57.58
75.26	73.18	95.36	65.17	62.12	59.18	64.82	55.83	67.25	60.73	70.25	99.38	2.83	0.00	25.42	23.89	39.06	43.66	37.51	37.80	130.85	33.88	95.08	99.40	57.82	55.06	57.26	130.65	104.16	94.06	149.54	99.18	122.11	113.14	113.55	96.57	82.97	132.70	110.43	41.30	7.30	104.52	43.08	125.59	32.93	38.47	46.51	46.03	61.44	120.85	67.86
69.87	73.49	90.52	63.57	67.69	60.83	66.83	67.49	62.95	69.09	66.89	99.14	30.69	26.35	0.00	0.44	70.81	59.35	62.73	57.51	145.05	52.36	84.36	82.63	58.87	70.06	74.55	112.28	90.14	93.52	121.03	119.97	146.71	106.44	128.64	83.45	75.74	143.06	102.70	56.34	30.94	106.99	61.20	134.39	60.67	19.72	42.71	38.71	68.75	97.49	70.97
71.14	68.52	74.94	63.87	67.13	74.12	73.63	67.17	78.33	77.31	70.75	90.79	33.53	26.81	0.50	0.00	72.73	66.11	70.92	57.51	131.89	65.39	75.96	79.51	68.90	75.77	66.35	121.37	110.48	84.60	145.77	104.81	127.96	104.77	105.39	79.02	88.97	130.29	104.49	64.76	30.23	108.55	60.36	121.21	65.20	21.73	43.98	38.07	76.65	117.27	65.64
108.50	102.67	136.51	88.25	102.32	81.30	85.21	88.53	84.99	87.53	91.72	122.81	41.09	37.95	66.08	56.97	0.00	0.73	0.39	11.64	186.47	12.21	128.52	133.37	97.95	84.27	98.40	136.58	149.25	119.54	173.60	144.98	188.75	133.02	135.25	134.65	123.29	190.08	137.00	0.96	36.23	147.49	5.18	143.09	10.28	82.32	88.90	79.32	98.04	134.75	86.69
109.03	101.75	142.37	103.38	87.38	99.69	100.23	98.56	90.71	97.54	103.25	132.22	39.09	38.74	58.45	60.42	0.64	0.00	0.43	12.63	186.69	11.22	131.17	120.94	104.01	83.64	91.85	132.21	127.34	108.93	158.66	155.42	173.72	165.25	140.92	129.81	111.70	159.06	130.42	1.25	31.02	127.91	4.53	167.89	10.16	84.34	92.41	84.12	92.44	161.45	103.73
101.86	106.21	121.16	84.95	102.50	87.08	105.34	91.50	85.99	97.03	90.96	120.25	33.53	40.76	63.14	63.94	0.37	0.42	0.00	12.16	192.54	11.08	128.35	118.90	86.01	92.96	98.53	148.03	136.02	133.50	192.22	129.22	161.39	142.99	154.93	133.58	142.31	170.91	137.52	1.39	36.07	126.04	5.16	176.71	12.14	79.79	87.76	75.51	94.45	144.39	93.00
105.59	84.29	123.68	82.60	76.78	89.07	75.88	69.72	75.03	88.41	74.20	128.41	31.50	29.89	57.08	60.06	12.70	10.99	10.77	0.00	172.52	0.08	103.28	113.04	77.92	79.61	84.39	118.51	114.89	113.57	154.27	139.16	166.37	140.31	128.49	117.15	104.62	162.19	137.12	10.48	24.31	131.44	15.03	139.54	0.31	72.24	70.31	74.64	71.99	137.14	87.39
58.88	69.20	61.55	76.21	87.31	86.84	69.44	78.95	72.71	63.94	73.59	39.55	143.67	143.86	154.03	127.69	191.62	172.62	174.32	176.74	0.00	141.89	51.15	52.00	69.02	82.90	87.25	25.88	43.95	55.10	0.43	33.16	0.08	40.74	25.79	57.37	52.59	0.17	50.52	162.89	135.97	27.28	174.80	14.66	154.74	120.38	87.94	102.51	79.36	40.36	83.33
102.01	78.54	112.61	78.56	80.69	79.92	83.97	85.34	85.34	87.19	83.37	126.86	30.87	34.55	61.97	54.65	10.92	11.78	11.63	0.09	151.72	0.00	120.39	119.50	79.87	77.61	78.13	149.63	116.70	101.24	155.21	124.70	173.79	129.23	129.08	125.85	105.03	177.37	119.61	11.18	28.62	122.72	14.87	157.00	0.26	74.17	79.12	65.49	71.65	140.53	91.73
26.15	29.16	20.06	28.45	33.29	32.80	25.03	32.35	30.64	22.32	28.60	14.88	100.78	88.07	76.07	91.39	108.45	135.39	124.83	97.84	45.49	102.18	0.00	8.87	34.46	28.35	34.69	40.56	14.42	8.34	46.31	26.65	58.97	26.14	44.05	0.19	15.96	58.75	24.22	108.64	100.70	40.42	116.31	47.82	119.58	71.10	49.35	49.57	34.12	27.68	37.02
16.13	25.07	27.94	30.32	33.02	32.63	28.55	34.87	31.97	23.52	23.55	12.38	94.69	89.66	92.43	88.45	128.71	113.70	111.55	106.38	50.15	123.44	8.92	0.00	30.71	25.81	29.64	35.15	12.73	0.16	48.53	24.06	45.39	30.47	31.91	9.74	24.21	49.86	35.56	132.96	95.62	27.96	142.48	46.34	121.27	66.77	53.27	53.47	29.30	30.32	31.77
14.07	4.35	42.77	2.48	6.41	0.56	3.97	4.09	3.24	6.37	4.26	37.20	61.63	55.98	67.48	62.78	103.00	92.04	88.47	87.05	70.43	88.54	30.92	29.35	0.00	2.34	1.30	58.16	45.25	32.21	78.01	52.90	74.83	50.92	50.23	29.19	36.30	78.85	55.20	88.12	73.29	55.89	89.69	72.33	86.56	56.50	27.24	28.00	11.63	54.89	5.01
12.66	3.27	46.72	0.42	5.35	1.64	3.06	5.01	0.96	6.83	2.85	44.86	60.35	65.89	66.19	74.35	95.35	100.61	103.83	86.12	80.16	90.86	33.94	30.22	2.42	0.00	1.06	60.07	41.25	25.13	70.56	40.69	74.13	61.03	50.57	32.45	44.54	69.21	53.03	90.08	71.35	44.59	95.00	61.13	85.94	60.55	28.33	35.70	9.59	50.56	2.60
12.19	4.03	44.91	1.74	6.14	0.67	3.71	4.17	1.98	5.98	3.56	44.50	60.46	59.67	75.78	62.18	89.07	82.70	99.52	80.07	85.08	81.54	30.41	26.46	1.13	1.27	0.00	49.34	40.58	30.58	70.93	49.01	79.89	61.81	60.62	29.07	39.86	84.09	57.96	103.08	64.21	52.23	106.63	70.79	82.77	51.78	31.49	29.89	10.64	58.90	4.25
37.55	47.14	50.16	58.47	60.10	59.12	56.98	58.14	50.70	49.05	48.90	26.68	107.48	115.38	115.54	113.98	150.27	131.59	148.81	139.45	31.89	147.83	43.53	31.36	49.29	54.41	57.25	0.00	27.46	29.82	27.24	9.18	29.47	44.53	0.34	37.97	52.67	26.47	54.11	129.49	110.73	3.72	164.13	15.04	117.57	99.25	84.33	83.82	55.86	39.12	48.07
33.45	38.52	28.66	42.96	40.79	40.80	40.11	40.59	37.46	34.25	39.97	0.57	104.70	87.93	98.16	110.09	129.78	133.92	129.31	126.80	43.40	123.73	12.13	12.29	44.34	36.39	43.46	27.79	0.00	10.90	34.26	17.79	41.32	21.07	25.22	13.60	26.16	35.58	27.81	127.70	117.27	21.91	126.74	34.94	131.55	77.52	65.01	55.41	47.05	18.97	38.03
20.52	28.42	28.62	31.50	34.00	31.18	22.73	31.96	24.98	20.83	23.76	12.54	85.08	83.13	92.28	85.97	137.10	137.67	137.79	104.52	52.31	115.23	8.02	0.16	27.43	29.48	30.14	35.54	13.11	0.00	53.47	20.15	47.29	29.41	34.69	9.54	24.34	55.37	29.12	122.12	100.11	29.69	119.29	41.46	102.75	79.99	45.79	54.46	31.49	29.80	32.24
56.66	68.44	64.76	85.52	78.56	73.59	81.10	76.47	66.42	64.01	68.23	42.76	129.43	143.88	136.43	154.41	164.79	176.28	170.51	160.63	0.51	167.99	46.43	52.45	68.89	72.13	82.56	29.43	34.00	46.16	0.00	28.72	0.48	37.28	31.34	50.47	55.55	0.33	48.98	180.58	151.59	29.16	176.64	16.06	150.57	126.46	93.63	109.45	71.04	36.06	82.25
38.74	39.00	44.31	50.42	52.08	46.59	46.63	55.45	42.30	38.24	47.69	17.16	122.01	108.99	98.23	106.40	146.14	138.04	134.07	125.09	32.29	127.72	28.60	20.30	46.93	42.10	41.20	10.74	19.00	24.42	31.07	0.00	32.25	36.77	9.71	30.69	38.85	30.30	42.59	155.25	109.07	6.80	130.89	22.20	132.25	104.12	72.37	73.84	51.11	37.55	43.89
64.12	79.42	58.02	68.96	78.84	82.17	77.01	88.48	68.04	69.27	75.58	36.79	124.44	126.14	141.54	130.46	166.54	173.42	180.59	164.54	0.08	164.27	50.93	53.03	78.15	86.14	80.85	25.82	41.29	45.79	0.47	28.20	0.00	33.69	30.23	48.86	56.99	0.12	53.43	186.58	153.51	30.44	189.64	15.23	140.78	127.82	95.94	112.55	85.66	42.65	70.65
43.83	55.47	25.15	58.29	54.06	59.10	47.79	63.03	53.86	47.76	56.86	18.63	123.02	99.12	113.34	117.67	153.56	129.70	144.47	137.75	35.03	123.04	26.88	29.58	54.80	62.57	52.48	39.48	22.10	31.26	41.75	33.58	34.87	0.00	45.45	28.39	22.12	43.61	12.46	140.81	126.06	43.15	165.82	45.35	144.97	92.44	63.71	61.40	65.06	0.35	58.11
40.77	51.49	60.83	52.00	56.90	55.61	53.00	58.54	53.82	54.60	48.08	27.23	104.16	119.19	129.12	126.13	153.50	147.96	126.87	141.72	25.97	120.59	39.99	35.98	58.36	55.27	50.17	0.38	29.67	32.12	30.14	10.50	26.65	38.94	0.00	37.67	50.88	25.84	50.42	150.26	112.59	3.63	163.27	14.24	118.38	90.86	79.69	75.66	53.30	45.50	47.85
23.42	30.86	23.36	32.23	37.44	32.55	26.84	34.66	34.89	22.91	26.62	14.82	78.70	83.38	92.16	93.89	129.32	108.84	112.99	111.96	49.32	106.25	0.18	7.89	27.07	31.42	31.09	38.45	14.61	9.43	53.19	31.86	51.34	26.95	38.16	0.00	17.27	58.77	23.50	108.71	91.09	33.36	119.79	51.26	102.18	61.97	42.88	42.62	38.93	24.00	30.19
33.67	40.10	5.39	41.16	46.97	45.43	40.34	40.60	43.13	30.85	39.67	23.32	95.31	92.58	75.44	72.06	119.25	119.19	113.07	110.14	56.37	108.09	16.54	25.79	35.86	42.08	39.78	58.50	23.29	22.18	63.82	47.63	55.60	24.77	49.96	17.09	0.00	57.36	16.32	118.01	88.49	47.20	120.28	61.03	101.95	59.28	48.11	45.64	42.55	20.81	42.67
58.04	69.26	58.08	71.82	68.98	68.61	77.91	74.51	71.91	78.19	65.71	38.85	149.75	148.16	152.80	156.15	168.04	184.62	192.12	170.08	0.17	142.33	56.98	51.43	85.27	82.14	67.41	25.16	37.54	46.24	0.32	33.37	0.14	39.84	29.93	47.41	57.01	0.00	56.21	178.46	141.92	31.06	182.22	15.06	167.89	119.29	97.20	92.49	87.18	35.41	83.46
52.34	46.29	11.71	52.55	52.09	60.59	48.38	61.89	52.18	48.14	55.59	30.18	116.73	115.45	84.49	91.36	127.86	155.16	128.27	126.11	52.56	145.61	27.28	34.05	47.89	49.93	48.51	54.19	27.01	30.48	52.56	40.88	45.73	12.11	48.91	23.63	15.99	53.15	0.00	131.20	112.00	46.89	130.48	56.79	121.05	77.77	58.49	67.52	59.20	13.54	50.35
92.09	84.47	133.35	103.86	88.18	82.62	84.64	86.04	94.12	109.50	88.82	140.97	42.29	44.33	64.96	71.72	0.76	1.53	1.37	11.28	161.38	9.24	114.09	112.31	91.40	101.74	80.70	152.27	119.26	122.47	155.69	127.30	164.56	140.34	142.37	111.15	111.85	169.93	152.28	0.00	37.10	138.88	5.61	163.47	9.74	73.09	83.42	73.81	96.17	154.89	83.11
79.38	75.52	88.39	75.62	61.50	66.38	75.44	57.78	71.48	63.65	64.10	107.04	4.00	6.23	33.29	32.67	30.22	33.52	36.41	29.56	143.53	25.49	83.98	103.20	73.42	67.81	65.24	108.79	99.08	92.53	150.02	127.05	126.51	111.76	127.36	102.40	84.05	146.19	98.60	33.59	0.00	116.23	37.62	127.48	28.55	44.20	45.35	53.79	70.73	119.79	72.23
43.78	48.60	52.96	44.39	44.65	53.99	44.25	58.00	46.51	47.75	44.34	22.17	107.65	121.89	110.55	125.50	154.41	142.48	135.45	132.92	30.44	144.16	36.63	25.42	49.12	50.72	51.09	4.24	24.52	25.92	27.19	6.45	33.25	40.60	4.18	37.92	49.91	29.14	52.91	129.00	129.45	0.00	143.43	16.57	115.80	104.10	74.34	88.93	43.82	35.45	44.24
123.07	105.75	145.42	99.29	98.70	84.54	89.93	88.61	102.47	102.03	104.95	137.51	46.39	50.14	73.83	71.55	5.18	4.66	4.44	16.76	179.24	16.46	120.82	129.34	101.70	85.71	90.34	146.36	149.15	124.95	156.73	151.20	156.18	142.33	132.64	118.43	116.05	182.94	129.78	5.64	41.33	155.72	0.00	173.44	15.18	78.74	98.80	90.01	96.67	164.01	109.53
59.25	55.96	54.05	64.62	65.24	69.26	71.32	63.27	57.69	63.09	59.90	33.83	145.51	118.50	120.46	115.85	178.99	158.05	167.66	135.48	16.18	134.18	51.21	45.51	69.93	74.83	65.97	13.35	33.12	41.99	15.72	20.48	17.48	41.56	14.63	50.86	62.65	17.20	52.55	152.50	144.88	16.53	155.95	0.00	135.96	123.19	90.72	89.67	73.43	43.32	61.39
88.71	95.88	115.69	91.71	81.91	76.76	78.21	80.21	74.90	88.81	88.56	117.46	28.72	31.31	56.29	62.62	9.97	10.07	12.70	0.34	155.27	0.24	106.87	111.86	86.87	74.69	91.27	127.10	128.87	111.04	178.66	118.02	159.39	147.40	139.73	125.86	129.01	154.36	135.95	11.52	25.99	146.24	17.28	136.38	0.00	80.22	64.11	76.22	87.09	129.81	76.71
58.07	53.38	66.97	49.62	55.04	59.61	49.94	53.38	58.53	60.33	64.85	81.48	41.38	36.89	22.11	20.34	80.51	82.00	76.73	80.30	128.54	70.80	68.65	78.92	57.79	50.64	56.63	112.55	77.13	77.96	126.15	102.98	121.54	94.55	110.07	73.57	69.88	122.08	83.27	84.39	44.64	99.27	85.06	113.51	81.03	0.00	23.10	20.88	57.32	86.90	55.70
43.21	32.33	46.72	34.50	36.14	33.20	37.13	28.51	34.93	32.96	31.99	67.98	41.77	38.70	38.41	38.83	80.32	76.54	79.50	68.96	108.82	73.24	46.71	47.88	32.19	34.93	28.28	76.81	62.16	52.59	93.59	63.50	94.09	68.54	77.89	40.86	51.49	93.22	56.78	80.51	50.44	87.38	77.53	98.04	76.71	22.37	0.00	0.62	35.92	73.33	35.49
45.46	30.67	50.03	35.26	34.90	27.27	31.49	26.58	32.66	31.14	36.37	66.61	46.58	39.40	41.73	34.89	87.72	75.72	73.00	68.30	96.06	69.82	53.08	54.11	28.78	32.73	30.77	86.92	55.72	56.85	104.24	69.80	93.06	67.78	75.63	48.23	49.54	93.19	66.43	85.28	49.01	74.42	88.51	88.14	80.36	23.86	0.70	0.00	37.43	61.25	32.24
12.64	11.27	50.30	9.40	4.07	10.44	9.33	13.72	8.10	14.65	7.50	43.06	73.47	62.84	69.88	80.03	86.83	100.95	91.92	74.61	78.83	84.85	40.45	29.92	9.78	9.63	9.82	50.16	48.54	29.08	84.37	44.26	78.05	67.63	49.74	38.58	55.11	85.04	61.79	92.50	62.27	44.21	84.87	62.86	73.99	67.32	40.87	39.45	0.00	58.67	5.94
43.35	51.04	22.75	56.07	59.87	58.35	50.19	62.01	59.07	56.16	58.84	19.09	100.63	117.42	94.00	107.35	148.47	128.45	166.84	149.67	38.66	119.42	27.59	29.78	54.63	51.86	59.61	44.74	19.92	26.58	36.53	37.59	40.82	0.35	42.59	23.39	21.20	41.56	13.21	129.98	108.13	45.55	165.52	46.84	128.30	82.56	72.67	59.87	56.79	0.00	61.11
11.47	4.40	51.38	2.13	2.24	4.05	5.04	7.89	1.75	8.73	3.34	44.12	61.11	59.15	76.02	64.29	84.96	89.12	103.34	83.49	86.57	78.56	34.32	30.33	5.00	3.11	4.26	51.13	37.62	26.43	82.92	44.67	68.28	65.25	56.49	31.16	47.47	81.77	50.49	89.37	72.27	46.55	107.35	62.20	86.17	58.38	30.28	31.20	6.44	63.53	0.00
~
Delivery quantities;
12 0 12 18 0 9 4 1 3 0 0 0 0 3 3 3 0 1 2 0 0 0 6 0 0 2 6 0 0 1 3 2 1 4 2 2 3 4 0 0 2 6 2 4 3 6 1 0 3 0 
~
Pick-up quantities;
0 6 18 0 48 24 0 0 16 4 24 30 20 0 18 12 30 0 12 12 4 12 0 18 4 0 0 12 18 0 0 0 0 0 12 0 6 8 6 12 18 0 8 12 4 12 0 12 0 12 
~
Vehicle capacity; 
100 100 100 100 100 
~

