Cost matrix;
0.00	11.35	15.26	0.44	15.03	25.34	11.25	11.34	10.87	11.32	75.15	79.59	88.26	73.52	84.88	82.97	78.16	89.64	75.82	84.76	25.94	38.06	53.06	16.29	78.19	52.90	84.21	100.75	61.29	85.42	70.08	38.08	44.03	17.04	19.36	15.21	13.56	112.94	96.73	95.29	100.78	91.71	104.15	43.07	43.95	41.98	28.41	12.27	24.74	125.26	82.56
14.57	0.00	0.61	12.51	4.33	17.87	7.06	4.75	2.81	0.61	57.36	58.35	65.22	60.70	70.10	65.37	71.55	64.64	62.11	63.32	33.13	40.67	59.14	23.87	66.96	34.05	66.74	87.44	57.03	61.55	57.07	56.60	52.80	32.46	29.90	25.89	25.46	101.16	90.54	78.38	106.37	82.33	111.58	48.27	46.09	48.10	17.15	2.41	21.55	95.40	77.93
14.99	0.47	0.00	11.81	3.53	20.66	7.39	4.37	3.45	1.31	64.72	61.18	62.38	63.08	67.33	62.18	63.44	69.14	62.62	70.64	30.08	43.65	53.90	25.74	63.59	40.70	78.77	100.91	47.43	57.48	65.09	58.48	48.19	28.80	30.39	26.41	27.22	111.72	97.72	97.64	97.91	83.50	102.03	41.35	50.60	41.59	22.06	2.73	17.72	91.99	69.36
0.48	12.37	13.70	0.00	18.84	27.40	12.05	12.23	9.42	13.76	67.53	70.10	79.97	88.77	88.57	83.02	79.23	79.98	72.87	76.33	24.67	32.00	42.27	15.48	68.26	45.07	89.70	90.87	57.98	69.30	83.32	39.24	46.30	16.12	17.00	16.25	13.21	121.24	92.60	108.25	107.99	85.61	101.27	34.95	39.82	41.71	26.63	12.74	23.75	100.65	93.69
17.23	3.79	3.01	14.91	0.00	21.94	8.69	7.03	7.27	4.92	66.89	65.77	54.76	71.62	61.34	68.37	61.59	70.41	56.99	67.72	29.30	46.72	62.20	24.32	57.42	34.18	73.13	81.23	53.55	57.36	61.57	50.49	58.72	31.60	36.03	32.79	29.61	84.63	78.37	72.91	88.95	86.90	106.54	50.13	40.00	43.77	19.97	5.73	22.27	95.05	60.25
26.06	19.27	20.23	27.95	18.15	0.00	12.54	16.96	17.68	18.42	68.96	64.36	65.84	63.27	67.33	67.18	68.70	66.44	69.93	73.10	42.82	63.04	65.26	39.26	58.70	24.96	69.48	78.65	51.79	64.60	72.43	51.44	50.80	39.21	31.29	31.99	30.09	86.69	91.06	89.88	100.61	81.85	93.14	66.55	58.85	70.68	0.60	16.58	0.38	92.39	61.21
13.91	7.22	6.45	11.23	10.19	13.81	0.00	2.40	5.64	5.35	63.14	57.97	69.79	74.59	72.63	77.41	65.08	74.22	73.11	68.02	35.92	48.92	57.33	25.90	55.46	33.76	79.79	78.83	60.85	63.11	76.81	48.84	52.78	32.24	26.18	27.68	23.06	92.70	92.57	98.32	98.35	86.14	96.49	51.50	43.86	48.26	14.35	3.95	13.92	90.64	64.30
10.97	4.62	5.24	12.33	7.56	13.94	2.09	0.00	3.46	4.29	71.07	61.17	64.77	63.28	66.15	71.72	68.45	74.41	59.13	74.19	32.34	46.43	59.89	23.51	54.57	38.83	74.46	84.69	52.02	64.15	76.64	45.19	52.10	31.95	23.73	27.49	25.26	106.96	85.46	87.59	102.19	86.84	101.36	53.71	53.00	44.13	17.96	2.29	15.49	89.70	79.42
10.07	3.04	3.92	9.19	7.00	18.40	4.81	3.39	0.00	2.67	73.28	67.83	68.00	64.30	67.16	65.75	65.93	77.19	74.79	60.45	33.52	39.85	60.13	19.83	58.46	37.07	86.09	91.75	48.62	75.18	64.61	45.93	47.79	28.50	24.57	24.77	20.28	90.15	99.80	94.14	113.91	85.93	96.05	38.98	48.55	44.03	21.66	1.61	19.95	104.84	70.75
11.25	0.60	1.38	13.05	5.04	18.87	6.11	3.84	2.60	0.00	63.61	65.16	73.30	67.67	66.17	67.36	64.11	64.70	59.87	59.37	32.95	45.07	52.53	21.89	68.64	39.94	82.08	99.01	48.07	73.38	58.33	56.00	48.54	27.12	27.84	26.25	26.85	92.77	86.13	93.43	86.70	94.14	103.46	42.23	45.86	48.50	21.05	1.86	18.02	92.28	64.25
70.63	70.52	64.68	66.56	54.09	59.80	67.99	64.40	58.92	60.51	0.00	4.94	3.88	8.75	9.99	9.28	9.98	9.54	28.42	26.61	81.81	80.01	117.39	92.23	34.81	38.65	29.81	33.18	19.59	27.26	30.11	109.45	110.40	86.23	99.31	87.64	97.84	37.55	35.25	27.12	33.33	22.77	42.45	89.83	101.37	94.14	65.81	59.76	58.37	39.35	15.23
67.91	67.36	60.55	68.64	53.80	53.06	71.04	70.91	67.18	69.79	5.34	0.00	2.97	14.09	14.84	16.34	15.69	14.17	30.35	32.92	99.69	106.92	104.78	76.49	27.43	34.57	21.45	28.52	24.24	37.28	30.50	114.43	108.68	80.67	93.34	84.00	82.65	34.03	33.09	28.59	35.71	25.70	38.97	96.23	108.89	91.61	57.81	68.67	64.40	37.29	11.36
75.68	70.54	64.98	86.43	64.44	71.15	63.77	71.81	71.13	58.21	3.87	2.65	0.00	12.13	12.47	12.31	13.35	13.53	33.47	27.96	98.80	101.82	130.40	90.38	26.74	38.38	20.37	34.20	20.15	31.05	34.32	116.91	126.58	93.78	89.25	89.71	102.42	31.70	29.59	26.74	36.20	21.16	35.57	100.43	100.40	87.47	55.82	70.58	63.50	31.33	11.68
90.96	65.32	73.13	75.39	66.01	70.91	61.65	61.34	66.56	61.52	8.96	13.65	11.74	0.00	0.69	0.48	0.33	0.18	20.82	22.16	85.85	89.59	118.18	76.70	37.23	49.36	33.47	39.65	17.37	18.95	21.23	133.67	129.71	91.20	101.54	88.82	92.40	38.92	47.05	22.15	36.01	16.45	36.28	88.92	104.84	101.31	66.79	67.29	63.61	39.40	23.02
88.09	61.42	64.92	71.40	59.55	74.27	70.84	77.42	75.87	66.83	11.25	17.38	12.08	0.68	0.00	0.27	0.95	0.50	20.46	20.52	85.51	89.47	101.26	94.53	42.02	48.33	36.55	46.08	18.86	19.37	23.18	112.77	110.91	87.99	108.99	100.29	93.70	36.51	38.77	18.39	34.03	18.30	44.00	95.97	99.03	84.74	66.85	73.40	62.36	38.84	23.19
78.46	69.11	63.55	76.42	62.84	70.88	69.60	73.55	69.91	67.61	10.31	14.49	12.09	0.42	0.28	0.00	0.75	0.25	19.11	18.57	95.50	87.71	102.90	84.92	44.74	48.24	38.54	42.11	16.65	18.87	20.51	127.32	129.85	98.71	91.29	90.64	98.99	38.91	46.67	20.72	29.86	16.52	43.13	106.72	98.72	96.07	73.39	76.35	64.44	44.51	25.41
74.37	64.14	60.75	78.57	68.91	64.62	62.77	73.59	78.94	62.84	9.01	13.93	11.93	0.36	1.01	0.72	0.00	0.55	18.50	18.78	98.55	98.88	100.90	76.41	40.47	48.62	36.06	40.00	16.57	19.29	23.04	105.78	125.16	87.90	87.51	92.99	81.04	38.76	38.93	21.75	31.61	16.20	41.45	108.48	85.39	94.10	64.30	66.70	60.36	41.83	21.01
70.60	64.52	75.65	87.47	61.05	62.92	72.08	72.49	72.43	71.88	11.17	13.25	11.67	0.17	0.50	0.27	0.47	0.00	22.88	21.57	96.34	85.93	110.35	93.03	36.04	50.29	33.17	38.11	15.59	19.12	20.14	122.99	112.43	85.98	105.56	83.41	102.47	34.45	39.01	18.84	28.99	15.85	39.91	99.81	87.85	88.11	68.11	75.67	73.53	43.37	26.76
86.63	70.70	57.67	67.43	65.60	68.61	61.34	66.90	69.98	57.73	26.52	37.42	29.71	21.59	19.75	19.58	22.16	21.95	0.00	0.67	77.76	71.89	112.43	71.74	60.12	56.41	50.30	55.37	17.47	0.41	0.57	124.76	108.64	96.82	89.88	100.47	95.65	56.88	71.27	32.90	47.54	29.59	61.01	83.83	83.60	71.81	72.93	62.25	69.32	53.82	40.62
74.82	65.53	64.16	78.38	67.57	64.26	63.42	63.59	73.43	68.14	28.43	35.52	32.84	19.94	23.08	20.23	22.34	19.74	0.66	0.00	90.75	88.50	115.40	82.16	64.09	52.25	56.14	58.09	16.87	0.26	0.12	104.35	121.06	99.36	83.90	96.13	85.02	60.15	67.22	31.31	46.10	29.29	62.65	93.74	73.52	81.08	62.23	70.68	63.93	63.66	41.90
24.37	31.41	29.28	24.92	31.96	47.82	31.90	28.68	33.46	29.18	97.00	92.49	86.92	99.92	86.65	99.43	98.31	90.24	73.21	89.38	0.00	16.87	22.62	8.41	86.85	71.32	92.11	134.45	79.99	87.20	93.36	32.69	43.97	9.72	32.00	33.03	18.72	118.19	135.21	113.24	109.60	122.86	113.43	14.68	20.69	22.11	48.60	33.13	42.15	115.81	92.24
38.81	42.40	44.30	36.28	40.29	59.61	47.45	46.68	36.03	35.72	81.30	85.54	85.03	92.75	88.87	92.38	89.22	96.85	72.80	79.28	16.10	0.00	20.11	21.24	98.13	79.09	118.65	110.45	82.90	71.83	80.73	54.45	60.92	22.82	45.36	43.74	34.34	125.72	120.49	121.16	124.59	97.16	128.43	9.90	5.53	5.82	66.72	37.88	55.62	127.45	113.53
52.94	57.98	61.76	46.26	51.86	64.35	51.96	51.33	48.80	49.83	111.22	122.91	104.91	102.31	115.08	118.53	103.19	104.39	103.62	101.97	22.18	24.82	0.00	37.97	115.20	101.83	144.78	133.95	102.60	102.94	91.53	44.31	62.22	26.93	47.24	45.11	40.49	142.66	158.67	128.09	152.62	132.83	148.42	13.14	21.75	25.59	72.94	61.59	73.17	140.90	114.63
13.98	23.01	20.62	12.88	23.94	36.83	24.74	22.57	19.34	23.67	75.42	79.34	83.81	87.34	85.28	85.09	90.72	83.88	77.43	78.69	8.40	20.16	31.11	0.00	83.37	55.11	96.50	113.43	69.01	80.18	73.44	40.33	45.13	9.24	25.20	27.11	14.55	107.99	110.19	99.83	127.14	104.13	114.96	26.22	28.62	29.56	39.31	25.58	42.92	121.28	93.59
73.29	71.38	65.23	73.08	52.90	57.65	65.57	69.02	65.90	56.52	32.50	26.84	28.08	36.06	42.29	40.74	44.58	45.58	56.17	65.19	102.47	100.27	126.08	79.00	0.00	26.55	15.71	32.51	42.03	64.72	60.90	110.45	97.73	100.49	73.52	79.55	79.74	45.39	28.29	63.38	51.52	45.23	47.50	100.24	91.45	93.12	45.78	61.51	45.92	40.77	21.41
51.84	40.75	39.77	48.46	35.64	28.11	36.47	35.92	41.91	35.04	38.73	38.53	37.54	44.09	42.75	47.66	50.56	47.92	54.74	62.71	75.14	75.53	91.03	55.97	22.19	0.00	43.28	50.86	44.01	57.13	55.09	77.23	87.54	61.63	65.67	57.67	63.44	73.92	53.82	63.93	76.74	54.05	59.10	83.51	85.51	73.19	24.82	37.19	26.74	57.36	42.70
76.92	67.75	69.19	82.32	66.15	73.64	82.64	72.53	81.35	71.13	30.25	21.21	25.47	36.69	33.36	35.93	36.04	37.06	57.53	60.06	109.18	102.26	141.86	88.84	14.41	41.88	0.00	16.81	49.71	61.95	61.29	122.26	123.40	106.33	97.45	99.09	94.44	35.89	16.31	41.76	40.80	34.46	30.01	118.64	110.62	124.40	58.01	85.30	58.27	23.86	11.22
112.10	97.48	92.71	93.69	92.79	78.57	93.00	88.36	94.98	97.91	40.91	35.86	36.94	37.05	44.52	41.92	39.59	44.36	66.28	63.00	128.95	128.91	160.60	104.16	27.72	58.06	14.91	0.00	52.49	61.98	57.17	127.03	146.83	119.37	105.23	115.63	126.68	24.79	0.91	50.47	30.79	38.68	16.52	134.21	123.70	142.90	76.05	91.15	71.87	14.79	22.82
69.34	53.01	56.79	61.48	46.41	49.08	61.58	53.28	48.95	54.69	17.33	23.64	23.75	16.56	16.87	16.55	17.14	16.50	15.31	14.85	72.55	77.83	87.82	62.53	43.09	41.90	39.05	58.64	0.00	14.95	17.16	98.89	114.59	75.72	73.97	73.51	77.01	48.74	55.75	32.50	50.64	39.11	56.36	74.68	69.55	84.50	49.08	49.79	58.06	61.37	36.40
73.98	65.14	66.09	81.34	60.97	66.94	73.93	72.08	75.30	58.25	27.48	30.68	30.28	20.14	19.57	19.86	20.14	20.24	0.35	0.25	73.82	87.76	113.90	87.81	57.13	63.46	51.09	60.12	15.43	0.00	0.17	104.50	134.79	97.14	103.45	86.93	92.33	53.80	68.70	29.47	47.06	32.73	60.81	99.67	74.03	78.34	72.98	63.77	64.46	61.50	44.83
74.60	72.17	65.50	67.32	62.23	69.05	77.76	73.56	64.20	69.90	29.75	37.34	33.50	21.80	21.93	23.27	18.21	18.88	0.54	0.13	79.18	76.82	111.49	85.31	53.51	50.19	60.33	57.32	18.03	0.19	0.00	114.81	110.17	95.40	98.47	99.93	84.87	61.17	65.60	25.81	44.67	33.81	54.12	99.95	78.65	82.16	75.70	67.56	77.59	61.70	44.87
40.94	56.96	56.42	42.25	55.73	50.14	56.18	52.49	49.53	49.52	129.51	110.62	116.61	130.36	120.08	110.53	109.05	104.57	126.70	121.23	38.56	44.31	40.26	35.67	103.49	84.02	140.17	149.65	102.52	127.42	105.09	0.00	18.60	25.61	28.69	29.38	29.48	159.70	140.81	146.72	163.59	134.19	160.19	49.11	50.23	53.53	61.25	47.63	53.86	130.54	110.19
45.09	54.91	58.44	39.57	63.46	54.72	48.09	49.31	53.85	51.17	99.90	128.37	110.28	108.73	114.31	127.08	126.60	112.81	125.58	123.39	52.42	58.27	61.53	50.14	97.60	77.14	108.14	140.12	98.64	113.89	133.23	16.78	0.00	37.73	26.08	24.68	35.55	133.69	149.36	150.23	151.01	119.33	140.94	64.88	60.94	64.04	56.45	49.73	50.94	128.06	116.50
19.03	25.90	31.84	16.28	31.49	37.82	30.14	27.51	25.77	31.69	85.25	95.83	102.21	91.69	97.62	90.43	91.47	106.35	84.78	95.42	8.47	26.60	31.74	9.18	94.13	65.01	96.61	116.37	71.77	99.14	94.20	28.92	40.55	0.00	21.37	21.87	10.83	119.66	128.60	110.81	128.73	111.05	138.70	23.20	30.20	26.74	40.71	29.98	41.80	143.25	102.15
16.76	31.79	33.43	15.67	31.02	32.74	28.36	25.12	24.18	29.85	89.19	86.90	100.32	105.80	94.80	99.04	92.95	101.11	105.38	84.92	31.05	43.07	48.23	26.04	84.46	57.84	103.14	106.27	80.55	89.51	99.02	23.54	24.90	24.45	0.00	0.56	11.27	122.64	118.38	124.94	115.54	114.53	126.20	43.05	57.89	55.38	34.88	25.28	32.65	127.17	110.13
16.82	29.58	31.13	15.70	30.18	33.70	22.20	27.98	23.03	27.19	79.11	80.09	94.55	97.27	94.69	92.93	92.56	87.04	97.38	87.41	32.42	50.48	46.37	22.48	85.26	61.07	87.45	107.78	81.35	94.13	82.02	28.29	23.43	23.01	0.55	0.00	10.87	129.98	108.87	101.62	122.42	123.89	122.85	44.15	48.79	57.96	36.13	25.92	30.03	110.67	105.48
11.09	23.23	23.09	13.45	33.23	36.86	23.43	23.11	22.66	22.26	93.57	97.44	100.11	101.69	104.49	97.02	83.46	100.35	93.92	96.17	22.75	37.93	39.96	15.94	89.97	58.88	88.94	117.74	83.86	89.75	97.86	23.92	31.96	12.60	9.02	8.97	0.00	138.16	112.20	124.79	122.03	118.89	130.42	36.70	39.17	41.91	30.83	25.52	37.24	116.66	107.29
119.06	95.79	106.73	118.85	105.89	97.51	93.70	110.97	104.53	93.39	33.97	33.12	37.07	33.67	36.94	35.63	38.09	33.71	54.40	51.10	128.75	134.42	139.82	113.11	54.17	74.07	32.26	26.11	49.74	57.57	57.52	164.76	154.41	116.42	126.75	119.34	113.30	0.00	26.81	31.12	11.79	23.61	12.62	131.96	139.56	115.19	86.34	107.65	84.70	10.04	27.67
100.34	83.58	85.90	112.92	85.79	79.16	90.93	95.03	86.65	97.31	38.04	36.28	32.85	38.79	45.70	42.46	43.01	42.41	60.74	58.02	123.20	114.82	146.32	123.72	30.48	54.08	15.60	0.89	50.68	60.95	66.69	138.13	130.49	133.15	106.26	105.75	129.22	24.09	0.00	47.29	35.01	36.47	14.32	137.18	123.32	118.97	88.60	83.94	77.83	13.81	23.25
99.21	97.89	80.72	94.75	81.46	97.66	82.45	81.69	80.45	98.49	26.72	30.67	30.25	21.73	18.01	19.67	17.92	21.08	26.24	31.75	114.47	120.25	139.38	106.61	56.52	65.41	45.20	39.99	34.40	26.04	28.91	126.55	132.44	111.41	105.46	121.96	118.38	28.67	47.00	0.00	16.39	9.29	36.72	116.62	107.20	106.24	88.58	98.11	99.82	39.52	37.30
117.56	104.00	102.50	107.20	91.04	108.97	97.49	102.60	98.20	100.44	32.06	38.64	29.79	28.98	29.41	31.78	36.45	31.83	43.31	52.52	127.81	136.89	136.21	128.17	51.25	69.23	39.84	36.09	48.36	52.58	45.40	157.21	156.33	129.53	137.96	140.93	115.95	11.51	34.15	18.06	0.00	16.41	25.42	137.94	140.86	114.75	106.24	94.99	102.54	21.03	33.85
96.85	78.47	84.66	95.40	77.23	73.62	80.49	77.34	96.24	86.98	23.13	22.87	23.43	17.02	16.79	16.96	16.05	16.70	35.85	35.82	97.65	112.59	148.13	98.00	43.10	57.66	39.96	38.74	37.11	34.40	33.53	120.49	151.53	125.08	100.33	107.49	102.68	21.79	38.09	8.97	13.67	0.00	30.30	120.98	109.10	110.72	83.03	76.42	75.40	26.80	24.13
121.90	93.35	106.25	119.34	97.66	100.35	100.18	93.75	114.58	95.18	34.44	37.47	39.41	46.30	36.27	37.18	46.41	39.58	68.69	55.40	137.95	116.78	142.62	122.01	47.28	74.07	28.46	15.98	56.97	63.33	60.02	162.48	158.25	123.51	110.97	116.85	125.95	11.25	13.50	32.78	23.44	30.95	0.00	121.27	147.73	142.62	90.54	95.53	103.28	0.07	29.56
41.92	42.90	45.79	37.42	43.85	60.56	53.50	53.25	48.23	48.30	95.00	94.32	109.73	103.97	99.87	89.50	100.61	102.67	91.40	89.85	16.71	8.16	14.80	26.08	105.45	86.64	118.08	124.42	77.29	87.56	99.00	43.80	63.33	24.54	50.22	44.13	31.18	121.79	122.02	112.52	123.35	118.39	153.12	0.00	12.91	12.03	63.87	50.54	56.38	129.32	111.06
46.43	50.84	48.06	41.96	46.57	58.36	51.90	47.82	49.81	50.77	92.71	101.99	94.13	105.66	105.75	91.11	86.29	104.83	74.24	75.02	22.54	6.03	20.86	26.51	109.35	70.97	101.72	121.70	76.90	75.56	74.44	57.13	62.66	29.95	57.79	46.33	43.80	123.01	129.24	95.45	134.75	101.55	120.04	12.52	0.00	0.38	70.91	45.06	72.07	119.54	96.00
44.08	46.96	42.92	37.79	40.18	61.33	44.43	50.61	44.74	49.89	92.96	103.63	88.56	89.26	89.09	102.30	97.26	88.67	80.58	90.40	20.92	5.51	21.24	24.60	100.03	82.35	125.77	139.33	73.64	80.95	75.45	48.05	69.77	27.92	57.94	44.86	45.04	142.25	134.24	121.82	131.29	119.05	116.60	11.96	0.34	0.00	62.91	51.80	65.20	119.47	103.19
22.82	21.72	20.51	26.48	18.85	0.65	12.38	17.36	18.18	20.56	63.02	57.02	70.55	72.47	70.79	61.59	64.61	59.62	73.58	67.37	41.97	58.09	64.63	36.98	52.11	24.88	58.18	89.86	49.62	62.82	76.30	52.97	53.70	41.60	33.45	27.98	38.68	93.30	83.31	93.56	104.95	79.18	82.07	56.98	70.27	58.30	0.00	17.38	0.45	82.41	72.51
11.61	2.61	2.79	12.59	6.66	15.93	4.34	2.17	1.64	1.82	67.26	62.58	73.84	76.45	73.18	70.14	77.57	75.84	70.62	66.51	28.00	42.51	64.00	25.02	60.23	38.43	73.88	86.14	57.08	60.64	72.68	51.70	50.38	32.15	25.46	29.75	22.92	111.69	94.61	79.20	113.29	88.82	108.63	46.26	49.82	43.95	19.45	0.00	19.61	88.96	80.13
26.81	19.35	19.19	24.62	18.67	0.40	13.92	17.61	20.05	18.71	60.48	58.14	67.59	64.00	76.79	64.48	71.35	70.08	73.06	71.76	43.55	58.22	65.38	43.62	51.18	28.20	59.85	86.56	61.76	73.73	64.18	52.54	55.38	44.72	29.31	29.47	32.66	105.53	84.40	86.00	107.61	82.16	103.73	56.65	69.29	71.70	0.35	15.62	0.00	80.45	59.00
100.86	95.36	103.02	109.15	104.49	102.66	96.96	89.15	114.55	103.33	38.71	31.31	36.05	42.24	46.31	45.09	36.72	40.11	68.12	54.67	123.63	130.99	146.27	111.07	44.10	67.72	30.46	13.14	59.59	60.58	60.34	130.26	157.31	121.89	117.50	121.00	139.40	10.32	12.71	38.31	20.65	26.02	0.08	132.64	123.65	133.50	104.14	102.45	80.87	0.00	25.64
90.93	66.94	79.53	83.20	67.58	72.26	68.42	67.72	80.32	74.49	14.85	12.10	12.58	26.02	23.04	26.56	25.95	26.28	42.18	39.41	110.77	102.06	127.62	101.96	21.41	39.94	12.62	21.16	32.18	41.11	45.87	134.86	104.43	112.47	94.00	97.18	97.84	30.71	21.91	32.51	37.61	23.97	29.22	105.51	120.73	101.58	61.09	77.01	60.66	26.37	0.00
~
Delivery quantities;
0 0 18 4 10 5 1 12 1 8 6 0 1 1 2 4 5 1 0 0 1 1 3 0 2 0 0 3 0 4 2 1 2 6 3 6 0 0 0 2 2 2 3 0 0 2 1 2 1 0 
~
Pick-up quantities;
12 18 16 0 0 20 24 12 24 4 8 16 4 0 18 12 0 0 12 8 0 4 0 12 12 18 8 18 4 0 0 12 0 4 0 18 18 4 18 12 4 12 6 6 6 18 0 8 0 8 
~
Vehicle capacity; 
100 100 100 100 100 
~


