Cost matrix;
0.00	9.88	19.22	18.12	9.14	14.27	14.50	13.95	12.71	74.73	10.38	78.18	18.83	77.14	77.43	67.72	109.47	93.43	98.27	48.66	56.41	29.27	48.76	44.37	42.96	52.20	41.45	48.72	42.11	64.19	65.07	41.99	101.69	111.94	122.28	74.56	109.81	50.34	31.68	35.92	36.59	26.35	43.51	24.39	16.22	12.57	27.68	15.25	15.90	44.85	18.69
8.19	0.00	10.54	11.05	0.78	10.30	8.96	7.34	4.58	74.12	3.40	68.71	10.47	68.34	62.31	67.53	96.90	76.93	82.59	37.35	39.21	22.91	45.44	43.69	59.74	55.11	58.25	45.92	30.34	59.71	53.47	35.88	95.99	92.00	99.67	84.76	91.08	38.75	40.68	39.05	44.62	23.29	41.67	18.39	9.25	3.16	19.43	10.92	9.22	35.07	8.99
20.99	11.11	0.00	6.26	9.89	15.09	16.11	10.44	11.13	64.91	8.96	74.16	14.18	55.19	59.13	56.93	93.81	79.00	90.56	33.94	37.76	15.62	46.26	47.31	59.43	63.57	54.68	40.17	22.95	48.89	49.26	22.05	86.61	76.78	80.12	65.22	77.22	30.86	47.25	41.51	55.38	32.21	53.24	22.70	12.85	9.54	16.42	12.36	15.00	23.59	13.34
20.29	10.04	6.23	0.00	9.68	12.74	10.62	5.98	7.71	60.43	13.25	61.33	7.00	54.03	57.84	50.74	87.43	83.87	91.27	36.30	29.53	12.16	35.66	36.88	54.78	72.96	61.39	53.04	30.86	62.64	53.56	26.39	75.55	85.51	85.98	64.99	89.94	34.52	53.32	53.29	54.04	30.86	41.01	17.54	7.66	7.95	10.53	7.26	11.92	25.40	7.79
8.32	0.67	8.37	9.47	0.00	11.09	10.85	7.76	4.28	74.61	3.59	66.49	9.34	58.03	77.60	66.73	98.24	95.74	103.09	40.41	37.10	19.73	48.68	43.01	52.13	53.96	50.06	53.43	34.05	55.26	58.00	31.27	76.09	89.60	103.26	81.30	82.23	41.51	36.12	48.24	46.27	27.00	41.31	19.12	11.78	2.55	18.98	11.15	9.10	34.15	10.76
13.64	9.93	15.24	11.03	11.51	0.00	0.33	6.04	6.52	65.32	12.66	69.67	5.26	57.47	76.10	70.55	101.71	78.11	96.99	39.85	45.22	25.21	33.05	38.79	65.42	69.21	60.34	61.46	37.59	61.26	54.94	41.63	87.46	88.88	88.11	80.06	78.76	41.99	46.09	47.16	49.51	17.21	32.61	11.51	5.50	6.83	20.76	6.06	0.44	36.33	6.24
13.70	10.75	15.40	12.78	10.76	0.36	0.00	5.13	5.59	55.95	13.30	63.36	5.04	61.53	67.68	60.03	99.05	90.07	98.21	45.70	45.89	25.30	36.48	35.35	63.71	63.04	58.40	55.09	39.74	68.32	55.42	36.84	72.86	97.36	104.03	81.37	82.87	38.04	48.10	50.50	47.33	15.20	31.55	11.91	6.20	7.13	20.87	5.40	0.13	38.27	5.73
16.31	7.84	11.42	5.97	7.98	5.89	5.98	0.00	2.70	57.74	9.90	58.05	2.76	68.10	58.74	69.93	85.00	78.95	91.93	36.32	32.80	19.66	36.36	38.43	67.31	73.85	56.12	50.70	38.01	68.52	62.73	33.13	72.55	92.59	108.95	76.33	73.86	40.09	40.49	50.75	52.04	22.56	40.92	15.68	3.02	4.69	15.05	3.03	5.26	31.66	2.94
13.20	4.19	9.72	7.91	4.43	5.30	6.41	2.74	0.00	64.26	8.25	60.53	5.23	70.36	67.34	59.45	93.75	79.85	99.66	36.67	34.92	22.03	35.61	36.15	63.75	66.70	54.86	47.09	30.71	57.79	51.01	33.57	89.18	84.78	93.93	67.99	94.95	43.95	45.72	43.98	50.71	24.74	43.24	18.06	5.75	1.71	20.09	4.99	5.44	33.01	5.91
66.98	62.04	66.39	53.04	63.58	66.31	65.95	64.13	57.90	0.00	78.06	14.16	52.75	34.08	34.97	27.96	29.44	23.10	26.78	31.16	32.41	50.67	40.73	37.29	105.32	109.03	107.17	86.59	58.91	104.70	74.63	59.25	19.58	49.18	53.33	24.11	25.87	27.85	102.88	100.53	100.60	62.51	50.22	51.07	60.39	59.51	48.30	54.96	62.23	59.65	55.21
9.54	3.83	9.99	13.11	3.51	15.41	13.19	10.20	7.38	70.37	0.00	76.79	13.81	73.59	69.86	60.88	87.62	85.91	90.91	39.96	38.88	23.81	44.33	50.88	51.76	52.81	51.57	47.86	33.22	51.17	59.38	30.90	91.98	92.40	98.42	68.18	81.03	41.12	34.87	39.95	47.23	32.51	44.32	26.14	14.95	5.99	22.90	14.37	14.90	33.30	12.09
82.06	76.28	72.92	69.41	66.32	57.11	70.62	56.96	69.25	14.29	73.31	0.00	61.99	42.24	48.81	44.22	35.34	31.89	31.31	42.83	46.68	59.73	37.03	31.42	135.15	116.44	118.33	91.02	68.40	106.89	83.69	78.78	17.39	72.10	75.32	37.40	28.06	37.95	98.85	124.66	112.52	56.13	54.25	59.74	59.68	71.99	45.22	60.63	65.30	66.15	61.77
16.29	11.07	14.38	6.43	9.69	5.57	5.25	3.05	5.12	61.92	13.55	67.78	0.00	52.12	71.33	64.58	79.46	76.71	80.94	31.55	32.48	17.78	31.62	30.36	70.26	66.83	57.05	50.57	30.70	55.73	52.01	33.10	70.21	96.73	99.20	76.50	85.72	32.60	52.15	47.04	49.56	23.35	38.21	11.81	0.21	7.74	12.91	0.14	5.70	30.75	0.33
72.39	61.13	54.99	61.51	64.94	73.23	60.79	57.94	67.55	31.51	69.15	45.75	61.13	0.00	5.40	8.23	46.39	32.68	35.72	20.82	21.97	46.35	56.45	65.03	104.93	88.63	104.83	57.40	48.51	68.88	41.88	46.61	52.65	26.23	32.54	17.51	37.41	24.79	98.10	106.77	112.24	77.53	73.61	63.87	54.09	69.07	48.94	64.01	66.53	39.70	62.87
81.87	66.41	64.09	56.13	73.36	76.61	63.82	62.91	62.08	31.09	71.97	43.62	58.59	5.71	0.00	8.17	34.45	31.36	35.43	31.86	26.93	44.99	63.19	63.23	113.29	103.24	130.01	69.53	47.21	85.87	44.63	42.64	48.17	24.54	32.93	16.55	31.66	28.91	98.70	103.73	110.44	81.26	71.56	56.98	68.18	64.52	53.45	71.15	73.91	50.31	71.47
73.98	63.31	56.49	56.57	72.48	63.82	58.44	68.83	63.92	25.95	75.89	36.64	53.43	8.81	8.07	0.00	33.77	22.82	29.84	25.14	24.94	46.89	58.59	63.78	124.72	95.06	120.96	73.18	50.39	79.82	49.93	46.38	44.58	31.51	40.05	10.85	28.84	27.00	94.34	92.27	124.01	81.97	70.30	55.48	61.98	62.73	52.84	67.17	72.39	54.25	61.05
107.30	108.07	97.75	83.80	87.42	95.31	81.69	82.55	99.38	35.75	104.81	41.67	87.77	38.66	36.10	37.01	0.00	10.22	4.74	51.39	59.12	80.68	75.30	77.90	130.77	147.66	141.34	90.59	91.21	126.15	69.27	85.13	20.63	44.24	38.20	20.57	9.17	59.53	132.70	136.97	143.21	92.08	84.89	75.85	87.58	81.66	68.05	87.54	83.33	85.70	91.85
91.53	76.64	82.81	70.56	87.25	73.17	81.55	88.18	76.51	24.07	87.34	32.12	69.79	30.11	34.49	23.12	11.03	0.00	5.99	40.60	47.56	70.14	69.14	65.74	145.54	114.96	135.14	81.71	80.74	100.96	63.14	77.87	16.95	39.73	40.68	13.52	5.06	43.73	110.22	135.84	122.35	74.99	76.57	67.04	80.40	71.87	65.23	66.81	74.46	79.41	83.53
100.27	93.60	93.91	82.83	90.56	78.57	76.67	78.82	99.78	28.30	87.85	35.90	87.38	34.42	31.75	31.69	4.47	6.44	0.00	57.67	57.71	79.98	66.55	61.25	125.16	149.59	148.72	106.97	70.63	114.80	77.45	73.62	20.59	43.22	43.55	19.57	4.98	54.51	142.00	118.01	125.94	95.66	77.97	84.03	93.16	82.45	78.50	77.88	96.27	79.78	74.29
47.51	45.05	38.01	32.41	38.29	45.89	44.68	36.38	40.05	27.48	46.23	45.32	34.07	21.32	26.70	27.06	48.60	43.09	52.15	0.00	0.40	22.12	41.08	42.41	80.29	76.36	87.65	47.45	31.85	74.17	43.64	32.08	46.95	54.77	60.10	30.06	54.29	0.23	73.40	70.38	85.37	53.19	59.35	39.17	32.98	42.58	20.20	37.10	44.26	28.44	39.20
55.40	42.47	36.91	32.88	41.99	40.80	40.15	34.46	40.36	35.02	47.97	36.37	35.30	21.06	25.86	24.42	48.92	40.24	56.45	0.41	0.00	18.35	40.19	36.30	101.05	92.15	83.47	50.87	29.18	67.68	37.90	28.98	56.21	46.49	55.40	34.83	46.83	0.67	78.53	69.96	92.39	51.65	56.98	33.03	37.50	43.58	22.17	37.28	44.86	30.62	34.11
34.24	20.78	15.71	13.69	22.17	25.77	22.63	19.41	22.49	46.74	21.74	55.33	18.60	41.19	50.19	46.73	69.97	64.55	69.16	20.16	21.23	0.00	42.54	39.88	74.08	67.83	74.62	40.48	17.41	58.09	35.55	19.61	76.60	64.69	77.75	61.35	70.01	20.86	59.63	61.00	69.31	40.87	44.84	26.67	18.23	18.99	9.50	18.99	21.59	21.18	20.19
52.06	41.87	46.18	40.15	38.43	34.14	32.07	41.27	40.74	40.09	52.70	40.37	34.74	68.24	65.03	51.73	79.24	57.49	75.12	37.46	41.02	45.49	0.00	0.29	87.01	111.61	97.22	89.67	55.86	87.34	69.45	53.82	59.78	81.23	99.16	60.62	70.15	39.16	70.90	79.75	75.18	24.40	16.71	24.41	32.97	37.00	30.87	36.09	31.37	58.50	30.79
50.01	41.25	49.91	42.37	48.19	37.19	36.50	39.98	37.25	42.64	43.84	39.66	31.08	62.84	62.21	62.32	80.83	62.16	69.28	44.50	42.22	39.76	0.33	0.00	88.93	111.98	82.68	90.75	57.63	87.10	79.95	61.29	47.98	77.05	100.29	53.78	59.65	42.76	77.55	78.13	73.20	26.21	14.99	24.47	29.28	45.81	30.28	37.11	29.97	54.46	35.28
53.45	57.39	65.38	58.85	55.24	69.28	60.98	62.82	53.51	124.93	51.83	120.19	61.03	113.48	118.89	120.06	144.66	131.20	133.71	81.41	97.28	63.36	95.25	92.69	0.00	31.62	9.04	72.90	62.46	50.89	76.54	70.54	132.73	126.20	152.26	132.66	128.84	87.81	20.60	14.54	40.94	71.66	99.77	78.90	56.32	49.84	69.25	57.90	69.17	60.39	57.94
52.98	63.10	53.96	57.08	67.16	75.06	63.08	60.66	64.11	103.41	50.51	123.70	64.82	114.27	96.54	110.58	132.64	121.29	132.10	98.64	88.06	78.73	102.82	110.76	29.35	0.00	42.12	41.57	64.52	32.10	75.79	54.87	137.24	124.15	113.22	127.54	144.79	88.77	45.80	23.27	67.45	95.16	95.87	78.36	73.54	57.10	77.63	73.24	61.85	52.11	64.89
50.14	52.45	52.66	54.02	56.65	58.73	64.42	58.39	60.39	123.31	53.36	133.18	62.15	125.94	133.07	127.53	164.69	120.08	155.22	104.95	101.81	69.19	94.50	100.52	9.20	43.10	0.00	69.17	65.29	70.86	85.00	76.21	150.80	134.35	153.94	133.22	146.61	100.37	14.06	20.35	29.76	68.53	79.55	70.08	69.91	48.66	69.72	67.56	55.87	79.51	60.50
56.90	43.61	40.26	43.30	45.50	61.93	52.11	58.37	49.89	74.29	52.44	88.78	49.22	59.86	68.39	73.23	99.04	96.99	96.97	56.07	54.59	40.08	85.70	72.35	67.39	45.02	74.69	0.00	23.57	14.71	21.86	24.07	103.85	72.46	83.69	78.07	93.58	52.20	70.48	50.94	81.90	68.60	91.09	60.20	60.15	47.84	54.73	54.60	54.55	22.66	55.08
43.68	34.88	21.33	27.52	31.99	37.89	40.89	31.54	33.72	67.62	28.52	76.96	31.14	44.03	53.12	52.38	81.11	78.49	80.11	30.92	29.79	17.48	64.98	60.20	60.18	55.23	71.63	24.49	0.00	40.91	21.55	0.36	76.96	68.81	65.66	65.98	87.35	29.16	57.41	57.99	83.58	53.08	60.02	41.32	38.21	35.92	30.38	31.20	38.08	0.18	31.40
57.84	54.32	55.91	61.18	56.60	71.11	58.79	65.54	57.55	91.98	48.42	108.79	68.68	78.45	85.97	76.73	117.89	107.34	109.34	63.56	68.98	47.69	89.05	91.33	52.40	32.45	59.33	14.86	35.85	0.00	43.35	35.33	116.37	96.21	100.05	87.56	105.36	62.86	61.31	47.44	73.12	82.81	94.18	66.09	70.16	59.24	67.19	59.79	70.38	40.28	62.50
68.16	63.37	46.98	52.18	63.14	65.34	63.02	56.33	51.40	61.83	50.72	85.01	63.44	40.74	46.82	46.15	71.83	65.42	70.91	35.75	38.22	39.25	84.43	80.53	96.53	62.55	88.13	27.17	20.80	43.52	0.00	21.33	78.53	50.45	57.01	58.23	83.07	37.87	91.83	76.93	106.83	68.52	88.56	60.39	60.24	49.51	49.68	61.36	59.98	20.35	58.44
38.95	29.39	25.25	25.23	30.18	42.29	39.58	37.70	32.99	64.63	32.92	75.45	32.82	48.54	43.01	51.99	74.48	70.84	74.91	32.44	30.88	20.30	57.92	54.54	76.57	56.08	66.20	21.78	0.36	38.49	24.97	0.00	73.55	60.26	76.11	57.86	84.44	27.22	60.19	60.13	70.84	60.49	62.85	39.03	38.48	35.95	29.97	35.79	40.93	0.42	38.30
96.23	82.00	72.84	77.49	97.22	87.77	87.12	82.54	77.10	21.71	80.36	21.23	68.44	46.01	49.74	36.15	25.91	18.37	23.11	52.17	49.19	65.48	50.88	58.44	144.72	124.35	139.13	105.67	77.27	119.26	74.96	81.16	0.00	66.57	65.70	32.97	17.00	58.51	125.89	117.43	128.42	89.56	68.18	69.06	84.34	92.63	73.85	79.01	82.55	82.92	67.80
99.59	89.35	82.58	88.34	83.92	83.41	91.14	87.29	96.85	48.83	95.19	73.61	86.78	25.32	21.67	35.13	45.36	42.02	40.42	48.61	52.69	74.19	87.57	92.87	136.75	112.75	123.17	67.82	72.08	93.03	46.60	66.61	62.62	0.00	11.06	35.55	42.53	54.63	128.03	113.78	128.52	99.77	116.08	89.20	88.80	83.43	80.47	93.57	102.86	58.10	94.32
115.35	105.24	89.67	88.39	88.69	102.91	93.37	86.40	105.84	66.64	90.90	68.64	93.45	33.66	28.82	36.34	43.04	47.91	46.27	59.64	53.73	77.36	93.17	100.74	138.92	144.07	145.71	76.73	71.94	102.85	51.59	66.68	69.70	10.23	0.00	32.99	41.73	60.17	130.52	121.01	150.10	105.67	103.95	85.24	87.28	111.73	82.22	93.57	94.90	68.39	85.67
80.09	76.54	66.07	69.55	82.21	69.46	74.67	78.93	79.03	24.38	74.15	35.54	69.16	16.79	15.58	11.43	24.21	15.17	18.66	33.69	31.37	50.19	62.76	64.26	111.76	115.11	140.26	88.62	62.35	93.62	54.67	62.80	27.91	37.18	36.46	0.00	18.10	30.75	101.25	102.47	136.59	79.26	79.20	60.53	59.26	69.26	48.13	74.51	72.10	59.14	64.68
90.67	97.46	83.62	72.48	93.48	76.51	90.78	74.03	82.36	22.72	102.09	28.77	72.83	41.34	38.58	33.31	7.74	5.57	4.12	49.49	47.93	72.02	57.52	58.22	143.59	129.40	126.67	107.44	75.23	126.19	85.75	84.70	15.85	46.72	51.27	18.64	0.00	49.96	137.98	129.73	140.29	81.29	88.07	70.67	71.29	80.00	75.37	70.42	93.93	79.05	89.91
51.85	39.07	32.09	35.56	43.21	42.03	44.38	33.42	41.78	30.76	40.56	41.27	31.99	25.21	29.73	23.58	54.09	43.47	46.69	0.23	0.62	19.10	41.87	42.75	85.99	78.10	82.24	46.91	27.33	69.57	36.82	30.83	50.09	51.40	61.97	33.35	43.72	0.00	81.15	80.52	84.47	51.42	60.48	38.24	34.99	37.37	23.67	35.05	41.72	29.18	38.31
27.15	34.53	38.66	43.43	38.36	44.97	44.45	40.20	40.13	110.76	32.19	104.40	45.39	104.95	95.35	96.77	144.39	111.79	143.00	75.49	78.19	51.79	79.03	82.71	22.76	46.65	14.01	66.92	53.21	54.14	89.81	52.73	112.92	135.22	129.07	106.72	120.72	83.08	0.00	18.92	25.17	47.67	65.46	59.81	44.68	44.37	56.88	41.97	47.66	67.59	51.46
42.21	44.18	44.24	50.52	44.12	57.70	55.89	52.82	49.62	104.73	40.56	126.14	52.83	108.46	113.94	101.86	117.55	133.32	119.31	84.57	81.11	63.91	81.53	85.95	15.48	23.01	18.13	45.86	53.93	40.35	70.96	47.21	139.82	122.30	129.45	101.95	124.26	73.30	21.50	0.00	41.80	62.06	74.08	68.58	56.11	50.14	65.31	46.53	56.46	48.65	47.83
40.99	53.53	53.90	56.82	42.94	46.41	50.17	58.59	53.21	96.00	42.57	105.41	55.06	124.34	132.86	128.81	150.22	146.66	152.60	81.18	90.77	69.33	79.56	67.34	42.03	64.64	34.59	79.85	69.25	85.27	104.47	68.37	120.23	133.41	162.01	128.17	126.86	87.87	22.77	46.65	0.00	43.06	59.94	57.88	49.69	54.35	61.52	51.60	50.05	85.57	49.80
23.22	28.07	33.27	28.55	28.14	19.08	17.20	23.39	20.75	57.01	32.49	65.77	21.07	67.47	69.93	78.77	105.33	78.22	87.52	57.72	47.90	43.14	27.75	25.33	71.34	91.90	70.29	70.77	51.40	89.64	82.98	56.77	79.66	98.27	104.12	87.25	83.41	56.90	53.84	69.70	50.04	0.00	18.32	12.98	22.53	25.28	29.54	21.18	18.63	61.58	19.24
47.58	42.24	47.33	45.97	41.72	34.09	33.63	41.57	43.72	62.12	49.77	53.05	39.59	71.91	73.96	68.83	84.56	74.66	91.36	58.82	58.43	52.58	16.08	16.30	88.65	96.36	77.93	85.09	72.80	106.46	78.09	58.73	75.98	90.00	99.33	66.85	73.53	55.01	72.95	81.01	65.87	20.15	0.00	23.90	32.28	42.36	44.19	34.04	35.79	64.14	31.58
24.78	18.44	26.74	19.26	19.89	10.26	12.72	12.50	18.05	57.66	24.14	50.11	11.20	66.70	65.32	64.69	78.47	80.46	72.02	38.96	40.00	26.99	23.91	23.15	70.99	70.32	75.74	66.95	46.89	67.06	66.41	46.38	70.96	95.55	100.78	68.78	72.66	36.24	51.82	66.38	56.35	14.75	22.23	0.00	9.89	18.94	15.06	10.91	10.03	40.54	11.73
18.94	11.17	13.03	6.96	11.53	6.39	6.47	3.43	5.15	58.40	14.71	57.42	0.20	51.45	56.58	58.64	94.25	83.56	74.54	38.05	35.13	19.47	35.69	32.54	68.15	73.18	54.93	58.32	33.76	59.08	56.22	36.18	84.48	76.21	92.47	75.05	80.88	40.00	47.30	49.65	59.68	20.17	37.27	11.79	0.00	6.61	14.64	0.22	5.72	35.94	0.36
11.70	3.26	9.50	8.63	3.23	7.50	8.42	4.17	1.77	60.56	6.69	67.97	8.04	55.12	74.03	73.78	94.68	73.68	94.44	44.22	44.09	20.02	41.16	38.15	60.86	64.03	54.45	54.68	32.93	62.88	61.46	32.34	93.66	83.85	88.86	66.33	94.38	36.60	36.48	43.00	45.77	26.39	43.82	20.00	7.11	0.00	17.35	7.55	7.46	37.30	6.55
33.53	22.16	15.07	11.39	21.48	20.88	21.15	14.89	19.97	46.65	22.55	44.20	14.85	40.99	45.67	44.10	76.77	55.64	64.96	23.61	19.99	9.11	31.23	33.92	66.52	82.80	77.25	50.15	30.45	66.35	53.30	24.58	72.34	65.88	91.06	49.69	62.90	22.03	64.16	59.79	75.83	33.80	36.70	16.54	13.17	16.48	0.00	14.22	19.69	31.85	13.29
15.04	10.38	11.97	7.11	11.47	6.59	5.09	3.13	5.86	57.96	13.50	58.32	0.15	57.03	68.29	66.98	94.70	71.08	79.51	37.89	33.17	17.81	35.81	35.75	67.59	61.07	68.95	52.35	35.41	63.10	51.73	33.72	86.55	77.52	85.19	69.20	84.92	37.58	51.38	53.96	53.30	21.08	37.86	12.15	0.22	6.75	12.89	0.00	6.36	30.36	0.19
14.62	11.01	16.01	13.31	10.60	0.44	0.12	5.56	5.58	54.68	15.66	59.69	5.34	63.95	62.83	58.57	82.27	81.19	86.07	39.88	44.32	26.27	35.98	33.61	58.87	63.36	58.73	53.88	44.52	73.45	59.88	39.10	78.64	89.41	97.06	80.68	86.03	42.11	41.29	57.18	45.02	16.42	34.30	11.51	6.41	8.00	18.99	6.43	0.00	41.68	6.00
44.58	29.73	21.05	31.24	35.39	38.50	44.30	34.56	33.68	57.02	30.90	66.57	38.77	41.77	49.07	50.07	85.69	79.51	75.17	26.51	30.56	19.42	64.54	67.43	60.01	58.80	73.64	24.73	0.18	38.85	21.96	0.38	85.45	61.13	64.72	55.18	68.82	27.94	68.12	55.95	79.21	60.40	61.35	41.01	38.16	35.19	28.13	34.91	38.45	0.00	30.37
16.99	10.79	11.97	7.41	9.43	6.42	6.33	2.51	4.85	55.66	15.13	57.57	0.38	57.85	67.79	66.91	88.10	68.04	75.89	38.11	32.25	17.73	37.65	30.26	69.67	65.31	61.17	48.87	36.69	66.75	54.20	35.36	68.12	77.02	106.84	61.16	82.79	36.47	43.52	50.90	50.35	22.60	37.33	12.67	0.38	6.60	15.32	0.20	6.01	36.37	0.00
~
Delivery quantities;
1 0 6 16 1 0 2 14 16 14 1 2 5 8 6 1 2 6 1 1 0 0 0 6 0 1 0 2 2 4 4 4 1 4 4 1 3 4 0 0 2 3 0 6 3 2 3 6 6 3 
~
Pick-up quantities;
0 12 8 28 0 24 20 12 0 36 4 4 30 0 4 0 4 0 0 0 18 8 8 6 6 12 12 8 0 12 12 6 12 12 0 4 0 0 18 6 0 0 18 12 0 0 12 0 18 6 
~
Vehicle capacity; 
100 100 100 100 100 
~
