Cost matrix;
0.00	64.88	11.66	16.41	20.06	12.20	11.21	13.36	16.69	0.70	18.64	10.72	66.80	85.98	76.82	46.26	62.73	50.67	77.74	61.50	73.35	83.71	80.30	79.95	71.82	71.68	92.47	10.85	112.42	84.49	65.32	20.34	75.37	47.52	72.60	12.96	20.64	14.69	45.44	33.62	13.81	72.03	96.37	95.08	79.82	97.44	78.53	71.77	38.43	68.20	29.16
63.87	0.00	68.86	84.00	91.22	86.13	71.16	72.88	80.66	60.97	81.21	65.73	137.55	138.98	147.64	120.10	0.58	114.01	140.94	129.03	120.69	149.56	120.71	153.46	137.97	143.54	143.99	79.27	171.87	129.64	125.87	85.50	139.41	109.49	135.76	81.74	55.88	70.74	110.18	85.97	84.24	143.75	175.29	134.18	122.76	174.77	153.79	154.57	29.60	0.65	100.84
12.06	77.53	0.00	4.97	9.12	3.12	0.56	0.28	2.92	12.87	8.90	3.17	70.47	62.42	72.99	44.24	74.93	42.64	66.69	60.59	49.29	77.66	62.18	70.88	70.24	63.35	76.17	1.93	100.80	76.52	68.36	17.49	67.44	41.33	62.50	2.21	29.06	5.23	30.66	16.72	4.86	61.87	93.86	75.57	56.99	92.70	63.95	66.98	52.65	80.27	20.70
14.33	74.57	4.95	0.00	12.14	7.29	5.32	4.27	2.57	17.55	11.29	7.25	56.02	70.93	57.97	37.61	79.50	34.93	65.35	55.87	55.49	74.70	64.44	70.99	56.12	66.10	83.48	6.72	81.93	63.46	57.10	16.78	69.18	41.13	66.82	6.98	37.25	4.57	38.90	15.53	8.71	59.41	83.56	67.02	58.32	79.17	65.26	65.10	55.71	74.44	20.66
16.75	75.82	11.35	13.40	0.00	8.69	9.15	10.69	10.13	18.53	2.48	9.39	64.84	56.84	59.08	38.70	78.19	35.65	61.40	41.86	49.54	57.37	60.12	56.47	56.73	61.81	67.30	9.07	91.65	57.14	61.41	32.22	60.18	33.70	61.01	9.18	36.33	14.27	24.46	15.79	6.75	56.59	90.48	76.30	53.72	82.99	73.00	52.92	62.49	81.32	15.13
10.68	82.67	3.45	7.92	7.41	0.00	2.93	3.72	5.52	10.11	5.66	1.29	64.88	65.92	67.26	45.42	81.36	37.10	66.58	51.82	52.74	73.33	69.26	60.32	63.06	65.65	75.50	1.35	87.98	72.78	65.74	22.63	64.26	42.42	62.70	1.00	29.58	10.10	28.76	16.68	1.91	60.43	81.67	69.55	54.01	84.63	78.46	61.64	53.52	78.20	21.42
11.57	78.11	0.46	5.15	10.18	2.76	0.00	0.61	3.15	11.78	7.94	2.68	71.32	61.22	75.37	40.48	83.05	42.23	70.73	58.75	52.62	61.55	70.36	78.88	68.47	67.34	86.40	1.48	88.93	77.75	63.11	17.65	73.56	35.74	60.02	1.47	36.79	6.02	30.37	16.26	4.44	69.60	91.46	77.02	59.68	88.04	69.59	68.19	58.07	74.61	20.02
10.84	71.50	0.32	4.88	10.24	3.06	0.57	0.00	2.25	12.07	7.52	3.55	56.70	63.50	60.51	44.12	69.22	36.13	63.37	56.30	56.73	62.99	59.75	74.84	68.29	56.27	76.30	1.85	91.64	64.42	69.37	20.78	60.16	38.88	69.15	2.03	37.42	5.51	31.08	18.60	4.52	55.11	85.23	74.06	52.92	91.59	73.07	67.69	57.31	77.25	22.24
13.99	73.53	2.78	2.67	11.36	5.49	2.76	2.53	0.00	15.15	7.11	5.05	65.96	69.38	57.77	36.63	69.83	35.07	73.21	50.43	59.18	63.75	57.12	72.09	66.51	66.41	77.89	3.91	98.15	61.06	58.57	20.96	56.72	37.48	68.55	4.47	37.85	6.03	34.66	15.45	5.69	61.48	90.68	66.55	57.39	79.00	76.16	55.12	54.66	78.86	17.17
0.82	68.78	12.56	15.86	17.00	9.45	11.22	10.76	15.03	0.00	17.75	9.38	79.70	86.77	83.86	44.80	68.55	51.22	83.89	68.95	71.35	87.17	64.07	75.26	70.13	76.81	93.01	10.64	89.36	74.30	72.89	22.91	78.70	45.45	74.53	10.49	22.30	14.28	42.16	27.83	12.03	80.74	99.47	94.85	68.55	90.99	76.58	82.32	47.86	65.80	31.04
18.71	89.26	7.22	10.00	2.27	6.72	7.47	7.62	6.75	18.24	0.00	6.62	59.79	57.11	54.71	30.91	91.46	35.99	57.04	50.91	48.77	67.14	55.99	58.26	57.26	51.78	66.98	6.26	88.28	70.67	56.01	27.51	69.44	36.52	58.02	7.29	31.04	14.36	25.57	14.77	3.98	68.90	90.00	72.38	58.56	97.12	64.13	64.80	67.72	77.63	15.58
9.76	74.14	3.00	8.64	9.89	1.23	2.85	3.24	6.26	9.12	8.18	0.00	58.68	72.29	72.01	37.57	82.78	41.81	75.11	54.64	60.45	63.55	68.22	63.73	57.39	62.49	92.51	1.52	90.97	67.58	71.02	24.03	70.59	44.99	70.06	1.67	27.53	9.97	33.16	22.68	3.17	68.15	78.76	66.85	53.47	97.63	75.95	75.31	46.24	69.18	21.60
65.88	145.64	63.65	59.03	52.34	71.48	70.60	55.68	67.70	71.16	54.94	63.45	0.00	3.11	4.83	21.50	137.24	25.29	31.92	20.66	20.72	29.15	27.42	33.16	29.77	30.18	30.35	68.68	31.24	13.55	30.70	66.47	3.40	20.86	3.54	67.62	91.80	70.05	49.68	50.46	69.16	30.60	25.46	14.10	10.09	33.15	16.32	3.57	113.08	130.54	46.94
76.94	139.34	65.96	69.89	57.82	61.40	62.23	57.70	55.64	71.30	55.34	70.54	3.08	0.00	2.45	24.49	144.27	28.75	31.10	21.12	21.47	32.17	26.12	28.06	25.58	28.14	25.69	67.12	30.00	9.80	28.50	70.99	2.82	25.57	6.03	68.38	100.98	62.51	43.09	48.15	59.86	28.21	22.55	14.42	12.96	37.15	14.40	5.34	114.21	149.43	44.46
83.92	152.58	71.80	68.10	62.17	67.40	67.22	63.18	68.20	81.21	66.41	76.19	5.95	2.34	0.00	26.09	140.43	30.40	27.86	17.63	20.18	26.51	26.37	26.60	29.32	30.44	22.03	77.04	23.91	8.45	37.51	83.51	4.46	24.93	7.26	62.79	99.13	68.22	53.65	51.14	69.56	29.36	18.32	18.14	16.57	36.54	15.50	6.98	112.67	146.56	44.87
58.14	131.84	36.13	37.09	31.41	37.35	36.63	43.78	38.60	47.02	34.14	41.66	26.27	27.26	25.23	0.00	128.67	0.37	42.00	20.23	19.33	38.83	32.08	37.39	32.30	37.30	41.41	40.75	54.36	29.70	31.63	45.62	24.42	0.22	22.35	43.95	58.98	38.78	27.47	20.38	38.80	28.99	41.12	35.42	22.53	57.71	37.33	23.52	97.26	126.38	21.26
62.67	0.49	71.45	84.43	86.59	71.49	83.33	69.88	72.29	65.98	89.07	79.39	153.45	127.91	131.14	108.85	0.00	120.26	128.21	111.33	142.39	120.27	140.44	148.72	130.34	148.73	133.14	82.71	159.43	135.78	140.88	69.74	151.22	126.81	127.11	74.57	56.34	74.46	89.89	103.82	77.06	157.23	159.38	168.03	147.15	151.49	146.92	129.57	30.80	0.19	96.94
45.19	122.98	39.50	37.67	31.73	44.42	40.60	36.05	38.18	44.68	35.00	43.65	24.61	28.05	28.35	0.41	106.06	0.00	38.53	19.54	19.79	37.59	35.65	41.66	37.00	33.92	52.05	42.21	46.55	33.26	30.75	45.07	30.22	0.39	26.59	42.28	58.91	38.75	32.64	23.52	40.71	30.40	50.76	38.15	20.65	50.69	36.01	24.36	95.69	101.18	19.21
83.29	119.78	58.81	74.93	65.57	72.83	60.13	71.75	65.23	83.13	62.61	68.07	27.58	28.75	24.25	36.45	134.68	39.47	0.00	14.24	17.63	2.12	3.22	2.96	2.89	2.70	18.84	61.49	29.98	20.83	59.69	86.99	31.12	36.25	33.36	61.89	90.51	74.77	41.15	50.73	63.34	65.22	41.87	46.45	40.58	58.82	46.24	36.59	125.68	131.56	49.78
56.93	115.55	50.01	54.60	46.07	48.56	61.46	50.99	45.96	72.51	48.53	56.98	18.53	19.13	21.68	20.08	115.32	19.69	17.75	0.00	0.42	20.24	12.24	18.86	15.21	15.22	29.14	59.48	38.30	17.12	42.86	61.79	22.45	20.70	21.49	47.97	71.82	58.44	26.10	41.02	57.63	39.32	40.66	38.50	27.37	58.35	34.93	22.45	115.66	122.31	36.65
70.51	133.01	52.59	52.28	48.64	53.10	49.48	48.77	54.43	58.71	42.64	57.24	17.89	18.61	22.14	21.41	119.72	21.61	14.45	0.41	0.00	18.55	13.32	17.07	13.65	12.47	24.05	54.76	39.08	18.33	42.42	69.45	21.52	24.20	22.44	49.86	75.99	58.11	27.38	44.56	55.95	39.51	41.28	31.53	25.88	60.23	34.36	24.82	118.82	125.32	36.81
84.28	134.73	69.92	74.59	55.06	69.65	72.18	61.55	76.94	72.37	59.66	65.27	30.07	26.43	30.44	39.81	126.06	40.41	2.27	16.74	18.17	0.00	5.75	0.41	5.11	4.76	15.08	65.75	30.39	22.30	60.52	79.89	34.77	39.33	37.83	62.59	77.84	81.62	36.31	59.27	70.64	57.92	47.46	41.35	37.79	64.43	47.87	32.18	134.17	134.96	48.21
75.96	127.41	60.47	62.86	49.07	69.41	70.37	72.10	69.82	80.06	63.07	60.14	31.74	29.39	25.99	32.87	148.52	35.21	2.61	14.80	13.96	5.11	0.00	5.23	0.42	0.42	22.01	60.64	29.42	21.21	61.27	77.91	34.89	38.20	36.66	58.04	89.78	74.50	37.03	55.27	54.79	60.26	40.46	44.15	42.08	56.54	43.97	36.75	102.09	121.52	43.14
88.60	139.67	71.20	73.75	65.50	65.60	60.92	71.47	68.05	87.57	67.52	72.27	31.07	32.07	28.50	43.45	138.90	38.01	3.01	19.78	17.75	0.46	5.33	0.00	5.46	4.85	14.33	62.54	29.47	23.85	58.14	93.11	35.24	43.18	36.23	62.56	81.08	73.74	35.80	56.47	75.16	65.38	40.10	43.30	42.24	61.48	41.43	34.41	118.58	140.91	51.46
79.90	121.09	62.98	72.54	53.82	67.43	66.31	65.36	66.60	67.04	57.14	66.81	26.72	30.39	27.07	31.76	137.77	30.67	2.93	15.14	12.05	5.30	0.44	5.83	0.00	0.60	21.02	58.32	32.57	19.98	52.44	72.53	28.98	31.68	35.19	64.50	89.81	68.75	34.82	49.76	55.38	51.76	48.70	43.73	36.25	57.19	43.65	34.57	114.87	137.34	41.57
66.55	127.06	59.34	63.03	56.87	69.21	69.43	60.32	55.05	74.02	61.28	64.27	29.10	26.96	30.29	34.70	123.17	31.65	2.74	13.40	13.07	4.60	0.43	6.03	0.53	0.00	22.26	71.19	34.76	22.16	62.67	84.76	30.78	35.82	29.08	62.01	76.46	76.01	33.91	57.55	59.33	52.45	39.62	44.72	38.66	67.00	43.62	29.42	105.08	122.65	41.37
100.14	134.59	74.76	83.41	71.48	86.02	85.26	84.93	83.26	100.59	74.74	92.23	29.70	28.94	24.20	46.21	170.53	48.79	17.19	25.26	27.24	16.54	21.99	15.96	19.86	18.74	0.00	83.11	11.51	16.64	60.03	84.56	32.34	43.07	34.66	88.26	106.98	78.49	48.98	66.73	81.32	64.12	29.77	37.89	38.27	61.38	37.62	31.75	135.10	138.20	68.45
11.76	71.63	1.86	6.97	9.51	1.33	1.73	2.11	4.82	9.78	6.87	1.34	58.80	58.50	62.84	38.17	72.51	37.72	72.47	56.75	48.85	75.98	62.27	66.93	70.95	69.47	83.50	0.00	89.51	73.08	60.50	22.31	59.54	42.01	72.94	0.48	30.69	7.75	29.41	16.62	3.24	60.78	96.55	78.46	57.26	90.01	81.54	67.33	51.98	73.14	19.49
112.94	152.06	95.63	84.73	79.03	91.39	91.72	95.34	96.95	107.49	81.94	96.29	29.82	26.57	26.73	48.98	150.25	48.59	33.40	39.42	32.31	31.89	29.28	25.36	32.01	30.35	13.50	94.18	0.00	20.95	56.49	88.19	27.61	50.28	27.28	86.87	118.61	93.56	59.81	81.05	92.41	55.91	21.46	34.59	36.14	43.74	35.34	33.99	135.66	153.48	64.74
84.96	143.80	61.45	67.40	63.19	68.86	65.26	62.51	66.15	75.57	65.44	68.98	12.17	8.65	7.51	30.10	131.15	31.71	22.10	16.26	17.64	22.78	20.11	19.22	18.68	18.54	18.57	76.28	19.93	0.00	38.53	75.44	13.58	35.10	13.36	69.01	81.86	71.74	48.18	51.54	63.17	40.72	22.54	24.31	22.15	41.42	24.02	13.51	126.44	144.84	52.33
76.07	143.16	62.15	63.67	58.69	67.01	63.94	66.72	60.84	72.95	61.36	65.19	31.14	31.03	31.12	31.87	124.99	28.75	61.22	43.80	41.77	60.80	50.27	59.22	63.73	54.48	56.13	65.59	60.95	41.97	0.00	69.22	29.81	34.34	27.90	69.16	86.92	57.06	64.11	39.90	60.27	0.51	32.57	24.65	19.43	33.38	23.93	26.26	116.29	142.04	51.94
24.96	74.24	20.30	18.70	31.79	22.66	18.21	19.19	17.32	23.17	27.66	21.00	79.36	77.82	79.74	54.07	80.55	53.60	77.97	71.43	71.33	75.95	71.61	93.53	80.54	76.57	95.58	18.52	88.73	75.18	54.71	0.00	67.09	50.39	74.81	19.75	43.69	12.05	58.31	27.76	22.39	61.06	101.06	85.60	59.44	95.73	74.76	77.53	57.80	85.52	32.34
81.40	141.84	58.93	60.70	68.23	70.05	71.35	70.21	69.76	86.70	66.76	64.19	3.35	3.10	4.97	24.21	152.24	29.22	30.80	22.51	24.51	29.68	28.14	36.50	33.80	33.14	28.55	62.11	27.21	12.73	30.16	70.24	0.00	25.33	2.92	61.42	102.94	67.29	44.73	50.92	64.16	25.59	19.70	13.63	12.27	33.39	11.68	2.74	127.33	136.73	44.97
50.53	109.51	42.66	35.21	33.61	44.38	44.90	38.49	37.80	46.51	35.90	39.02	21.72	26.34	25.01	0.21	129.89	0.42	35.19	21.48	23.13	39.33	31.63	36.41	33.78	38.76	47.53	41.47	53.70	28.17	35.13	55.03	28.61	0.00	26.59	43.22	60.86	45.62	32.91	19.51	43.55	31.95	41.18	37.97	22.15	53.95	34.53	27.43	92.16	110.08	23.05
66.96	133.77	69.65	58.79	61.08	72.44	66.36	61.09	59.55	80.72	57.78	71.69	4.13	5.50	7.64	28.58	138.40	28.29	32.80	22.03	22.28	32.28	36.23	39.03	33.55	36.54	30.57	74.22	31.74	13.30	29.63	72.48	2.83	23.20	0.00	68.94	85.80	74.50	56.07	43.79	60.21	26.27	22.47	11.24	8.03	30.17	9.89	0.39	131.49	150.95	41.58
12.68	73.35	2.07	7.00	7.76	1.00	1.67	2.39	3.75	10.63	6.89	1.69	55.71	72.42	71.57	41.43	72.02	38.71	72.42	55.94	58.85	68.33	69.98	69.18	64.38	56.71	87.04	0.45	78.58	68.50	64.76	22.85	65.53	37.71	64.66	0.00	30.78	8.28	33.61	19.78	2.73	69.53	74.74	66.68	65.17	95.96	69.50	58.40	59.21	68.85	20.23
20.39	55.27	35.56	33.92	32.27	32.21	36.32	33.34	35.44	20.98	31.63	27.82	90.69	89.52	84.28	69.32	57.29	63.14	76.06	81.87	83.47	81.11	83.90	94.91	76.21	80.04	96.21	34.38	105.25	99.34	98.36	45.55	88.09	72.64	91.27	34.10	0.00	32.77	49.79	47.56	29.65	86.70	114.48	106.92	93.90	107.55	108.64	80.82	39.00	52.56	49.12
14.49	78.72	5.90	5.20	15.02	9.96	6.51	6.32	6.42	15.13	14.15	9.30	61.27	64.00	61.89	44.83	81.35	36.68	73.82	59.97	51.98	66.65	73.31	76.03	65.47	64.51	74.35	7.80	85.72	67.94	55.34	11.67	64.24	36.72	73.00	8.40	32.02	0.00	42.85	19.83	11.35	57.56	80.85	77.35	58.40	93.59	76.64	64.98	57.45	73.35	25.80
46.62	95.37	30.85	35.73	26.88	36.22	31.04	38.38	29.94	44.46	28.99	32.05	42.89	47.25	47.48	31.86	102.44	34.02	32.92	27.55	31.55	37.04	34.34	41.34	31.76	30.52	53.98	36.88	57.64	51.85	54.01	48.06	53.94	29.99	44.65	34.71	49.40	40.14	0.00	27.51	30.19	68.59	65.78	57.66	52.37	91.36	61.06	48.93	77.51	90.29	21.43
29.46	98.62	18.89	15.37	14.31	19.30	15.92	17.80	13.95	27.68	13.67	21.44	45.40	42.88	49.35	23.47	82.93	19.50	59.31	44.44	43.87	62.61	54.03	58.43	44.67	56.38	63.44	19.68	70.26	50.61	45.94	31.58	46.53	20.25	44.24	20.54	45.70	21.73	27.37	0.00	18.14	47.53	72.15	51.88	40.17	67.34	52.81	42.42	65.05	107.39	8.20
11.89	77.96	4.10	8.34	6.50	1.93	3.94	4.20	5.05	12.22	4.08	3.19	59.95	68.57	60.69	39.69	81.13	34.29	61.41	58.45	53.99	58.06	65.62	59.96	60.67	67.44	77.57	3.22	86.60	64.13	62.73	22.51	62.54	42.19	59.23	2.59	28.49	10.59	27.81	20.17	0.00	71.75	93.36	73.87	63.18	87.11	72.01	58.32	53.40	73.94	20.43
69.78	121.67	70.37	64.67	56.31	57.03	70.74	66.19	60.53	67.53	64.49	58.37	27.56	31.91	34.64	34.53	136.80	31.96	60.68	43.27	40.50	58.08	57.20	66.85	57.96	52.30	54.89	62.72	57.69	42.37	0.51	64.65	25.64	34.99	27.35	61.77	83.69	64.90	64.06	41.74	66.11	0.00	32.49	23.45	18.98	29.91	23.49	27.76	127.98	129.91	55.50
95.82	147.34	87.64	93.28	85.38	95.80	93.58	95.79	74.65	90.00	82.04	78.38	24.19	23.43	21.24	49.62	166.85	50.87	46.71	41.35	39.43	46.70	47.63	45.73	47.37	47.70	36.90	96.49	23.98	25.46	36.24	83.50	19.22	40.17	22.02	74.94	113.53	80.77	67.47	60.24	95.50	36.40	0.00	14.97	30.09	19.44	13.95	22.69	142.81	147.19	70.28
92.75	158.55	80.71	66.90	68.87	68.27	73.34	69.66	71.95	78.78	69.71	83.67	13.06	14.35	16.91	35.18	148.74	35.93	44.45	38.42	31.18	46.78	40.83	48.24	46.35	41.47	42.38	73.65	37.85	24.22	20.70	84.64	13.56	35.48	11.54	65.71	89.54	68.18	68.22	60.67	68.49	22.13	15.57	0.00	13.21	22.52	0.44	11.49	143.11	161.46	53.86
74.34	137.52	65.52	50.28	62.57	55.95	51.65	56.03	51.23	78.37	53.96	53.40	11.26	12.30	13.60	22.47	129.66	21.04	40.06	25.48	29.21	41.41	41.24	39.52	40.16	38.69	41.52	57.34	38.13	24.08	20.30	57.16	11.02	21.30	9.11	62.52	96.07	63.69	49.05	36.31	56.32	21.68	24.63	15.00	0.00	30.73	13.21	8.32	111.20	144.07	37.01
110.32	170.13	102.64	78.41	100.27	100.55	86.13	80.85	94.87	98.76	97.94	92.64	37.61	39.18	32.69	51.64	149.81	55.20	66.73	51.38	54.75	66.56	58.28	67.83	67.41	65.63	56.62	97.56	41.29	39.97	30.80	87.27	30.78	48.23	35.51	98.14	134.23	98.59	80.85	69.95	101.78	34.73	21.81	22.04	31.57	0.00	20.69	36.08	157.37	168.11	73.53
88.72	162.41	82.59	70.06	72.73	64.74	75.60	73.38	61.47	91.66	63.75	84.89	14.66	13.62	14.61	34.67	153.51	34.14	46.27	36.48	31.79	41.70	40.91	44.78	47.68	42.65	34.75	69.03	33.41	26.17	23.65	78.08	12.68	35.30	12.35	81.24	94.26	68.77	58.50	52.15	75.51	20.32	16.51	0.40	14.10	21.82	0.00	11.84	132.18	162.63	51.02
74.98	160.45	60.76	65.34	63.65	69.65	72.53	66.21	60.04	83.71	58.70	74.17	4.05	4.69	7.74	26.86	136.42	25.76	32.37	20.69	26.21	38.23	34.94	33.54	30.25	36.58	33.19	67.89	31.27	14.19	29.81	77.33	2.41	23.74	0.35	59.18	88.95	65.23	53.54	52.69	65.11	22.79	19.88	10.66	8.02	37.13	11.01	0.00	126.63	154.06	50.23
42.99	30.69	52.93	59.73	66.92	58.00	53.50	51.71	63.60	47.54	61.26	57.14	103.93	116.90	137.51	88.22	25.70	86.55	130.63	96.82	103.20	127.64	106.30	121.95	120.74	120.82	123.44	55.07	153.15	138.06	103.63	55.09	132.14	82.55	122.22	56.00	37.36	49.00	78.33	75.94	59.55	125.77	128.32	136.24	122.64	159.69	112.42	110.60	0.00	28.23	76.11
56.96	0.61	81.12	82.36	80.55	70.78	73.19	79.62	70.37	57.42	88.00	69.38	154.42	128.48	129.51	118.35	0.18	103.67	124.39	115.19	135.35	137.63	140.06	154.56	129.31	144.29	172.77	75.01	174.32	140.29	156.90	88.56	159.93	113.54	141.95	76.67	55.86	68.39	87.47	97.50	81.62	146.24	167.07	144.31	143.00	163.48	162.84	160.41	28.37	0.00	90.22
29.33	92.57	19.53	17.26	14.33	18.07	22.20	21.16	17.82	31.70	14.60	23.29	43.74	44.77	44.30	23.05	103.95	19.76	44.50	30.89	33.17	46.05	45.54	55.83	48.83	45.49	54.99	20.19	73.94	50.28	42.68	39.71	45.07	19.13	46.04	22.45	47.22	26.63	19.23	8.66	16.88	50.18	61.18	56.98	45.41	73.56	52.96	44.79	77.55	87.05	0.00
~
Delivery quantities;
14 18 4 9 5 6 9 8 8 14 0 3 1 0 3 1 6 1 4 8 10 5 3 6 2 2 1 2 0 1 2 2 2 1 4 0 6 4 3 1 2 2 3 6 1 2 4 1 2 0 
~
Pick-up quantities;
0 32 48 0 0 0 0 36 36 42 24 24 0 4 8 0 18 12 30 0 0 0 0 0 0 0 0 8 6 0 0 18 4 0 18 12 12 0 0 0 8 0 6 12 4 8 6 0 12 12 
~
Vehicle capacity; 
100 100 100 100 100 
~

