Cost matrix;
0.00	15.12	0.78	10.69	13.45	5.48	27.73	9.23	19.96	11.75	16.05	16.42	75.53	71.53	76.54	51.15	82.66	72.13	50.02	53.32	78.39	55.01	45.99	43.46	54.40	51.22	66.88	46.68	43.06	17.86	46.93	19.80	12.41	118.44	86.73	101.35	13.96	14.20	11.40	11.91	18.11	42.41	20.99	25.57	33.52	86.70	74.70	75.82	70.72	53.17	50.63
15.11	0.00	15.01	8.08	8.68	7.89	12.29	14.86	11.28	10.07	14.08	4.60	71.82	72.16	61.91	36.35	70.60	81.00	38.04	37.80	70.55	44.08	55.18	55.21	63.61	76.81	83.26	57.98	47.94	30.12	49.85	30.18	23.81	94.01	81.74	86.93	26.17	5.44	9.06	7.91	13.82	39.30	13.24	24.38	17.46	55.97	59.76	61.67	63.44	33.57	34.90
0.84	15.34	0.00	9.56	10.88	6.31	27.07	7.43	22.48	14.20	18.93	17.88	79.27	76.74	72.83	50.16	81.62	84.15	45.38	42.52	74.23	58.39	41.87	45.54	61.45	60.07	66.55	43.05	42.29	16.50	45.11	18.04	12.97	116.45	100.81	107.47	12.45	13.63	11.25	10.95	15.77	43.46	20.45	24.47	31.83	68.35	71.52	72.98	78.65	44.49	54.77
10.09	9.06	9.13	0.00	2.63	6.26	17.78	6.30	10.14	3.52	8.43	6.92	67.85	62.34	60.62	43.10	69.05	75.29	42.62	41.84	78.50	41.76	56.63	57.52	65.85	61.03	67.66	61.39	52.41	28.41	55.83	26.66	20.47	90.02	80.08	101.09	20.27	6.13	1.75	1.99	8.05	31.14	18.61	14.92	20.26	70.69	62.52	71.15	70.47	40.61	38.82
13.98	9.28	11.68	2.41	0.00	9.03	18.32	7.20	7.45	0.64	4.56	7.93	72.02	60.60	56.77	35.78	75.50	69.67	43.58	40.59	62.06	40.38	53.62	50.93	67.62	63.53	69.47	54.04	46.13	27.68	49.83	31.51	24.70	93.95	88.81	105.83	25.96	5.13	1.74	1.22	5.03	31.42	22.47	13.43	18.47	63.02	65.65	72.25	58.80	35.10	37.37
5.10	7.95	6.56	5.38	8.40	0.00	18.68	9.15	15.59	9.08	12.52	10.57	72.06	61.80	80.33	51.48	73.83	79.06	47.05	43.13	67.31	45.51	56.65	49.84	62.41	55.10	61.24	50.96	40.15	24.50	42.23	22.31	16.09	88.76	88.47	116.65	15.62	10.22	6.96	7.92	12.73	43.55	18.63	19.52	27.52	73.06	64.59	73.74	66.19	44.97	45.30
26.90	12.22	24.77	18.35	20.44	17.83	0.00	25.51	15.38	17.18	21.78	12.43	59.05	55.42	57.84	40.23	76.35	74.74	21.53	22.82	76.19	41.32	68.26	68.23	84.51	70.95	78.05	71.51	51.00	42.04	47.10	45.81	35.88	74.96	64.14	87.08	33.06	14.93	17.68	18.07	17.68	42.58	12.03	28.23	16.03	48.07	47.97	46.32	52.97	29.70	25.62
9.67	12.75	7.87	5.39	7.26	9.03	24.87	0.00	12.11	6.30	10.55	12.93	71.59	70.70	61.26	48.91	67.65	74.24	46.69	47.93	77.79	49.62	52.28	47.84	62.27	56.00	61.37	53.89	47.71	23.44	51.04	24.12	23.05	114.93	81.32	101.83	21.09	11.95	7.05	6.18	9.06	36.48	22.83	13.82	27.46	71.73	64.58	69.78	78.46	39.94	40.28
18.42	13.78	18.52	11.05	7.41	13.68	19.01	12.17	0.00	7.36	5.08	7.67	56.78	49.64	58.95	30.74	63.21	64.02	38.96	37.31	67.14	34.32	56.70	66.12	73.13	62.37	60.21	57.12	66.40	34.59	61.64	40.22	34.19	85.21	73.21	79.18	34.40	7.38	7.54	8.15	4.11	26.92	23.95	12.00	10.65	57.46	57.12	53.01	58.69	31.94	33.22
11.62	11.03	13.12	3.17	0.60	8.23	20.54	6.10	7.98	0.00	4.26	7.30	57.25	55.38	62.40	40.04	68.26	61.11	43.69	37.62	66.98	35.36	54.67	59.98	54.55	61.52	70.72	54.88	51.82	30.40	59.86	25.88	25.91	95.07	89.06	91.91	25.18	5.53	2.14	1.98	4.18	32.04	21.26	11.26	17.05	66.94	70.56	59.29	60.54	39.02	40.38
19.14	14.91	16.54	7.01	4.70	13.36	18.88	8.77	4.27	4.28	0.00	8.70	69.92	64.16	61.80	36.48	69.57	59.51	47.38	47.53	58.49	38.91	52.58	64.28	66.91	66.49	58.68	59.67	59.93	29.80	65.49	34.45	32.33	101.40	86.97	88.11	28.04	6.66	6.13	5.06	0.51	23.90	29.09	9.76	15.56	58.18	65.22	65.30	64.08	40.73	34.51
17.64	4.70	16.84	7.43	6.98	11.73	11.83	14.61	8.58	8.72	9.22	0.00	72.29	59.80	57.18	38.83	65.18	71.65	32.21	36.55	74.75	38.05	62.48	67.86	62.69	64.60	75.42	57.69	49.78	38.36	58.90	32.96	30.86	89.60	70.10	84.76	30.90	2.71	6.98	7.63	9.20	31.17	15.39	18.41	13.89	55.55	62.10	65.01	51.34	36.07	37.03
87.28	68.36	79.35	70.91	67.85	68.86	62.77	67.45	65.59	62.31	58.16	65.62	0.00	3.46	3.70	27.26	30.51	30.73	55.43	59.34	11.46	27.64	107.83	129.57	109.39	115.77	111.45	115.94	105.20	105.68	107.27	87.80	79.70	48.63	41.10	34.56	99.76	62.00	74.27	65.00	64.41	49.00	77.23	52.98	54.99	38.99	32.77	28.87	29.42	38.78	39.62
69.27	72.75	66.45	63.39	55.72	61.46	62.01	68.59	57.37	60.93	54.27	54.44	3.39	0.00	2.49	26.34	33.88	31.21	58.49	59.13	11.34	23.80	112.97	125.94	101.31	103.48	108.42	112.60	122.69	85.57	122.46	84.51	90.27	55.39	45.66	38.08	84.62	55.82	63.26	61.76	63.37	52.99	64.20	48.64	44.53	40.42	30.22	27.15	32.01	34.71	35.88
76.15	63.22	78.07	59.73	61.93	63.04	57.64	60.38	53.11	61.82	59.08	62.49	3.97	2.59	0.00	23.64	27.91	31.97	53.20	65.49	9.73	24.04	96.79	112.69	106.77	116.16	100.23	114.93	107.84	96.18	109.41	79.19	77.42	61.15	41.21	43.93	99.05	62.64	59.37	60.61	51.93	49.50	77.00	57.20	47.99	42.15	34.80	29.22	33.11	40.50	38.11
56.64	36.16	47.84	36.13	44.33	41.01	36.38	49.95	32.74	36.68	38.26	34.42	27.69	21.89	25.12	0.00	39.84	39.10	36.26	44.86	34.89	0.76	85.93	94.04	84.02	84.75	90.39	101.30	81.81	59.54	94.59	70.57	67.49	69.81	49.15	63.07	71.00	39.68	40.74	39.69	35.18	27.98	53.23	35.32	24.37	45.18	30.73	35.18	35.18	19.46	16.41
73.06	69.36	88.15	65.70	64.82	72.39	67.27	63.84	68.19	71.55	66.09	62.68	36.50	30.49	32.09	37.54	0.00	1.43	89.17	89.73	20.20	39.14	95.61	115.77	93.26	93.53	86.65	93.75	131.74	98.05	113.57	96.96	88.34	86.55	78.40	64.23	98.73	69.25	73.75	60.58	61.90	41.99	86.14	59.07	52.39	74.77	64.53	60.48	66.36	63.05	59.34
70.20	69.83	84.70	63.87	67.35	73.56	64.44	68.69	54.30	63.87	67.18	76.71	34.14	31.97	31.64	42.55	1.37	0.00	84.47	85.34	21.58	36.78	87.24	117.19	87.98	85.94	71.61	99.24	118.05	100.14	126.14	97.67	80.23	78.31	69.93	71.10	85.86	69.01	68.59	62.67	60.51	43.90	83.98	48.68	62.31	71.66	63.77	59.69	62.42	53.16	64.46
46.16	38.29	50.60	38.05	43.01	40.97	22.27	53.56	37.29	44.43	41.71	32.38	54.53	52.79	54.84	44.61	81.47	81.55	0.00	0.63	67.07	39.00	95.08	87.33	103.17	93.63	103.99	99.34	84.95	68.70	66.51	58.07	58.15	67.57	54.86	69.66	56.47	35.13	42.44	35.92	44.99	52.70	27.02	50.52	34.62	37.36	43.11	36.83	39.75	23.85	20.99
46.07	32.12	53.47	41.72	37.42	45.26	25.04	43.88	41.83	38.07	39.26	32.94	57.45	50.65	60.64	44.83	72.30	85.31	0.59	0.00	62.71	41.79	85.52	98.27	107.98	100.61	100.15	96.57	70.46	74.15	59.94	57.42	62.37	60.18	54.59	69.02	50.20	39.07	39.22	36.99	40.02	53.24	30.12	51.30	28.47	31.99	39.26	38.47	39.00	22.80	19.79
73.99	78.23	83.44	73.85	64.27	76.40	72.90	79.56	67.25	63.05	68.33	58.58	12.90	11.43	10.66	30.52	25.62	20.72	70.35	72.02	0.00	32.83	105.84	104.91	104.87	111.46	105.53	128.66	114.45	98.72	108.93	84.92	81.65	69.18	48.45	54.01	91.59	67.80	73.14	72.34	62.16	50.43	74.42	59.34	52.55	58.63	42.88	39.68	46.37	52.61	41.29
48.32	36.65	56.40	45.53	40.26	41.21	42.61	47.90	31.21	41.63	32.95	41.93	27.99	24.23	24.68	0.68	44.35	41.31	37.76	43.36	32.81	0.00	87.87	82.81	92.38	79.20	82.99	87.91	91.08	75.34	89.65	75.37	61.17	72.15	48.95	63.52	61.18	40.05	42.55	43.34	32.40	33.66	46.53	32.79	23.23	41.41	35.15	32.55	33.97	17.18	20.80
42.98	57.60	43.68	60.57	52.07	50.07	72.36	53.41	60.26	48.10	56.85	68.42	119.38	110.67	104.56	80.07	88.83	86.93	86.44	85.15	106.34	83.21	0.00	11.24	14.90	16.94	31.82	11.93	52.07	34.66	60.15	32.91	49.05	148.74	130.54	151.05	41.13	59.32	57.46	48.46	58.57	58.06	66.66	58.32	67.80	133.18	106.71	115.64	113.18	101.09	96.24
44.60	61.72	51.76	56.53	53.88	49.81	75.32	53.49	67.91	50.62	60.59	63.78	125.40	104.85	103.47	81.44	114.33	98.65	98.74	106.82	117.94	86.94	13.51	0.00	32.30	29.53	44.10	0.34	38.36	30.64	56.76	28.97	36.56	135.63	148.76	169.69	37.57	54.41	61.85	62.49	55.36	71.24	68.36	64.80	79.89	129.44	122.48	118.19	113.26	102.94	105.44
59.52	66.25	54.25	66.70	58.84	69.49	83.72	55.78	58.85	54.36	64.58	73.93	117.91	116.91	103.40	91.88	85.41	80.07	109.29	99.32	100.09	89.19	17.58	25.42	0.00	0.43	14.16	29.19	71.33	49.79	83.50	42.09	53.73	147.43	124.05	134.43	62.34	64.03	69.07	64.35	58.67	62.41	73.91	50.08	71.22	134.81	104.28	110.43	126.13	98.21	103.55
51.51	73.51	61.39	68.77	57.94	65.29	83.95	60.04	63.96	57.79	59.14	63.92	104.10	98.95	101.05	99.22	77.57	91.60	107.15	111.28	96.11	98.22	16.94	30.20	0.43	0.00	15.97	31.75	73.20	47.46	93.58	46.59	63.45	154.65	131.05	154.93	54.50	62.62	58.16	55.14	70.14	65.88	82.01	64.35	76.81	124.04	123.84	105.13	120.94	87.35	101.01
68.20	79.65	70.49	69.11	71.69	69.22	86.98	60.51	74.78	69.90	62.40	80.77	93.90	103.20	90.53	87.42	81.12	69.54	110.17	117.24	86.38	83.89	29.20	46.66	15.03	13.91	0.00	43.12	88.66	52.25	89.23	49.81	60.99	158.82	135.04	132.01	65.29	78.41	70.32	70.53	70.49	53.97	92.02	64.63	75.00	115.04	115.30	111.44	111.40	89.79	84.43
53.04	55.67	52.48	48.91	54.49	47.18	69.60	51.15	67.30	55.01	53.05	70.73	112.04	126.09	123.81	82.34	108.74	111.53	101.12	83.86	110.92	88.12	13.12	0.36	27.63	25.70	39.26	0.00	42.34	32.07	62.20	26.27	37.56	143.97	132.21	153.03	39.77	62.67	50.53	54.33	57.73	62.57	61.68	54.90	65.33	138.05	113.54	127.70	117.81	100.32	84.07
42.90	45.74	36.90	48.49	54.63	38.94	57.70	41.91	59.67	57.75	61.82	47.23	108.17	126.01	112.85	88.23	113.78	119.43	83.14	71.57	111.99	88.44	48.50	45.47	68.81	68.88	88.38	38.90	0.00	31.13	20.91	28.41	25.20	152.77	126.56	144.62	27.41	54.91	51.71	48.67	54.31	84.83	50.54	69.05	67.40	111.77	124.32	112.37	117.18	76.35	85.94
18.99	30.94	17.42	25.45	32.59	25.58	45.08	20.50	38.22	30.93	32.35	34.94	101.74	84.90	86.75	74.83	97.83	94.29	64.10	74.39	89.12	74.53	29.80	31.48	44.33	41.23	60.90	29.47	28.80	0.00	44.65	0.56	13.51	126.99	102.00	113.98	10.37	29.94	26.50	26.32	35.15	49.34	43.09	32.78	43.18	106.16	96.00	97.34	99.42	69.25	68.90
38.33	48.22	44.75	51.51	57.57	45.37	56.69	56.30	59.03	48.19	53.29	58.17	130.07	114.50	100.69	79.03	109.26	121.31	64.00	59.27	117.84	97.61	74.88	51.29	93.06	87.23	87.11	55.03	19.41	40.07	0.00	41.71	31.45	125.72	129.50	152.81	31.49	57.84	47.27	49.58	60.34	73.53	45.53	66.15	64.15	93.49	116.25	112.99	116.81	84.55	80.94
19.45	34.34	16.67	25.88	30.82	22.12	46.31	23.73	40.89	31.37	34.91	32.48	82.64	86.22	89.10	64.15	98.32	100.52	58.64	72.05	97.10	63.71	29.59	32.12	47.90	49.15	55.02	29.01	25.77	0.52	37.85	0.00	13.11	124.75	102.96	131.76	12.88	29.12	31.04	29.09	34.00	50.16	36.21	37.72	49.53	91.21	100.59	99.58	94.81	75.22	66.74
13.07	21.69	12.37	25.75	25.00	15.67	36.81	21.08	34.28	24.95	29.07	28.40	86.06	85.81	93.89	64.24	90.12	81.36	54.60	55.97	92.59	71.51	49.55	42.80	60.63	52.24	69.15	39.99	24.05	10.82	31.79	13.27	0.00	103.53	100.59	124.72	0.32	30.63	24.80	25.54	26.62	49.11	31.05	40.01	37.57	83.05	90.17	93.64	89.00	55.68	55.27
107.14	98.67	118.60	90.08	86.82	113.53	78.74	105.67	100.92	94.02	100.88	94.88	55.24	54.96	60.94	68.49	78.60	81.79	74.49	63.59	62.69	69.99	141.48	151.46	155.32	162.60	136.33	166.17	156.16	122.12	149.40	133.74	128.96	0.00	11.55	23.39	120.28	89.90	90.52	93.79	96.10	104.59	88.63	86.21	89.37	33.14	30.47	38.01	36.11	53.22	65.35
106.04	71.22	93.61	85.72	74.30	88.68	67.18	99.13	85.96	84.55	79.91	84.02	43.15	45.17	47.15	52.27	77.71	69.77	57.60	54.75	54.35	46.31	140.99	155.86	154.13	157.38	146.10	153.43	138.29	98.14	110.90	116.83	93.32	13.44	0.00	25.80	103.21	82.44	73.52	86.75	74.45	75.42	70.44	80.22	70.81	21.19	22.12	20.78	20.14	47.45	47.72
98.57	106.88	108.41	97.65	95.65	110.20	81.07	96.28	80.90	106.81	106.10	87.90	36.18	38.99	45.64	67.23	64.09	74.19	67.21	84.50	42.73	55.43	139.26	169.41	156.70	144.73	145.02	164.74	153.72	126.44	157.83	138.18	135.65	20.86	23.97	0.00	136.05	101.84	84.99	98.54	84.03	78.07	102.82	93.87	80.70	38.44	36.75	36.64	37.48	56.95	55.07
12.99	25.53	13.37	22.95	24.75	18.42	33.05	20.61	34.88	22.62	29.60	28.87	80.71	88.76	98.32	59.44	98.03	79.29	59.41	61.86	101.88	59.99	42.47	43.05	61.59	50.30	62.09	37.62	28.15	11.45	32.36	11.57	0.31	117.09	112.97	125.14	0.00	30.10	25.56	22.65	32.50	50.06	25.63	34.47	44.87	84.38	83.34	88.66	81.50	58.46	62.84
15.81	6.75	13.28	5.91	5.12	9.66	15.39	12.24	7.69	6.18	8.14	2.50	63.19	68.28	58.86	35.91	74.00	75.01	32.94	35.21	64.69	34.56	65.71	55.57	74.70	64.13	65.91	62.60	54.57	33.11	52.32	32.06	28.13	81.31	88.26	102.21	25.57	0.00	4.57	4.47	8.06	29.85	18.47	15.79	15.41	55.55	53.96	62.07	63.58	31.86	35.01
11.55	7.29	12.04	1.57	1.61	7.39	18.54	6.24	8.54	2.03	6.35	6.03	58.62	70.43	62.80	36.57	73.25	63.25	39.21	45.28	62.90	37.53	49.28	50.94	69.03	70.70	71.15	59.82	49.38	25.75	50.76	32.51	22.50	101.28	93.26	92.11	23.56	4.11	0.00	0.63	6.03	30.32	22.48	15.82	18.32	75.38	55.80	62.55	61.98	42.84	34.75
11.84	8.86	11.88	1.98	1.14	7.45	17.85	6.84	8.09	1.76	5.98	6.94	69.15	56.88	64.62	41.56	74.26	60.43	37.71	37.52	65.42	38.85	59.67	55.97	66.59	68.42	64.77	61.65	50.86	32.28	52.76	32.16	22.19	93.96	90.76	106.29	24.07	4.40	0.56	0.00	5.95	31.41	22.93	12.43	18.94	60.01	58.25	67.77	66.57	41.06	39.89
17.67	12.61	18.17	7.87	4.38	12.68	21.16	10.34	4.29	4.05	0.46	10.02	59.39	55.73	53.00	32.98	67.81	58.46	44.76	39.16	63.22	37.19	54.55	51.96	69.04	66.41	58.42	66.25	56.50	29.53	54.36	32.44	29.52	102.91	79.91	105.28	30.29	7.91	6.41	5.92	0.00	25.29	27.25	10.02	15.09	72.53	65.87	67.07	64.47	38.31	38.26
45.27	41.39	39.18	30.34	31.69	37.44	45.82	35.16	29.57	27.12	24.12	37.17	54.89	52.16	41.11	31.73	44.03	37.01	53.46	55.68	41.03	27.11	58.76	72.82	62.89	64.54	56.41	73.15	87.10	46.94	75.92	44.93	49.09	105.56	83.51	96.41	47.81	35.35	29.53	33.35	24.46	0.00	51.98	16.53	25.99	63.26	63.71	63.00	66.30	42.81	40.58
23.52	12.49	25.32	19.89	20.32	20.17	10.47	24.77	26.96	26.12	24.04	15.74	68.87	74.63	74.79	48.40	83.33	87.21	27.91	29.42	88.42	48.04	72.45	65.06	90.29	87.16	88.35	77.27	48.67	38.37	42.51	43.72	24.93	81.52	81.03	94.10	26.60	20.47	20.90	24.28	29.36	57.12	0.00	34.55	31.68	65.69	63.33	56.60	69.04	42.69	41.02
20.75	21.49	20.38	14.81	12.24	23.87	27.17	14.59	10.45	11.55	9.04	16.24	64.33	60.24	60.10	30.68	62.77	58.36	50.27	52.39	53.72	29.78	53.93	55.85	50.26	51.22	58.23	54.66	55.98	31.56	69.55	39.17	33.86	104.19	76.65	85.15	35.44	17.96	16.61	12.76	8.22	17.15	34.21	0.00	20.01	75.19	59.30	67.82	61.25	43.03	38.71
34.00	18.06	29.34	22.12	19.36	27.64	18.04	22.63	9.47	19.79	16.27	13.91	55.51	49.38	46.02	19.34	51.94	50.45	33.68	32.03	49.53	20.01	62.22	72.38	67.25	67.15	67.85	74.91	66.41	43.38	63.15	47.07	39.45	88.83	69.95	83.55	44.14	17.02	17.38	19.33	13.96	27.59	29.52	17.81	0.00	54.42	49.40	48.72	46.76	21.80	19.48
69.24	64.15	77.87	73.73	66.31	76.87	52.12	70.88	62.12	65.18	64.41	53.96	46.02	39.87	45.55	45.74	81.46	63.42	36.92	37.03	51.73	43.62	111.90	121.11	111.19	109.91	121.22	140.45	108.72	87.25	105.71	88.35	92.71	31.94	21.00	37.75	84.40	61.72	64.81	63.34	72.97	65.86	64.65	60.68	53.12	0.00	13.00	12.41	11.83	32.28	28.49
72.60	59.79	77.40	72.09	65.88	75.95	45.87	66.39	61.80	71.00	63.96	53.78	26.84	31.02	31.25	29.75	58.74	66.57	42.50	34.49	41.17	27.92	113.93	125.06	104.13	128.60	105.90	132.44	113.15	91.61	92.44	87.24	83.19	33.44	22.21	38.41	93.32	60.82	69.25	59.36	59.42	56.87	58.57	67.47	47.96	12.20	0.00	0.77	0.48	23.64	26.02
78.03	61.22	67.75	62.58	68.35	60.49	47.06	61.90	49.64	62.68	60.86	58.35	30.29	27.98	28.53	27.60	67.26	57.35	37.11	36.66	35.93	31.69	122.88	117.93	115.24	110.83	111.21	134.12	100.53	92.65	109.57	86.45	81.82	31.94	21.78	37.16	96.60	55.64	56.46	55.80	56.15	57.98	59.36	59.78	41.70	13.11	0.67	0.00	0.43	24.40	28.94
80.86	68.79	82.37	58.44	56.53	76.18	51.27	79.50	64.29	62.91	58.60	55.13	28.54	26.74	31.70	28.10	66.95	54.64	43.23	38.39	44.85	34.27	115.20	117.62	134.15	117.64	126.52	130.15	102.04	83.58	108.67	91.58	75.58	31.23	19.60	37.91	92.15	62.78	62.71	69.45	55.03	59.13	58.37	56.88	49.01	14.52	0.58	0.48	0.00	27.92	25.94
50.43	37.23	44.71	44.16	41.94	42.66	25.41	44.81	34.86	36.11	36.59	33.24	41.55	38.64	38.99	19.25	60.94	65.27	23.53	21.54	50.63	17.16	93.03	92.46	91.95	108.57	90.07	105.23	80.92	73.71	82.51	67.28	52.88	62.67	44.57	65.94	67.37	31.98	35.69	33.40	38.98	44.18	35.15	44.01	22.46	29.43	24.35	24.36	23.60	0.00	0.48
43.14	39.58	55.91	39.22	43.03	38.32	30.23	47.15	33.63	42.90	37.71	32.48	41.65	36.69	34.63	17.16	65.14	55.72	23.57	20.18	50.44	19.09	97.79	97.98	97.32	96.77	86.49	85.11	93.71	65.13	77.24	60.45	59.56	62.46	50.95	65.46	61.31	37.88	43.25	42.52	38.82	42.05	39.17	34.15	20.12	30.14	25.44	26.23	23.55	0.47	0.00
~
Delivery quantities;
8 0 6 6 2 1 0 0 2 3 0 10 8 0 1 2 0 0 4 0 2 2 4 2 2 1 2 1 0 3 0 1 6 0 1 2 1 0 6 2 3 4 3 4 4 1 4 2 0 3 
~
Pick-up quantities;
12 30 54 0 0 0 8 24 0 0 54 0 30 12 16 0 30 6 20 18 24 0 0 18 0 0 0 0 12 0 12 0 12 8 0 0 6 6 18 0 6 8 6 0 8 0 0 12 4 6 
~
Vehicle capacity; 
100 100 100 100 100 
~

