Cost matrix;
0.00	24.45	8.38	18.91	12.44	5.68	17.82	11.68	0.76	10.92	70.47	79.21	73.45	17.17	73.11	73.32	64.75	68.28	10.06	73.03	70.43	39.94	92.20	91.81	104.60	44.16	42.31	28.85	53.50	83.63	70.61	87.86	76.95	12.80	1.19	28.87	37.16	0.30	25.74	63.98	57.04	79.74	40.98	13.85	42.56	15.50	18.26	11.74	21.63	12.73	16.43
24.43	0.00	26.10	10.98	18.47	20.44	20.05	20.87	25.27	15.30	57.51	54.53	69.22	44.06	59.58	57.13	59.00	51.80	25.76	62.86	52.96	48.35	80.76	71.75	90.87	70.96	70.48	48.09	74.09	89.69	68.12	76.31	82.57	16.21	22.73	14.50	13.40	23.32	48.43	51.42	57.82	62.98	65.61	34.55	69.20	12.52	40.09	34.73	12.69	17.49	22.77
10.47	22.58	0.00	15.34	5.76	7.45	9.85	5.53	8.67	7.47	65.78	71.63	77.68	21.43	63.60	65.03	50.02	51.20	0.45	51.78	52.87	28.72	96.79	105.54	94.39	47.78	46.29	39.60	45.37	82.54	75.22	61.30	70.67	6.58	7.59	30.78	32.51	7.96	25.10	44.99	45.20	66.48	47.06	19.73	35.68	11.87	25.48	22.75	25.87	8.62	9.46
15.49	11.37	12.18	0.00	6.78	11.88	9.40	9.54	18.38	6.06	63.87	61.47	69.42	39.72	55.68	63.87	45.82	52.32	15.17	55.65	54.20	33.94	92.88	86.27	85.57	68.29	64.67	47.93	68.80	76.11	69.11	65.67	66.38	6.69	16.12	21.45	16.41	16.95	41.01	47.64	42.84	67.87	63.38	26.18	56.14	1.22	36.49	25.69	18.26	5.47	10.15
10.37	15.36	7.07	7.84	0.00	6.38	6.59	2.78	11.14	1.85	62.53	69.94	62.92	28.49	62.15	70.05	59.78	55.60	6.96	48.99	60.50	35.19	79.44	95.25	91.10	50.27	63.18	39.33	59.02	73.07	66.26	61.46	68.18	0.54	10.43	24.91	26.77	12.41	28.85	53.33	45.73	59.11	61.76	24.91	50.77	6.45	29.86	26.11	22.72	1.70	6.76
5.73	17.50	7.80	10.56	5.95	0.00	14.51	8.93	5.42	6.98	62.13	63.47	71.13	23.05	64.87	64.57	63.38	58.68	8.42	65.41	62.88	35.02	104.15	107.72	102.30	50.95	50.13	35.22	52.74	97.72	85.83	74.63	78.39	6.92	5.27	19.67	31.90	6.07	30.45	62.18	52.84	75.13	49.54	17.86	43.10	9.97	25.62	18.55	18.67	8.03	11.84
15.70	18.42	9.76	9.59	6.19	11.95	0.00	4.74	17.18	8.76	56.40	58.12	55.12	31.68	56.27	62.49	53.08	43.32	8.68	45.61	53.20	24.15	75.01	96.73	82.86	51.42	62.78	41.37	53.47	72.59	56.17	62.51	56.75	6.48	15.57	29.81	22.52	17.62	28.10	46.46	36.87	54.96	51.31	28.70	48.18	9.69	32.98	30.84	26.32	7.56	0.43
12.19	18.00	5.77	8.14	3.07	8.04	4.25	0.00	11.86	4.41	68.83	64.51	57.62	26.79	57.68	66.53	50.41	47.87	5.88	50.49	51.71	32.28	82.51	87.77	82.35	53.98	57.35	44.06	59.95	84.39	71.07	68.79	64.68	2.26	13.25	30.88	22.96	11.34	27.50	45.05	44.55	67.35	49.19	24.69	40.88	8.61	32.00	23.11	23.85	4.59	4.05
0.85	25.64	8.98	16.12	10.30	6.16	16.70	11.32	0.00	12.06	78.63	64.72	81.59	17.74	69.16	85.50	72.52	69.64	8.21	65.96	57.27	45.73	104.47	89.77	98.65	42.66	48.98	28.76	49.38	82.92	87.26	76.32	89.48	11.06	0.59	29.43	35.19	0.71	26.30	64.31	54.66	65.62	45.12	14.00	37.66	15.50	17.32	14.02	21.75	10.82	17.06
12.12	16.56	8.10	5.95	1.71	6.96	8.53	4.94	12.36	0.00	63.34	69.26	70.45	32.31	71.53	64.07	59.43	60.89	8.28	49.78	53.17	30.54	84.78	79.18	81.02	52.75	63.35	41.16	58.69	72.76	66.70	70.64	69.31	1.90	12.98	21.30	21.05	12.25	36.21	53.38	47.80	66.65	63.63	21.33	43.00	4.47	31.69	22.22	20.83	0.44	8.21
69.99	63.73	61.69	57.87	65.98	77.40	64.67	65.59	74.77	59.58	0.00	5.61	3.48	100.80	0.58	3.75	21.81	22.52	71.76	18.54	18.86	49.24	30.89	34.85	33.25	114.23	118.49	108.93	110.08	33.53	11.11	36.10	34.14	60.80	78.34	82.30	50.93	79.80	92.70	42.04	45.00	31.49	127.58	83.13	84.62	58.49	99.50	78.19	76.20	65.15	52.13
68.20	58.85	57.39	51.77	66.10	67.88	53.52	57.39	69.98	55.99	5.15	0.00	3.90	99.02	5.28	7.89	17.48	15.97	59.94	14.14	16.71	38.42	38.09	41.33	39.68	104.46	105.24	112.43	119.99	28.66	9.10	31.62	27.64	55.52	73.12	76.76	43.12	80.48	86.09	33.26	40.52	23.55	102.70	83.82	97.79	61.14	98.07	85.64	74.80	55.49	57.79
75.27	55.06	69.88	67.28	58.80	71.30	62.20	67.07	69.38	60.87	3.80	4.12	0.00	92.28	2.93	3.14	21.78	20.23	60.75	17.66	21.45	51.02	31.33	37.78	31.90	105.55	102.88	96.21	118.67	28.92	9.92	30.84	34.11	61.78	69.63	82.12	50.94	74.89	92.48	40.65	45.10	27.17	118.60	89.19	86.61	57.14	82.92	91.51	66.87	70.93	56.07
17.32	45.45	21.71	34.58	31.63	21.25	33.83	27.13	16.64	26.45	91.55	83.94	100.91	0.00	94.53	105.90	69.39	87.22	23.24	78.54	87.15	46.87	102.92	114.60	130.81	30.04	33.18	12.58	27.40	99.41	97.60	80.39	80.74	29.13	17.66	45.97	53.17	17.37	17.33	60.27	60.55	75.22	24.68	13.21	28.75	37.53	0.49	13.15	40.46	31.69	31.75
67.13	52.83	74.30	66.20	60.66	68.30	61.53	70.60	83.88	70.55	0.61	4.50	2.88	91.81	0.00	3.05	20.20	19.90	69.70	19.87	22.50	51.06	36.40	36.57	33.41	106.14	110.76	96.59	120.31	26.07	12.26	31.18	31.41	62.11	76.53	77.96	45.53	76.55	84.92	38.10	52.74	33.10	110.57	87.38	104.58	56.19	90.69	81.68	79.63	61.01	63.64
75.37	71.20	76.15	66.57	58.70	81.15	61.73	65.33	87.09	60.97	3.35	6.33	3.47	95.23	2.80	0.00	21.54	21.26	64.98	23.34	23.86	45.06	30.02	32.29	35.14	110.44	109.35	105.64	131.31	30.85	11.25	35.95	33.09	61.84	73.67	70.19	52.55	76.30	97.00	40.80	56.04	33.48	117.95	100.49	97.20	56.16	99.59	95.87	80.33	63.26	55.82
71.96	55.37	62.85	53.28	51.28	59.74	52.17	51.07	65.22	61.28	19.49	15.06	19.91	76.86	17.70	22.96	0.00	0.16	51.19	0.32	0.42	30.36	55.25	49.90	50.12	89.67	100.25	90.04	103.65	24.66	15.83	19.46	18.40	50.56	69.23	66.41	41.60	65.22	73.31	18.48	30.17	12.61	88.79	84.45	81.53	47.78	81.45	81.05	64.04	49.07	51.77
63.14	63.45	59.90	54.06	58.62	55.87	46.65	47.44	63.76	57.01	19.87	15.99	22.81	70.49	18.90	21.88	0.19	0.00	56.92	0.50	0.44	25.76	59.30	49.05	52.71	111.01	88.95	88.81	107.15	26.15	14.87	20.85	18.70	55.56	68.17	63.14	42.40	62.81	63.60	17.68	24.76	14.01	94.31	83.44	72.05	54.57	70.62	86.98	61.18	60.16	42.48
8.80	24.39	0.41	13.92	6.50	8.53	7.96	6.52	9.90	9.54	75.32	70.34	67.98	20.85	63.29	63.55	52.29	60.93	0.00	56.20	53.07	28.71	93.12	99.66	87.66	43.63	51.11	37.94	51.60	82.95	62.02	74.84	72.59	7.10	9.20	29.17	33.74	10.47	23.53	44.05	47.50	69.26	49.77	22.24	41.24	12.73	24.36	19.67	24.02	9.07	7.96
57.61	60.51	49.07	46.54	59.82	60.15	52.23	56.51	63.72	62.04	21.94	15.61	19.08	86.19	22.37	21.46	0.34	0.45	60.92	0.00	0.22	33.04	51.72	50.52	48.50	106.76	109.13	78.46	99.90	26.81	17.80	19.95	19.56	51.25	58.00	72.11	41.16	65.00	72.83	19.80	24.43	11.69	100.78	80.53	83.10	52.17	83.01	70.44	75.57	54.48	51.81
64.81	55.84	60.09	50.16	49.85	68.56	54.44	47.98	63.54	58.12	20.86	14.73	18.80	72.90	20.49	24.95	0.43	0.48	62.66	0.21	0.00	27.56	53.12	48.35	49.27	91.21	86.17	90.64	87.92	24.74	17.15	18.94	18.93	56.08	56.20	64.54	48.52	67.27	70.91	16.72	24.77	14.22	104.78	73.80	83.91	58.58	85.34	81.38	63.48	54.01	50.46
45.16	44.32	33.04	32.39	31.90	42.25	24.92	29.53	42.37	30.54	47.46	38.84	51.31	54.54	51.82	55.45	26.03	27.79	34.34	26.20	31.60	0.00	89.42	72.36	92.27	63.70	67.61	65.96	74.59	52.72	45.88	36.67	37.74	34.65	45.45	55.18	40.16	37.74	34.81	15.21	12.29	35.16	73.03	57.81	43.70	36.42	53.84	55.40	47.39	36.96	26.54
101.77	78.56	85.26	79.76	87.67	83.65	76.54	90.69	106.93	85.95	35.12	38.25	35.42	125.72	29.25	28.71	54.42	56.81	90.08	50.22	60.26	81.98	0.00	0.49	2.73	137.63	133.73	132.97	127.46	51.45	44.68	62.55	60.79	99.57	101.89	96.72	61.07	106.35	121.97	67.38	77.13	57.44	143.43	108.76	115.15	84.12	123.35	120.97	95.18	77.32	93.86
101.31	86.12	104.94	81.01	83.27	97.94	78.94	91.09	90.96	86.59	34.77	38.67	32.33	132.26	36.43	31.26	60.50	53.32	91.83	56.06	51.52	72.09	0.56	0.00	2.18	131.14	150.08	125.59	146.00	47.89	44.65	57.64	60.39	87.00	107.69	102.58	71.37	96.45	112.54	69.83	73.74	60.42	157.90	100.41	130.28	80.07	120.91	99.35	85.57	97.76	96.23
95.54	84.08	96.49	81.07	92.76	91.49	96.51	84.49	98.62	91.69	36.50	35.94	39.20	110.89	37.14	31.81	51.38	52.53	99.06	58.51	54.41	86.18	2.44	1.88	0.00	135.51	138.71	137.09	131.85	51.35	38.48	61.04	68.86	85.04	99.44	83.79	65.25	103.82	130.73	74.14	79.25	65.31	158.08	129.42	137.10	98.25	122.99	122.11	102.10	80.56	82.03
42.64	65.82	50.57	69.93	48.58	57.30	55.65	56.49	39.73	58.74	105.78	121.53	129.23	28.93	108.21	105.10	108.43	100.55	54.48	107.98	94.93	64.16	144.16	161.48	147.82	0.00	10.65	16.54	9.24	119.37	102.56	118.54	121.92	59.29	49.54	74.54	86.96	50.28	29.42	87.44	82.95	100.77	0.23	35.94	33.94	56.95	24.32	35.16	64.97	57.46	59.96
45.07	69.26	52.24	58.06	50.14	53.82	60.45	53.80	50.04	61.25	100.22	110.34	128.49	26.54	127.78	119.86	106.65	95.11	56.22	93.25	102.76	65.02	135.27	148.56	150.12	9.39	0.00	18.88	0.42	119.61	115.18	95.78	100.54	61.04	48.12	63.04	84.07	44.38	29.49	93.08	79.98	102.19	10.82	40.26	26.02	71.09	26.96	36.54	71.77	52.26	61.82
28.60	47.61	40.23	41.83	37.04	38.77	44.80	45.68	31.30	45.24	114.28	88.70	111.05	11.87	112.09	114.69	91.90	77.81	31.50	96.92	91.76	53.27	133.71	135.82	122.30	16.64	19.66	0.00	18.02	104.59	113.77	100.46	92.38	44.58	27.77	53.86	70.79	33.21	23.08	81.72	75.11	92.42	14.30	23.04	31.86	44.69	11.16	19.29	46.53	42.74	45.44
48.60	64.34	53.15	66.43	51.04	53.21	65.22	51.40	42.26	63.96	109.56	100.56	123.77	27.53	102.98	115.08	108.78	103.18	53.09	109.27	103.56	62.87	160.15	162.61	160.84	8.60	0.37	20.50	0.00	119.32	102.63	111.79	116.71	56.33	46.90	63.53	86.04	54.06	32.79	77.25	70.08	105.23	9.82	41.50	24.18	67.69	29.58	38.44	65.67	54.53	54.31
98.32	77.25	86.02	71.45	81.90	95.95	67.91	69.82	84.64	89.92	26.96	27.45	27.76	117.54	31.91	29.28	27.52	24.99	76.31	24.09	24.81	52.26	47.59	50.59	47.12	138.39	133.37	125.51	121.36	0.00	17.54	16.69	15.56	79.60	87.46	90.22	76.17	103.21	84.15	38.41	48.41	17.41	109.85	111.65	95.58	86.75	113.83	114.37	104.29	77.28	75.51
75.34	70.86	62.24	65.93	68.71	76.13	64.31	65.98	78.22	67.66	11.61	7.63	9.68	87.43	10.84	11.02	15.84	16.42	62.70	17.75	17.85	45.30	41.74	37.30	45.21	127.57	106.47	103.79	106.85	15.52	0.00	23.16	21.65	63.37	75.59	90.86	60.07	82.74	88.74	31.15	48.89	19.06	128.51	81.58	81.29	58.52	102.00	85.13	85.80	74.38	63.48
76.89	67.05	63.83	67.71	66.73	78.55	65.53	69.92	71.27	67.32	31.06	26.83	29.60	83.62	36.49	35.50	21.93	17.94	75.45	18.48	21.20	38.09	59.52	57.23	67.43	120.56	91.24	89.56	95.40	17.10	25.23	0.00	0.56	66.62	83.09	84.35	64.69	89.41	66.98	19.98	32.18	6.38	120.89	94.93	87.92	64.89	97.97	81.76	82.27	61.50	71.53
83.36	80.92	71.16	61.08	79.36	80.81	56.22	68.21	78.57	69.75	36.79	26.83	35.66	97.01	33.85	33.42	19.69	20.46	63.66	21.29	21.90	35.75	60.20	55.65	58.02	108.93	115.03	102.54	103.20	15.99	21.81	0.66	0.00	63.00	84.59	81.00	70.03	73.52	70.40	22.70	28.93	6.86	118.35	90.16	71.81	75.05	94.08	101.37	76.29	77.83	64.09
10.51	19.59	7.23	7.05	0.51	7.51	6.91	2.18	11.24	2.07	63.81	60.19	58.68	25.97	69.21	65.48	55.54	57.64	7.33	59.10	55.25	36.18	90.69	86.61	91.24	52.73	49.93	37.28	55.33	85.90	71.07	70.66	75.42	0.00	11.05	22.31	22.00	10.57	31.20	42.72	43.18	60.09	57.47	25.16	49.21	6.11	32.02	22.82	23.29	1.89	6.14
1.26	25.64	7.85	15.96	9.74	5.98	17.19	11.79	0.63	12.86	82.73	73.89	81.60	18.51	80.94	87.30	56.75	59.75	7.67	64.04	58.51	35.65	104.50	93.04	115.05	39.78	49.45	32.63	53.55	95.29	83.06	70.91	82.92	9.89	0.00	23.93	37.78	1.10	26.63	62.18	58.80	75.82	40.03	12.87	44.03	16.22	18.57	13.56	21.25	12.47	14.94
23.14	14.94	34.05	23.17	24.26	21.11	32.96	27.47	27.86	21.91	75.47	70.85	75.85	44.92	68.55	78.20	66.38	76.43	33.20	78.94	68.71	49.03	95.53	90.92	83.88	64.52	78.03	52.53	74.65	98.13	72.38	87.20	87.17	25.97	27.31	0.00	26.09	22.94	49.36	64.25	67.46	73.85	63.87	26.98	70.22	22.57	39.46	33.18	4.04	22.66	29.74
33.24	13.49	28.39	18.28	25.80	29.45	24.38	24.28	34.85	24.87	49.83	50.12	44.75	50.59	44.61	46.85	41.27	45.33	29.93	49.30	40.50	39.08	71.86	67.21	74.36	77.99	71.39	56.43	83.72	75.85	58.08	69.45	56.20	20.95	36.95	27.00	0.00	36.19	54.77	47.64	50.86	55.55	73.68	44.51	66.12	17.52	46.56	40.37	22.51	22.53	19.83
0.36	22.40	9.85	17.40	10.17	6.06	18.65	12.67	0.71	11.80	66.31	77.78	67.66	19.76	67.06	75.28	65.24	58.06	10.06	61.07	59.32	38.07	109.04	93.09	111.20	49.00	53.72	27.68	42.96	99.22	87.58	76.82	88.10	11.17	1.00	24.88	30.30	0.00	30.01	62.90	50.55	65.89	49.26	14.61	38.25	16.76	20.11	13.07	22.20	13.52	18.83
28.17	42.92	24.99	33.92	30.08	31.91	30.52	32.44	29.46	32.80	83.86	77.31	84.06	21.16	85.48	75.90	68.80	62.72	22.58	69.27	74.80	40.66	114.05	121.73	103.43	29.53	31.74	24.14	29.66	90.65	87.07	66.54	79.37	27.30	22.97	56.85	60.15	27.29	0.00	52.46	42.29	74.82	35.49	27.55	14.41	37.13	19.02	31.52	49.05	35.24	33.74
52.96	54.05	48.15	43.92	45.07	61.77	41.04	46.42	56.95	46.08	38.48	29.82	41.75	68.50	42.11	40.92	16.73	15.65	47.89	18.39	18.23	16.21	68.93	79.53	77.71	84.47	86.07	76.88	73.36	40.20	30.42	20.67	21.00	52.01	51.70	71.41	45.04	62.01	52.10	0.00	11.28	16.68	82.90	75.04	53.27	53.33	73.43	62.36	70.59	53.66	41.00
55.03	61.62	49.61	42.13	44.02	58.19	40.74	40.27	55.07	51.07	52.91	47.78	45.15	56.77	51.41	47.24	30.72	28.30	48.01	26.20	26.08	13.11	82.15	79.76	79.24	88.16	73.99	72.23	75.48	45.33	40.26	33.73	31.30	41.56	51.95	74.15	48.02	49.72	44.19	10.01	0.00	25.36	87.72	63.51	45.09	50.64	61.65	60.43	66.12	53.03	38.66
70.08	72.72	72.09	55.15	60.25	78.95	56.10	69.05	82.74	65.13	31.53	24.10	26.61	94.46	25.71	31.33	15.04	12.05	72.44	13.83	13.84	36.66	65.77	61.92	55.07	103.13	102.97	90.81	112.19	21.75	21.28	6.88	7.20	66.04	80.48	89.24	57.16	80.13	73.32	19.70	24.68	0.00	116.06	94.71	87.19	67.67	93.40	88.35	78.91	66.41	62.87
46.09	75.96	48.06	60.83	49.69	47.03	61.84	58.53	50.22	50.41	106.37	105.45	105.69	27.46	124.50	122.34	91.70	100.38	44.11	112.90	103.22	74.93	143.13	127.61	150.05	0.28	8.88	13.89	9.83	120.56	105.02	99.15	114.25	51.81	41.96	68.78	69.23	50.80	31.32	86.71	80.86	92.69	0.00	33.74	34.08	59.91	27.06	38.87	57.84	53.34	57.54
13.91	33.82	22.26	27.56	26.43	18.13	32.96	24.50	11.89	26.67	89.92	86.05	93.18	10.55	93.73	93.97	80.60	81.86	22.00	79.70	73.80	53.14	115.71	126.70	100.72	38.77	44.85	22.42	41.73	93.89	84.09	81.18	100.63	26.24	13.06	34.31	43.58	14.07	31.80	61.48	63.67	94.22	32.90	0.00	43.43	30.14	12.70	0.44	25.52	24.16	26.83
38.32	67.21	39.37	53.92	43.26	40.69	49.80	46.29	43.00	44.09	96.09	100.95	103.28	31.59	102.14	90.67	74.83	75.67	37.81	79.84	79.23	49.74	110.31	132.36	120.36	33.12	25.40	27.28	27.62	91.59	82.91	87.35	85.29	42.31	43.26	76.07	75.55	45.33	16.36	57.35	56.08	75.55	31.25	43.44	0.00	46.03	33.07	43.66	68.81	49.92	44.27
14.20	11.59	13.29	1.40	6.45	11.18	9.04	7.91	14.55	5.29	62.58	67.91	55.20	31.12	58.55	60.43	56.08	56.85	13.96	46.98	47.23	37.45	84.34	83.73	92.14	68.54	67.92	41.95	58.13	75.05	73.39	67.98	62.37	6.37	18.08	21.96	17.86	16.58	39.55	48.43	43.06	56.60	56.58	27.95	55.50	0.00	32.79	28.68	18.15	4.29	10.67
18.22	41.02	22.45	31.74	25.06	23.36	29.42	25.83	19.32	33.20	92.38	79.82	101.63	0.55	94.06	94.55	68.12	70.70	23.32	69.71	75.67	56.14	107.80	124.95	128.32	27.97	32.15	13.15	32.98	91.96	86.52	98.95	80.07	26.98	17.10	39.28	46.00	19.80	17.48	63.52	64.31	75.62	25.29	12.05	31.93	34.91	0.00	12.90	43.78	27.41	31.77
12.03	38.73	22.78	26.55	20.69	16.88	25.83	25.50	12.02	21.78	79.23	77.20	87.00	12.90	81.05	96.59	83.87	70.39	21.00	68.73	68.58	57.49	107.05	103.63	117.52	33.45	40.45	18.51	36.94	96.17	96.53	102.95	87.52	22.82	11.41	27.10	43.70	12.29	29.43	65.12	65.00	84.97	36.18	0.44	37.63	25.64	13.73	0.00	25.24	22.02	27.13
20.79	10.99	29.15	17.17	22.27	17.13	26.41	23.52	22.97	18.01	64.04	64.90	79.95	34.48	79.45	80.77	74.97	63.43	26.62	64.61	73.50	52.36	101.60	86.83	92.74	60.25	72.45	54.16	69.01	84.67	84.78	85.77	78.73	22.30	21.49	4.12	25.73	23.61	54.83	65.68	61.35	74.24	60.34	30.06	68.11	15.20	41.13	29.46	0.00	19.34	26.09
12.75	14.01	9.12	6.14	1.87	6.70	7.22	4.20	11.23	0.44	67.57	63.32	73.91	30.48	62.19	69.20	58.11	59.42	8.75	54.49	55.73	33.13	91.39	90.08	97.81	51.71	61.24	44.10	59.99	77.68	72.44	76.86	65.45	2.12	10.80	24.43	21.03	13.45	34.98	44.22	49.23	68.84	52.22	25.51	52.80	4.83	27.86	22.19	21.20	0.00	7.06
18.22	20.25	9.45	10.39	7.31	12.99	0.42	3.94	18.26	7.60	61.88	60.18	63.89	30.64	64.77	68.33	53.04	53.96	8.01	46.90	47.64	29.26	78.72	95.27	94.02	54.52	55.29	47.43	54.87	84.18	62.10	62.97	64.51	6.56	17.49	29.23	21.66	15.55	29.42	43.41	35.65	53.03	51.81	27.29	40.36	10.21	34.64	30.70	24.48	7.49	0.00
~
Delivery quantities;
0 0 1 8 16 9 8 12 0 0 0 4 2 0 2 4 1 1 0 5 1 6 8 1 4 1 1 4 0 4 0 4 2 6 6 0 4 6 1 1 6 6 1 2 6 0 4 2 1 1 
~
Pick-up quantities;
36 20 0 0 12 36 24 24 30 6 4 12 0 24 0 30 0 0 4 8 12 12 6 0 0 0 0 0 6 0 8 12 6 12 12 8 6 0 0 18 8 0 0 12 18 18 4 4 0 4 
~
Vehicle capacity; 
100 100 100 100 100 
~

