Cost matrix;
0.00	11.49	9.14	16.43	9.24	36.84	16.76	10.55	15.84	14.10	10.33	6.25	9.58	0.30	15.57	67.46	83.44	83.65	86.37	16.70	76.41	69.99	44.47	39.00	41.58	5.98	88.45	82.78	57.00	46.31	46.89	71.55	78.70	28.66	18.68	54.08	21.34	52.66	12.35	10.79	12.61	19.16	24.02	28.47	0.78	18.16	8.86	9.69	38.92	19.75	26.09	115.99	44.80	103.66	36.06	15.91	33.24	10.85	32.88	15.49	27.33
12.40	0.00	2.42	8.02	2.43	32.99	9.12	2.96	5.36	1.99	6.11	5.16	5.92	11.03	7.33	66.47	64.86	55.29	67.43	6.16	67.36	67.20	28.88	29.56	32.40	8.20	66.94	63.29	45.41	37.23	40.94	64.94	71.31	21.42	9.07	40.98	13.58	43.19	1.13	2.30	0.55	7.93	23.20	27.45	12.74	7.45	1.35	2.91	49.56	30.79	26.87	101.84	35.83	76.11	56.33	28.00	42.62	26.26	37.40	23.81	13.87
8.07	2.57	0.00	11.26	1.85	34.51	11.18	3.07	5.42	4.52	5.31	3.10	6.20	9.76	9.94	66.58	61.46	58.53	73.91	9.35	66.20	68.09	29.99	37.48	31.41	4.35	67.90	72.80	43.22	39.27	45.89	78.12	76.61	20.00	11.01	41.22	16.35	40.16	2.15	1.83	3.06	11.59	18.29	29.72	9.51	9.98	1.37	3.96	46.57	27.25	26.49	84.12	36.66	91.04	50.69	24.28	42.74	22.98	37.01	27.42	15.58
19.64	7.88	11.16	0.00	9.07	26.64	0.90	9.91	9.87	5.42	10.17	11.17	10.08	17.94	13.10	62.68	66.05	62.84	54.28	2.60	54.33	63.84	23.91	28.30	25.66	15.46	62.40	58.01	37.79	39.10	35.41	63.88	66.03	14.81	0.66	31.83	6.74	35.38	7.88	9.55	8.14	6.06	29.20	33.26	15.89	5.69	8.49	7.88	50.50	31.60	32.64	92.89	26.60	79.29	53.57	32.94	57.04	33.69	43.35	32.59	7.13
8.60	2.37	1.65	9.33	0.00	34.86	9.27	4.16	7.78	4.58	3.59	2.99	3.98	9.63	9.33	64.71	67.42	63.36	68.11	8.43	62.59	62.41	33.45	33.93	32.89	4.92	76.33	79.28	42.34	40.57	42.46	79.00	71.41	21.28	9.05	40.97	15.58	40.61	3.16	0.72	2.52	11.06	19.59	27.36	8.21	10.30	1.40	2.13	45.24	28.45	29.70	106.89	31.81	79.24	48.43	26.83	47.21	19.48	41.80	24.28	16.10
44.89	31.25	37.40	26.09	37.52	0.00	20.92	32.70	30.92	29.42	35.61	37.69	29.66	42.21	35.80	44.56	46.99	49.75	48.71	26.74	43.10	46.96	0.90	0.57	0.37	39.87	41.43	41.34	33.21	33.48	31.50	52.50	49.39	29.27	22.71	27.06	15.95	28.42	28.78	30.11	27.85	26.94	51.74	33.43	45.73	27.92	36.16	33.23	67.36	54.86	52.31	79.64	0.11	72.30	72.32	53.66	66.23	54.66	61.33	61.72	18.11
18.37	9.15	10.67	0.91	11.29	21.63	0.00	10.47	9.80	7.23	9.70	11.71	10.60	16.51	14.72	56.51	64.69	52.18	68.45	3.45	59.74	63.46	20.36	23.68	21.22	16.97	66.72	65.46	33.82	34.69	33.38	61.42	66.92	15.02	0.41	36.62	5.62	38.60	9.22	8.69	7.11	6.57	28.99	29.84	15.99	6.80	9.72	10.01	52.44	37.49	34.13	81.20	26.24	91.85	59.69	34.36	56.77	33.47	49.48	37.88	6.73
12.07	3.00	3.58	10.99	5.24	36.65	11.26	0.00	2.97	3.90	7.35	6.11	8.73	10.45	5.31	68.33	59.48	69.59	62.45	6.60	55.76	74.79	38.05	35.01	33.30	7.68	60.64	73.17	40.36	39.76	36.76	70.28	61.61	20.24	9.66	43.77	18.47	42.31	2.26	4.84	4.11	7.71	19.29	32.07	12.31	7.61	3.73	6.94	42.62	25.85	36.55	88.26	31.78	81.31	50.50	26.29	48.42	25.16	36.61	26.01	18.07
15.93	4.54	5.89	8.95	7.19	33.31	10.86	2.69	0.00	4.87	9.58	9.76	10.04	12.89	3.45	63.71	64.50	66.41	59.29	7.16	65.12	65.76	30.51	31.53	34.90	9.82	62.25	66.35	39.74	36.82	34.07	63.28	76.01	16.95	11.82	32.91	17.07	40.06	4.23	7.88	5.22	6.19	17.27	38.39	13.79	6.00	5.26	7.74	44.65	30.54	31.30	99.35	36.83	73.13	57.51	28.92	44.53	23.45	44.15	30.25	17.43
11.75	1.92	4.39	5.53	4.24	33.88	6.00	4.98	6.02	0.00	6.08	7.00	7.20	11.76	9.10	64.23	54.54	55.78	60.03	4.07	67.34	75.04	33.74	27.29	29.36	9.50	66.44	63.63	41.62	37.58	39.80	68.23	72.42	19.17	7.44	39.89	12.23	39.03	2.58	3.52	1.53	7.96	22.22	30.88	13.37	6.51	3.30	4.33	45.89	32.09	27.46	81.62	29.22	78.84	57.29	31.74	49.98	22.36	36.20	31.03	11.96
9.39	5.02	5.08	10.40	3.90	28.08	9.42	8.30	10.00	6.06	0.00	5.74	0.70	8.46	12.68	72.01	76.17	73.04	63.07	9.14	64.76	70.01	34.56	31.08	35.73	7.57	77.30	67.39	47.05	46.98	40.20	66.31	67.28	25.52	8.93	48.70	15.22	41.81	6.12	3.54	4.59	11.67	27.54	22.90	10.06	11.99	4.95	2.37	37.81	28.09	24.91	94.65	34.21	86.40	45.09	26.14	45.46	22.91	35.51	25.66	15.06
5.85	5.40	3.07	12.48	2.72	31.84	13.94	6.53	9.85	8.07	5.32	0.00	4.56	5.52	13.36	67.30	61.31	77.41	79.24	12.59	63.53	72.15	39.55	36.02	33.68	3.18	73.00	66.99	49.90	49.08	43.33	75.89	75.88	24.75	13.76	40.36	18.50	45.96	5.68	3.82	5.51	12.68	20.48	29.06	5.67	12.34	4.02	4.72	43.95	23.60	26.25	108.83	37.92	79.49	43.92	23.04	40.90	16.17	39.40	22.59	18.55
9.70	5.91	5.59	9.45	4.20	28.31	11.01	8.05	10.59	6.64	0.65	4.64	0.00	9.75	14.03	71.26	67.39	59.22	76.25	9.17	62.81	78.95	35.56	35.15	33.59	8.08	73.80	77.29	46.86	48.01	48.60	71.86	67.00	23.52	9.80	40.19	14.24	41.24	7.48	3.91	6.03	12.03	23.65	26.82	7.32	13.46	5.83	2.46	46.11	28.96	27.29	90.59	30.92	97.41	42.36	25.21	44.98	22.72	38.64	25.04	15.22
0.29	11.18	9.53	17.05	8.62	40.87	19.53	12.07	14.98	12.67	8.15	5.57	8.96	0.00	15.11	73.61	83.85	78.61	78.32	18.09	66.81	79.60	38.10	37.13	38.75	4.70	83.73	74.08	48.85	51.92	53.00	78.89	81.42	26.23	18.94	56.06	20.82	57.17	10.21	9.71	10.39	19.37	23.02	28.61	0.85	18.39	10.37	10.24	35.83	17.98	25.63	108.39	38.69	101.98	41.81	18.68	30.62	11.54	33.80	16.78	24.57
18.65	9.31	9.87	11.03	9.68	36.35	12.45	5.23	3.47	9.34	14.09	12.62	13.67	15.01	0.00	63.69	63.67	58.63	59.11	10.17	52.95	66.29	33.87	33.11	32.68	13.03	66.17	69.46	37.92	31.25	33.25	72.08	64.00	14.45	12.51	35.05	15.83	33.65	7.73	9.00	7.57	7.48	17.54	38.24	15.59	6.37	8.26	10.73	47.59	28.59	34.86	76.38	37.80	81.88	49.06	29.79	47.53	32.15	43.01	30.44	20.72
79.82	61.79	69.62	58.37	73.62	52.43	59.56	65.64	60.86	68.15	70.40	73.81	76.27	77.65	64.06	0.00	6.15	3.34	7.85	53.40	3.49	7.05	53.55	54.23	47.06	70.44	16.65	13.57	22.50	26.08	25.60	16.34	16.80	52.83	61.62	25.07	59.61	27.09	72.35	65.60	72.34	61.03	64.81	75.02	84.79	60.50	67.95	66.97	105.31	97.56	97.39	30.67	52.32	41.63	116.24	100.93	108.73	84.31	111.47	79.37	62.56
78.66	57.68	73.26	61.30	75.06	49.04	53.59	63.61	60.13	65.23	72.18	69.21	69.83	75.21	63.06	5.54	0.00	2.40	3.50	53.48	3.00	4.09	52.52	40.80	44.75	78.15	9.38	10.05	26.19	24.79	23.67	11.63	9.34	51.12	52.91	24.12	55.52	21.98	63.12	59.90	68.46	56.34	74.26	75.35	75.37	53.14	69.48	63.77	113.71	90.97	100.46	37.97	42.34	45.99	106.21	82.61	115.05	92.74	110.57	99.38	62.07
75.25	63.71	74.04	53.43	68.83	47.85	52.93	64.68	62.61	60.77	61.85	63.78	62.41	83.38	59.96	3.42	2.90	0.00	5.61	62.48	0.07	5.76	51.28	41.87	51.56	66.43	12.29	13.20	22.00	26.02	21.19	15.02	11.68	47.11	63.81	26.21	61.19	21.29	70.38	60.60	58.69	52.29	64.80	85.58	65.21	58.60	65.92	64.67	116.38	80.65	92.97	41.09	41.26	41.34	126.42	80.12	105.04	84.03	113.79	97.26	51.87
70.65	65.93	69.86	59.73	67.70	50.55	61.54	63.77	57.24	64.33	71.00	78.37	69.36	70.76	63.06	8.06	4.09	6.79	0.00	62.33	6.57	0.62	46.50	54.69	43.74	76.45	7.90	6.71	30.63	29.16	25.84	7.40	7.40	45.43	63.92	25.01	61.94	26.17	71.86	62.00	63.04	64.03	85.67	96.56	70.83	64.21	61.44	64.54	115.65	83.81	81.76	32.82	54.74	47.81	119.67	83.75	126.47	82.91	119.29	84.35	62.82
15.07	6.38	8.32	2.67	7.94	28.91	3.87	7.46	7.32	4.51	8.76	12.35	9.53	16.34	10.42	53.90	56.56	65.05	58.82	0.00	51.69	64.82	23.01	26.94	29.56	14.92	61.95	62.57	30.75	34.60	35.29	55.80	68.09	13.82	3.41	34.01	8.25	32.64	6.82	8.17	4.71	4.82	25.58	28.83	17.14	3.71	6.52	7.95	57.37	32.43	30.16	80.16	29.28	79.18	53.37	31.06	53.98	31.89	43.90	30.24	9.21
80.30	57.08	73.65	59.72	70.30	52.85	51.72	55.98	66.05	58.51	73.40	74.23	64.92	79.48	56.33	3.28	2.44	0.08	5.84	61.40	0.00	7.08	44.17	47.87	48.20	65.16	12.50	11.82	21.44	22.19	25.12	11.90	14.91	50.69	57.49	24.14	54.53	25.12	59.69	61.87	63.60	53.25	80.21	80.60	69.64	60.63	67.35	63.75	110.98	88.37	85.72	41.06	48.56	40.22	114.00	77.54	120.12	87.04	96.10	91.84	58.79
75.82	70.66	67.81	68.08	66.49	55.02	59.35	63.90	67.12	62.49	72.10	81.41	77.34	73.08	70.94	8.41	4.48	7.25	0.60	66.88	6.40	0.00	43.73	53.11	53.91	71.97	7.73	8.04	26.02	28.44	26.08	7.62	8.35	44.86	59.58	28.60	66.56	32.23	76.47	76.64	72.74	56.08	77.23	94.93	88.36	68.02	78.43	69.60	104.86	96.56	84.27	33.17	55.30	52.55	106.56	87.71	111.89	100.14	107.96	93.68	62.59
41.39	28.19	31.91	26.80	34.16	0.85	21.93	31.06	31.69	28.97	28.57	36.68	28.51	38.37	36.48	49.61	42.00	43.63	45.35	24.34	53.49	54.59	0.00	1.44	0.89	40.37	53.07	42.56	32.56	28.34	29.92	43.94	45.47	28.97	21.45	28.82	15.65	29.77	29.92	32.25	34.37	26.04	57.18	37.04	44.76	26.15	31.40	34.99	75.89	50.92	42.80	73.43	0.83	79.27	76.30	56.88	79.99	49.34	57.37	56.86	15.91
36.90	29.47	37.71	26.70	31.12	0.62	21.11	33.42	31.40	34.07	31.66	34.37	36.48	42.75	35.25	56.12	48.90	44.01	47.43	27.15	46.98	49.03	1.49	0.00	1.00	37.20	47.88	43.84	33.61	33.54	28.06	47.21	48.41	29.49	22.03	30.31	16.83	34.67	37.89	37.97	33.51	26.57	46.60	34.55	39.03	29.96	31.74	29.15	73.41	63.22	45.06	76.62	0.48	82.82	71.55	53.98	70.07	52.43	63.44	63.92	19.92
41.30	29.69	35.61	22.06	33.36	0.37	26.34	30.76	36.81	32.91	33.66	36.23	34.65	42.56	32.01	50.69	47.71	48.76	46.39	25.49	53.01	46.16	0.79	0.86	0.00	42.46	48.97	45.24	27.01	29.03	33.44	42.91	51.61	25.72	22.41	29.55	16.53	34.01	35.67	36.08	29.96	27.71	56.63	42.30	38.16	26.99	31.24	29.50	76.69	59.19	49.02	77.71	0.51	73.68	70.66	63.68	70.04	52.30	67.33	61.91	15.78
5.89	7.14	4.93	13.40	5.14	36.63	17.57	7.06	10.30	9.49	8.67	3.12	8.89	4.80	11.38	64.46	64.38	77.63	72.82	11.65	66.18	84.55	38.79	35.50	44.08	0.00	67.56	85.88	42.98	47.69	50.95	69.81	78.66	24.10	14.77	51.32	19.47	50.54	7.79	5.76	8.42	16.84	16.85	34.65	6.45	15.22	6.59	6.96	39.35	20.66	30.38	99.15	36.22	92.54	45.15	22.37	34.65	16.94	39.81	21.63	21.02
79.17	65.98	66.15	60.71	64.27	41.16	62.87	77.38	70.70	69.65	76.44	64.74	74.69	85.59	61.08	16.65	10.48	13.04	6.74	59.63	11.39	7.03	43.02	50.90	48.70	74.29	0.00	0.30	28.66	32.20	29.14	0.68	0.76	56.78	66.21	30.65	51.67	28.22	73.43	76.44	59.96	55.67	78.38	93.84	90.18	55.54	76.40	78.98	106.44	107.98	102.71	43.28	51.39	60.52	113.95	85.17	123.92	85.61	109.89	103.69	54.14
81.24	72.68	69.91	66.37	74.34	48.77	60.73	68.20	64.28	72.60	76.69	81.02	65.99	87.17	64.89	15.73	11.16	13.29	8.30	58.89	12.08	6.34	42.27	49.40	44.99	85.24	0.29	0.00	28.83	32.87	29.80	0.56	0.60	57.59	56.93	34.24	62.93	29.33	62.10	70.40	64.48	64.19	82.19	89.76	73.91	62.24	71.46	71.91	121.22	89.27	83.57	43.68	44.05	54.24	103.97	88.35	113.23	85.87	104.97	106.47	51.40
48.39	41.24	40.63	39.23	43.96	31.17	32.91	37.57	34.53	38.68	41.23	46.10	44.21	49.52	38.02	24.31	23.99	21.61	30.03	38.15	22.40	28.51	32.93	28.63	32.28	42.13	34.02	31.00	0.00	0.14	0.44	32.20	28.40	21.41	36.88	0.38	35.81	0.24	42.34	40.31	44.25	34.66	43.64	60.23	58.23	36.35	38.22	39.78	76.36	62.95	69.10	59.83	34.11	46.96	96.43	64.04	91.51	68.17	86.69	71.66	33.07
52.67	36.80	42.34	37.00	40.80	31.58	38.12	36.00	37.91	36.69	43.90	49.18	46.00	46.47	32.31	26.52	26.52	24.99	30.81	35.51	22.48	27.82	27.83	33.59	33.35	48.38	31.12	34.18	0.18	0.00	0.55	31.58	28.61	24.44	32.49	0.51	35.99	0.19	43.51	39.36	40.08	34.37	52.68	58.46	49.61	29.26	36.46	44.27	78.13	68.58	64.89	49.19	29.62	52.33	87.95	66.54	78.63	68.33	70.78	66.17	36.08
54.38	36.83	40.55	35.86	43.08	29.97	39.68	37.81	42.36	36.57	43.93	51.48	42.05	46.99	38.43	24.23	27.02	20.33	26.61	37.56	25.22	24.77	32.52	33.02	31.31	51.10	31.45	34.48	0.44	0.59	0.00	27.93	34.66	24.20	35.38	0.12	36.10	0.63	36.73	37.42	37.97	35.96	43.30	56.01	54.58	31.09	43.10	38.62	92.96	68.33	61.14	51.85	29.16	47.01	94.41	72.47	90.51	69.10	80.27	58.25	35.43
79.43	76.06	73.98	61.17	69.88	41.44	66.70	67.90	60.00	62.71	65.54	71.86	71.00	70.48	58.48	17.19	11.47	12.88	8.65	57.08	11.65	6.89	42.19	47.88	43.46	72.22	0.66	0.53	32.52	31.15	29.94	0.00	0.14	50.64	64.24	32.66	65.11	29.20	62.12	73.28	75.61	60.98	75.63	88.02	72.23	54.90	77.43	79.93	102.44	89.98	86.12	46.73	42.56	58.06	110.02	84.66	111.21	103.84	106.73	88.95	52.61
70.49	64.61	63.75	63.72	69.79	44.99	57.20	65.33	72.95	63.82	77.26	83.31	77.09	82.73	63.79	14.73	10.83	14.70	9.15	63.21	12.82	7.85	46.55	46.69	45.72	69.60	0.84	0.60	28.96	32.36	30.88	0.14	0.00	58.12	58.41	27.66	64.85	29.45	65.08	63.08	75.52	54.73	90.58	89.37	81.57	60.21	67.20	70.05	125.38	99.04	100.48	40.84	50.08	51.69	119.03	108.38	119.13	98.38	107.54	106.41	61.75
28.99	17.31	22.60	16.69	22.19	26.63	18.43	15.87	16.72	17.03	24.55	27.20	23.58	31.96	14.06	52.87	40.59	49.21	46.41	14.87	41.39	45.80	24.98	26.63	29.00	21.94	56.25	50.74	23.21	23.95	24.95	47.00	56.38	0.00	18.30	21.58	17.58	24.81	20.31	23.66	17.01	10.35	29.92	51.26	29.81	10.58	19.23	21.47	56.65	46.69	52.84	75.84	29.79	69.61	63.48	40.86	70.55	40.43	66.50	44.24	19.06
20.94	9.46	12.00	0.80	9.72	26.15	0.50	9.53	10.73	7.10	9.61	12.22	10.41	19.22	13.99	67.51	64.42	60.97	60.36	3.53	60.83	65.83	21.56	26.11	22.50	16.90	56.32	58.25	33.67	31.08	37.31	64.89	65.66	15.50	0.00	33.86	5.58	33.04	10.40	9.99	7.99	6.35	31.21	29.12	18.17	6.99	9.46	9.06	50.95	38.94	35.57	92.54	23.91	92.70	50.69	38.67	55.38	29.98	40.08	33.88	5.43
46.62	35.50	39.15	34.79	37.61	34.24	36.49	44.24	42.30	36.16	41.08	48.79	39.82	50.92	37.84	28.30	24.90	23.72	26.50	32.72	25.61	29.73	28.61	33.57	32.15	43.28	27.32	29.98	0.43	0.47	0.11	32.73	33.04	21.81	35.12	0.00	31.32	0.69	36.76	42.57	42.77	31.72	45.50	68.62	46.17	29.34	40.02	40.58	96.55	74.42	69.56	55.29	28.12	49.40	82.74	62.79	92.37	72.42	70.32	70.81	34.91
20.74	15.41	16.17	6.44	16.34	16.67	5.10	16.61	15.25	11.76	14.50	19.72	13.57	22.27	18.45	52.11	49.90	58.96	61.96	9.28	53.70	63.36	16.29	21.16	19.93	20.41	52.25	55.08	32.69	36.12	30.75	54.21	64.23	20.05	5.23	31.45	0.00	32.74	16.19	16.94	12.17	11.41	34.85	27.49	20.65	10.67	14.48	13.01	56.10	37.78	31.39	89.65	15.96	91.67	64.32	44.05	62.66	34.38	43.85	40.32	0.61
55.38	37.10	47.36	36.97	46.61	32.25	31.16	42.74	37.49	35.28	44.13	47.61	47.40	57.64	34.60	24.87	21.80	23.73	30.25	37.36	25.49	25.81	33.12	28.30	32.40	41.14	27.31	28.60	0.19	0.20	0.71	32.69	27.73	20.55	32.50	0.55	35.83	0.00	39.33	42.32	38.66	33.45	45.09	56.08	54.84	30.41	37.74	48.12	95.22	58.22	63.02	53.41	27.06	46.32	79.71	62.91	84.07	61.52	89.64	59.13	29.57
11.75	1.21	2.76	7.54	3.36	28.72	9.75	2.17	3.72	2.80	5.93	6.18	6.73	11.98	7.98	71.59	61.63	55.77	74.92	5.36	65.26	72.29	31.43	30.32	28.75	6.67	74.92	64.22	40.07	38.46	45.13	71.60	75.02	17.06	10.17	42.94	16.29	44.85	0.00	2.68	1.72	8.27	20.77	27.59	10.96	6.51	1.58	4.04	51.08	24.62	34.75	89.33	35.67	77.01	56.05	27.85	49.83	21.92	36.35	30.28	14.09
8.63	2.20	2.02	9.24	0.57	36.18	9.39	5.12	6.24	3.83	3.51	4.06	3.78	9.85	10.85	60.15	62.08	68.15	73.24	7.30	64.71	77.67	32.65	30.64	34.28	6.15	66.85	76.36	47.26	42.92	46.41	73.26	68.10	23.18	8.72	41.05	15.26	38.79	2.88	0.00	2.04	10.56	25.37	30.57	10.56	9.14	1.09	1.48	49.91	23.09	31.22	91.49	34.54	92.60	45.44	23.13	45.28	20.67	38.93	27.32	15.93
13.21	0.61	2.86	6.54	2.55	33.82	7.09	3.89	5.51	1.46	5.88	6.13	6.01	10.38	8.18	72.16	65.07	70.17	66.06	4.69	66.24	64.64	34.30	34.27	28.18	8.16	62.57	60.72	43.17	37.51	39.95	70.18	71.62	17.83	8.48	43.12	13.95	44.34	1.63	2.14	0.00	8.82	21.71	27.76	11.67	6.44	1.76	2.97	48.46	28.82	34.13	96.49	32.78	89.06	56.34	28.08	46.00	26.45	40.54	26.88	14.90
20.86	7.91	10.35	5.73	12.15	27.36	8.09	9.01	7.06	6.53	13.13	15.88	13.34	20.56	7.92	54.77	50.83	61.74	58.85	4.05	54.05	66.20	25.97	28.75	29.09	14.70	57.96	53.43	30.35	29.20	32.07	68.70	58.27	12.09	6.43	29.56	10.01	30.41	8.41	10.09	7.51	0.00	26.98	39.78	17.46	1.10	8.89	10.56	60.09	37.48	37.67	92.26	24.10	68.93	60.46	33.60	52.46	29.77	49.45	32.52	12.37
22.93	22.22	22.11	27.86	22.15	54.39	26.61	20.63	20.87	21.31	28.37	22.23	24.54	21.85	17.63	81.81	77.10	78.10	67.55	26.56	71.69	79.97	54.19	55.52	52.01	17.48	87.38	74.14	55.08	48.03	51.42	72.24	90.27	29.77	27.07	46.64	36.20	53.53	20.82	22.48	23.44	24.76	0.00	53.16	20.12	25.15	20.43	25.39	47.97	20.47	39.70	92.55	56.15	81.54	46.34	23.33	44.61	24.97	52.82	19.87	39.18
29.66	32.14	32.77	26.08	28.56	41.51	27.13	34.43	39.24	29.54	24.49	26.90	24.55	29.51	37.78	89.12	85.86	91.04	90.98	34.48	78.01	88.99	33.31	41.12	40.48	29.02	82.62	88.69	54.22	67.37	68.42	88.66	78.39	44.22	29.26	63.45	28.29	69.89	32.53	26.83	33.38	37.73	45.25	0.00	28.29	34.99	26.05	25.52	38.43	42.64	10.77	103.36	36.57	97.28	50.76	36.95	37.68	29.78	23.76	35.58	27.66
0.92	10.09	8.31	19.68	9.56	39.98	20.31	10.62	13.44	13.20	9.04	6.53	9.25	0.73	19.23	83.62	75.16	65.71	69.21	15.48	84.05	84.35	40.99	39.46	43.85	5.21	77.65	80.45	56.59	46.17	57.41	80.96	75.44	33.05	18.69	53.07	22.65	45.81	10.27	9.53	10.54	17.97	20.80	22.86	0.00	17.13	10.88	9.49	38.83	19.62	24.54	94.35	43.49	101.66	41.42	19.72	33.87	11.69	27.07	18.09	26.49
18.37	7.07	9.02	6.60	9.77	26.33	7.36	7.23	6.92	6.79	13.11	13.66	11.77	18.10	8.12	53.65	59.71	59.91	63.88	3.35	56.06	60.85	24.12	27.60	30.30	15.72	55.18	57.38	28.73	33.24	36.66	63.66	63.55	11.27	6.77	33.27	10.68	32.49	8.40	10.45	8.20	0.89	21.47	36.31	18.42	0.00	8.89	9.91	54.60	35.46	38.66	86.90	30.70	72.11	53.70	35.33	57.87	27.70	45.39	30.65	10.07
9.39	1.18	1.49	8.93	1.70	33.57	10.52	3.60	5.46	3.42	5.61	4.27	5.63	8.84	8.25	68.31	63.54	59.26	70.99	6.26	68.06	65.55	32.98	37.09	36.89	6.26	70.30	71.07	41.47	40.21	47.03	75.57	73.39	19.04	8.96	38.29	13.83	38.96	1.51	1.33	1.48	8.69	23.38	26.35	8.90	8.81	0.00	3.22	49.10	28.55	32.41	100.03	31.25	82.58	46.36	25.54	44.66	24.46	39.81	24.63	16.46
9.09	3.53	3.66	9.28	1.68	32.49	8.69	6.29	7.97	3.54	2.14	4.01	2.77	9.21	10.65	60.96	72.47	71.06	75.23	7.52	73.62	71.15	32.28	28.72	33.63	7.60	67.35	78.51	44.78	47.82	40.07	75.04	62.24	23.68	9.64	39.77	15.83	37.47	4.81	1.79	3.33	12.12	26.17	27.38	8.24	9.21	3.07	0.00	45.41	24.47	28.47	100.91	31.26	82.80	50.08	23.53	43.49	21.58	38.58	26.10	15.50
36.33	43.82	43.16	50.94	47.01	77.35	46.23	45.51	51.06	43.00	40.43	42.56	43.76	35.05	55.61	117.01	122.78	113.89	103.50	56.28	112.69	109.59	72.76	79.29	63.76	35.74	123.55	129.52	76.09	84.94	97.09	106.52	102.06	61.12	56.90	86.71	60.03	86.06	47.50	43.19	50.48	53.47	49.26	41.90	31.25	59.14	41.07	39.94	0.00	27.10	27.80	124.72	82.13	123.33	6.91	26.15	0.59	21.77	17.09	25.21	64.24
15.51	28.36	24.01	35.13	26.94	60.42	34.63	29.23	28.69	29.14	28.17	19.81	27.50	17.56	31.31	98.69	79.39	84.60	99.62	36.79	84.43	87.95	53.59	61.35	60.48	21.08	97.06	89.18	69.13	70.17	69.18	99.67	86.46	40.15	32.63	65.15	39.05	70.65	30.42	26.32	29.66	37.66	24.20	38.51	18.79	36.52	25.11	23.29	25.71	0.00	27.31	112.49	55.13	101.95	22.90	0.23	24.54	9.75	26.65	0.47	45.76
22.44	27.47	31.98	33.71	27.76	44.86	30.84	32.31	37.55	30.23	23.56	27.67	24.93	24.65	40.07	90.63	85.25	100.60	85.22	33.69	92.38	103.65	43.73	47.89	51.94	27.13	80.68	91.83	64.43	62.90	60.58	95.15	92.01	44.25	31.53	68.49	38.94	66.58	27.83	27.02	28.22	34.65	49.21	9.86	24.90	33.28	30.49	26.68	27.08	30.65	0.00	125.32	49.38	110.05	31.62	28.34	29.84	22.36	15.66	32.25	30.35
91.31	83.11	101.55	100.83	100.55	86.85	82.21	84.19	91.56	85.44	109.27	90.57	90.51	116.48	90.55	32.71	35.51	34.31	38.33	97.84	34.75	35.38	90.67	82.32	92.55	111.80	42.27	48.36	58.50	56.77	52.04	48.37	48.46	75.09	82.08	52.16	85.11	54.67	98.63	92.69	101.64	84.09	100.22	109.10	115.12	87.98	82.57	107.96	137.40	126.50	137.54	0.00	85.21	21.41	130.32	107.08	120.77	102.91	118.57	125.74	77.79
36.69	29.43	38.43	22.52	31.54	0.11	22.03	36.22	35.09	28.03	33.45	33.80	31.45	38.13	32.35	45.15	49.00	41.42	53.84	25.14	51.03	45.46	0.87	0.51	0.48	34.48	48.22	51.22	27.02	29.68	27.08	50.73	47.65	25.56	21.03	27.94	18.89	33.17	30.32	30.22	32.45	30.08	57.99	40.15	39.99	26.87	31.95	30.22	75.00	64.61	41.35	77.34	0.00	71.84	79.37	65.96	73.98	50.08	61.41	56.23	19.10
104.26	86.02	92.58	72.68	82.35	74.89	84.37	85.15	85.93	83.15	92.79	93.58	88.99	99.37	70.00	36.16	49.10	39.81	44.85	84.88	40.26	43.92	83.26	78.78	92.39	85.88	49.44	54.35	46.04	51.14	51.85	50.50	52.06	65.88	77.09	55.26	92.11	52.58	80.02	92.78	84.04	81.55	88.32	105.27	83.95	78.30	89.00	81.37	133.38	105.13	112.05	22.38	77.65	0.00	125.32	109.40	139.23	110.47	109.86	109.12	89.33
36.23	49.00	47.46	55.66	52.72	69.57	52.32	51.90	48.71	53.73	47.11	49.10	51.35	41.93	49.81	124.25	101.28	120.42	129.07	59.03	125.54	128.18	68.13	87.12	69.27	45.15	110.26	133.97	101.55	91.53	94.38	104.80	126.47	64.25	60.88	96.46	67.32	84.46	54.65	44.52	46.01	53.57	47.90	47.81	37.09	60.40	50.22	45.40	7.20	28.65	40.46	132.38	74.47	119.21	0.00	26.22	6.83	29.63	22.44	26.80	65.53
17.27	25.07	26.50	36.42	24.39	59.19	36.13	23.85	30.62	28.44	26.46	21.21	25.59	18.53	32.99	92.31	89.10	100.47	89.37	33.55	83.91	102.81	65.39	56.98	58.20	18.15	83.48	107.94	60.42	71.37	70.44	89.30	99.78	43.58	39.11	61.10	41.29	65.86	27.81	26.48	28.49	38.46	21.18	35.21	20.30	34.43	28.74	28.20	24.48	0.24	32.27	123.82	54.20	91.11	28.12	0.00	25.98	9.42	32.47	0.22	42.35
33.09	44.39	38.20	55.97	39.23	70.29	58.54	49.55	52.09	45.26	46.11	36.88	39.99	31.38	47.59	105.43	116.23	121.49	127.10	55.25	107.06	110.53	77.13	72.09	66.05	38.83	99.59	120.16	86.16	80.86	80.62	125.28	113.02	61.64	47.29	78.85	61.25	92.12	42.58	43.33	44.15	59.63	40.87	39.22	31.31	51.60	39.16	40.56	0.55	26.77	29.52	137.78	75.62	136.65	8.16	23.97	0.00	24.12	18.52	22.65	63.15
12.81	24.12	23.08	30.20	20.59	51.69	34.44	22.07	23.46	23.03	23.07	17.41	20.23	12.46	28.69	97.80	81.41	89.11	95.32	32.50	81.10	93.73	57.22	53.57	54.66	18.07	88.95	81.16	71.30	62.87	66.31	87.22	86.46	47.78	31.15	65.88	37.04	61.78	24.32	21.50	27.06	33.79	25.67	32.12	13.13	32.68	23.20	22.85	25.02	10.98	21.86	118.40	51.34	102.78	24.60	9.53	23.56	0.00	22.14	9.87	36.49
33.58	43.71	42.30	44.17	37.35	64.50	42.54	36.78	50.37	39.14	37.42	35.69	35.06	27.14	45.91	91.76	93.07	108.49	100.40	39.51	91.74	103.42	62.09	56.17	68.17	34.72	111.80	110.19	79.16	72.34	82.20	99.73	105.67	65.93	45.44	70.68	41.87	70.09	40.16	42.60	35.81	47.46	52.41	25.46	31.41	52.88	34.61	35.39	17.24	26.98	13.09	116.67	53.96	124.09	26.89	30.53	17.35	19.80	0.00	33.01	49.55
16.22	26.55	23.49	32.95	21.87	63.69	31.16	27.16	29.31	29.66	26.31	24.35	23.82	19.04	26.31	99.27	87.76	100.43	88.95	31.10	85.15	88.26	63.05	60.01	58.45	21.27	92.29	84.61	68.05	63.39	74.08	100.07	93.91	41.05	39.68	58.33	41.93	71.32	24.47	26.72	24.35	38.88	23.42	39.33	18.23	33.27	26.18	29.65	25.51	0.47	33.22	118.99	58.85	107.98	26.11	0.23	24.90	9.55	31.39	0.00	41.42
27.22	14.38	18.96	7.65	17.04	16.61	6.20	19.36	16.26	13.96	16.14	16.92	16.56	25.55	19.87	54.23	51.31	58.50	59.90	10.74	49.91	59.48	15.46	18.53	17.27	24.59	57.84	60.49	35.56	34.08	37.45	53.26	57.59	18.48	5.69	34.98	0.56	31.21	17.18	16.54	15.01	12.33	40.28	26.89	21.55	9.98	17.77	16.47	53.88	44.64	34.09	83.33	15.95	93.22	54.54	38.44	54.57	38.43	46.38	38.58	0.00
~
Delivery quantities;
6 1 10 0 0 1 10 0 3 0 5 1 8 2 6 1 0 4 1 8 4 8 2 0 3 1 0 3 1 3 2 4 2 4 2 2 1 2 2 0 2 4 0 1 4 0 4 2 2 1 2 0 2 4 0 4 0 4 2 0 
~
Pick-up quantities;
42 0 0 36 54 0 0 36 16 20 0 0 18 30 18 0 12 0 18 0 0 0 12 12 0 12 4 8 0 0 12 12 0 0 0 0 0 8 12 8 0 0 6 4 0 4 0 6 0 12 4 4 0 8 12 6 4 0 12 8 
~
Vehicle capacity; 
120 120 120 120 120 
~

