Cost matrix;
0.00	12.19	18.63	17.65	17.82	11.98	18.97	9.40	5.25	18.66	18.68	13.44	15.95	0.27	0.90	10.99	14.11	61.40	85.14	86.54	67.66	99.40	38.34	95.66	73.70	72.03	57.60	110.08	70.44	58.45	67.10	91.12	79.93	70.55	115.67	99.68	111.85	31.75	10.69	35.08	15.03	30.82	20.87	18.03	14.36	11.64	12.80	98.61	60.72	97.02	10.71	30.24	20.24	47.64	30.44	17.31	47.95	54.56	61.37	36.40	73.31
11.15	0.00	4.18	25.29	9.52	6.63	9.96	7.25	7.33	9.75	9.67	2.10	11.08	12.58	12.65	5.24	0.16	60.20	68.22	60.40	71.60	93.67	44.80	73.18	57.89	56.45	52.43	96.67	53.71	52.02	58.15	67.51	72.31	73.91	82.39	101.66	84.05	37.54	4.73	21.09	3.63	22.38	17.85	29.56	6.69	6.79	4.97	104.49	70.56	81.91	5.38	39.51	13.51	60.52	40.92	32.02	45.68	57.74	48.38	37.62	62.64
16.89	4.21	0.00	33.01	8.83	7.48	6.50	11.16	10.55	6.74	10.20	5.36	13.68	18.61	19.73	9.18	4.27	57.09	55.32	62.46	66.14	85.59	56.00	79.31	52.50	53.99	47.61	79.30	50.43	49.24	53.70	72.72	71.33	71.82	87.28	88.40	77.95	39.31	8.17	15.88	6.11	18.09	19.29	32.18	9.07	7.81	7.30	86.07	66.82	83.58	9.17	44.13	14.45	55.36	44.19	38.91	53.36	47.61	57.02	37.23	48.04
15.50	23.91	26.43	0.00	30.33	32.08	31.30	27.24	20.08	38.69	32.56	27.65	34.04	18.23	17.88	28.05	22.65	80.57	102.66	91.80	84.66	122.48	26.53	116.07	78.36	75.69	88.00	98.75	90.55	91.70	87.92	93.69	90.88	107.39	102.44	115.16	113.15	24.69	30.11	40.56	22.04	50.40	22.77	20.57	33.37	29.19	27.02	118.45	38.03	118.00	22.93	27.61	39.16	32.13	29.14	20.57	63.73	65.55	73.41	56.34	73.60
16.05	9.09	8.92	33.14	0.00	4.01	3.39	7.95	12.29	4.84	0.22	7.64	3.19	17.90	17.45	6.46	10.14	46.75	62.28	59.78	59.70	94.80	62.19	74.57	53.66	51.91	43.67	87.06	47.74	48.89	51.53	69.31	57.68	70.91	98.65	83.46	88.72	46.99	6.34	23.44	11.72	25.28	29.10	30.76	3.39	4.98	6.55	94.42	67.25	78.69	7.87	41.15	3.59	58.79	45.95	36.19	42.67	43.90	47.09	25.77	50.21
12.18	6.08	8.77	31.25	4.31	0.00	6.76	3.71	8.46	7.25	4.11	4.24	6.62	11.80	12.96	3.00	6.42	56.87	65.04	69.23	62.70	91.01	53.10	80.71	53.19	48.04	49.19	79.74	50.78	47.90	48.75	62.87	67.67	75.91	79.56	94.03	98.79	44.48	2.66	23.35	10.37	21.07	21.76	29.25	0.49	0.61	2.00	102.42	60.92	78.80	3.10	39.79	6.89	49.40	45.36	32.69	46.32	44.37	49.38	30.75	48.15
20.37	8.94	7.36	32.76	3.79	5.70	0.00	11.47	14.21	1.01	3.35	7.62	5.46	16.39	17.36	9.14	8.43	47.89	54.88	61.95	58.78	90.48	54.46	80.48	41.21	48.07	48.95	72.47	47.06	50.17	49.66	59.35	67.49	59.61	80.08	89.33	91.08	37.48	8.05	17.20	13.07	18.51	21.77	38.94	6.19	6.35	7.69	82.63	75.57	71.06	8.62	41.60	6.04	67.65	50.57	36.06	43.04	43.22	51.57	26.79	42.22
8.86	7.13	10.43	27.78	7.76	3.56	8.95	0.00	6.50	12.56	7.57	5.82	7.80	9.83	9.44	3.70	7.44	48.11	65.95	62.91	67.01	86.26	51.78	96.45	48.41	60.05	53.54	97.31	51.67	60.98	58.84	67.56	66.73	67.86	102.56	103.42	98.32	42.73	4.52	29.53	12.84	31.35	21.35	24.79	3.92	4.16	3.08	95.65	67.95	80.53	3.10	33.78	9.54	54.38	36.86	22.84	49.95	46.15	49.16	34.82	55.65
5.14	6.67	12.02	20.49	12.39	8.35	14.74	6.49	0.00	13.91	14.20	7.20	17.00	4.74	5.19	6.62	8.08	54.31	63.62	76.71	67.73	101.95	48.68	88.40	54.77	60.97	67.64	99.16	68.81	67.30	64.05	83.54	75.39	70.60	88.66	93.77	92.43	32.92	6.31	28.97	7.35	26.55	18.16	21.65	9.18	8.58	8.29	108.38	53.21	82.72	5.39	39.86	13.83	50.39	39.25	24.07	55.23	50.29	52.37	36.14	54.97
21.11	10.16	8.03	34.72	4.06	6.82	0.98	11.96	15.64	0.00	4.75	7.97	6.26	18.78	21.93	8.67	9.09	44.84	64.68	54.71	55.71	81.35	55.49	71.27	48.83	47.93	48.76	74.37	44.82	48.74	51.37	64.97	68.72	64.67	92.42	81.54	84.08	43.26	7.76	20.41	13.65	17.20	22.86	35.73	5.92	8.36	8.47	94.33	79.40	81.15	8.74	45.15	8.13	60.08	42.38	33.60	38.69	51.38	45.17	30.43	42.48
15.12	8.43	10.38	30.02	0.22	4.00	3.21	8.08	12.74	3.95	0.00	7.15	2.67	18.11	16.38	8.06	9.71	42.10	60.46	57.88	58.05	80.92	52.49	77.33	54.26	44.13	54.27	78.50	44.94	44.99	54.84	68.36	71.50	55.35	94.77	77.91	87.49	46.68	6.80	23.68	12.41	23.24	25.56	36.60	3.34	4.80	5.47	86.05	63.67	91.27	7.09	47.12	3.78	55.99	42.35	33.18	34.56	46.40	42.84	28.57	52.32
10.61	1.89	5.68	29.07	7.58	3.91	7.64	7.01	7.49	9.40	7.83	0.00	9.30	11.03	11.41	2.77	2.19	50.19	70.52	69.69	62.89	86.97	55.81	79.43	52.04	48.98	55.41	81.84	51.43	47.78	49.74	70.66	61.94	62.44	88.96	97.89	96.99	37.56	1.90	23.90	5.87	24.48	17.49	26.74	4.06	3.83	3.18	101.38	71.93	89.12	2.89	46.12	11.38	58.15	39.88	27.92	46.60	53.84	53.82	36.47	56.36
17.57	12.42	10.66	37.62	2.94	6.09	5.30	8.38	15.52	5.70	3.06	10.09	0.00	18.73	15.84	8.63	12.27	41.07	66.18	57.15	66.04	82.22	63.17	70.21	46.93	48.23	47.12	96.90	46.92	42.73	51.05	65.66	69.54	62.30	92.65	94.86	92.32	52.06	8.30	22.82	17.82	24.70	30.12	30.81	5.61	6.64	8.70	97.89	76.61	77.63	8.79	39.18	0.80	58.62	48.36	29.00	36.09	44.85	45.56	21.75	42.03
0.34	11.32	15.94	17.74	15.56	12.70	16.91	9.74	5.73	21.55	15.57	11.64	16.12	0.00	0.80	10.21	11.87	57.75	72.87	73.69	85.86	106.18	42.58	104.58	61.29	71.80	62.25	102.66	71.99	62.24	61.07	83.51	80.53	78.67	103.48	110.12	115.34	37.29	12.46	34.13	14.94	37.98	23.44	19.24	14.80	12.88	11.80	116.96	48.36	104.47	10.84	28.42	16.16	38.54	33.71	16.88	54.25	48.74	57.93	38.42	72.23
0.87	12.71	17.58	17.64	17.52	14.01	18.54	8.21	5.52	20.89	16.11	12.60	16.97	0.86	0.00	10.94	12.27	70.82	72.00	83.22	78.38	93.48	36.19	102.22	63.10	61.90	73.51	95.19	56.43	63.53	60.25	70.31	85.45	72.77	108.61	94.58	103.71	37.69	12.82	30.59	15.96	34.78	20.39	18.78	12.19	13.49	10.88	108.05	56.53	103.52	10.87	26.58	16.81	43.85	29.93	17.68	49.19	60.01	50.32	40.91	57.47
10.67	4.96	9.24	28.47	7.01	3.01	8.82	3.52	6.53	10.17	7.24	2.62	10.54	11.07	10.46	0.00	4.19	50.23	62.86	76.51	67.65	96.75	54.05	79.63	59.69	60.88	57.41	97.37	50.50	48.98	63.31	75.10	79.31	68.10	92.60	95.39	88.69	41.81	1.62	24.05	8.34	22.31	19.45	23.79	3.77	2.49	1.56	110.99	61.83	80.64	0.31	37.03	10.78	48.20	35.01	24.25	51.90	49.69	45.48	35.06	53.21
13.61	0.19	4.84	25.72	8.63	6.02	8.12	8.64	7.31	8.55	8.66	1.80	12.30	13.83	11.98	4.88	0.00	59.28	65.69	72.06	65.98	83.86	50.44	75.45	57.38	49.10	53.60	92.67	59.84	61.93	54.51	70.99	68.69	62.47	94.99	89.28	90.60	33.66	3.84	19.92	4.08	18.89	16.86	27.68	6.43	6.33	5.47	94.17	59.42	91.73	5.16	44.64	13.23	51.08	42.74	28.27	43.84	49.91	60.44	32.93	51.71
59.41	57.23	51.52	81.16	50.66	54.81	50.93	51.63	64.04	46.90	50.12	57.46	51.85	68.42	65.38	61.07	61.34	0.00	21.68	27.47	26.28	63.61	106.57	49.93	1.04	1.08	1.29	49.67	0.54	0.93	1.31	19.42	17.13	18.05	58.84	62.47	56.85	79.80	49.77	47.06	55.98	44.40	71.62	76.57	49.69	49.35	48.65	49.96	103.46	37.92	49.37	92.18	40.14	94.53	90.35	68.16	24.63	41.74	39.18	28.50	1.43
80.70	60.38	55.49	80.98	54.44	69.25	57.15	70.33	68.59	63.22	66.50	72.40	58.80	80.35	78.43	65.98	68.11	20.18	0.00	4.27	2.91	35.87	107.49	27.26	24.64	20.86	21.82	34.41	22.86	24.48	21.82	11.31	12.00	12.68	34.36	36.08	29.85	95.30	70.87	52.56	75.28	46.02	76.04	91.52	67.12	60.59	59.27	39.26	141.03	20.69	75.67	98.75	59.67	113.44	102.85	94.35	55.34	64.90	64.28	49.41	21.79
84.58	58.03	67.71	80.15	62.92	64.82	52.63	73.39	80.41	52.80	67.55	60.77	58.40	75.58	70.54	73.91	70.44	25.04	4.20	0.00	1.65	33.54	117.89	21.29	22.34	26.35	25.34	29.81	28.72	26.84	27.16	15.92	14.77	15.76	33.71	29.96	33.50	88.47	61.19	43.31	65.41	43.81	72.44	90.46	68.10	66.35	75.48	36.76	123.23	21.30	72.25	109.89	67.50	104.97	98.60	98.57	51.42	74.94	69.47	52.81	23.03
71.78	58.87	68.47	83.36	55.31	61.37	56.40	62.98	67.96	52.21	66.53	71.41	58.45	69.53	79.15	69.10	56.81	24.12	2.82	1.56	0.00	33.77	129.44	23.30	20.78	26.02	24.39	29.68	23.32	24.59	22.44	14.74	14.11	14.64	34.70	37.19	34.53	93.16	57.80	43.91	61.15	41.99	68.62	101.10	63.25	72.03	60.35	39.57	140.05	21.55	67.23	97.04	66.02	117.12	96.35	86.35	56.49	65.72	67.83	51.59	25.96
94.35	104.40	90.14	106.74	79.37	85.97	85.74	103.44	90.29	85.68	98.93	81.34	91.11	106.58	108.71	92.83	85.47	63.35	31.34	35.76	29.59	0.00	155.95	9.80	49.84	59.63	61.29	4.27	62.56	63.46	52.45	41.44	39.74	45.29	1.98	0.30	1.82	103.78	104.44	71.32	80.77	70.29	102.20	113.80	103.79	104.69	101.14	21.99	155.56	22.06	107.22	147.90	81.63	145.63	148.04	134.19	88.77	88.66	93.19	75.60	54.71
34.92	46.65	51.52	28.08	59.86	57.28	51.03	54.31	46.93	63.65	56.25	54.00	59.58	36.76	36.46	49.77	53.84	105.95	101.17	118.94	107.59	133.28	0.00	133.21	101.77	103.57	109.08	120.30	91.47	99.56	102.28	125.52	114.63	105.87	156.56	125.36	132.22	39.74	56.85	68.85	51.93	75.18	48.76	31.32	53.66	52.46	43.94	160.97	16.98	150.54	54.33	22.93	62.62	4.42	27.42	28.08	82.53	85.70	86.12	86.71	106.70
88.20	86.34	85.24	114.39	77.80	78.37	84.93	81.00	91.49	77.07	80.00	75.75	71.01	88.25	95.42	78.54	75.27	45.03	29.92	24.24	28.32	9.94	125.98	0.00	49.62	42.99	52.55	6.67	48.50	43.25	55.09	36.37	42.41	39.59	8.30	10.93	10.37	104.96	90.83	53.10	76.53	52.65	88.61	101.56	80.84	78.94	72.44	27.97	132.46	19.63	75.58	131.80	77.46	151.68	137.69	122.52	78.72	91.59	88.47	73.87	54.41
69.00	55.38	46.63	87.16	49.04	46.50	49.00	57.90	57.36	49.34	53.02	53.34	45.55	66.96	70.94	53.63	56.18	1.04	22.65	23.71	23.68	58.16	117.34	44.21	0.00	0.30	0.35	51.67	0.45	0.24	0.59	16.01	17.77	17.76	53.73	50.72	55.76	96.42	56.11	44.20	55.64	48.09	66.63	75.62	46.96	57.59	51.08	58.59	116.38	38.40	51.39	94.83	42.83	113.65	87.71	68.25	27.94	38.68	42.09	29.87	0.52
61.06	56.66	47.18	88.99	51.28	48.43	45.94	57.64	58.48	47.57	42.18	59.92	50.91	68.43	59.20	51.58	52.34	1.10	23.40	22.05	21.71	60.87	113.24	43.23	0.26	0.00	0.54	48.42	0.51	0.18	0.84	17.55	19.25	16.91	49.24	51.81	60.96	77.37	53.65	44.43	53.56	43.71	70.67	74.92	45.25	56.44	50.29	52.20	134.35	40.38	57.28	93.05	45.82	110.51	82.70	67.79	25.44	43.21	46.26	26.85	0.77
66.07	57.36	59.38	82.82	51.10	48.55	43.11	62.14	64.76	45.87	53.15	54.66	52.85	60.61	60.10	62.16	48.97	1.49	21.13	26.56	23.65	57.31	113.77	43.42	0.36	0.57	0.00	59.18	0.85	0.69	0.20	14.89	16.89	18.98	57.37	64.17	48.99	82.01	50.36	39.89	54.28	46.11	65.96	70.46	56.46	57.13	56.39	54.34	110.86	36.88	61.63	90.27	44.91	107.72	92.36	76.60	29.87	43.14	39.61	27.39	0.22
91.87	80.00	93.31	117.02	78.31	77.84	83.41	102.08	101.79	74.17	93.30	77.05	82.18	91.24	88.60	79.70	80.71	56.06	29.93	26.78	29.99	4.80	130.04	7.17	60.89	52.40	57.27	0.00	57.35	53.29	55.71	36.12	36.28	45.72	2.44	4.13	2.44	103.68	94.94	70.64	80.88	61.93	87.43	108.44	95.83	99.16	82.22	22.29	148.92	22.94	95.14	138.69	86.92	156.45	119.28	113.51	83.47	88.11	84.96	85.11	57.16
65.94	50.35	47.47	73.42	50.56	54.75	47.54	48.96	58.07	50.37	46.17	49.27	49.75	60.62	70.82	53.85	49.04	0.58	20.51	26.95	26.14	51.68	108.33	45.08	0.43	0.54	0.70	49.17	0.00	0.26	0.90	16.65	15.70	16.97	57.81	64.69	58.73	76.05	47.00	43.84	52.83	45.72	73.16	84.34	52.09	50.65	57.77	59.63	124.81	37.41	48.99	91.94	49.28	111.00	94.02	72.70	25.33	38.81	44.83	28.77	0.76
69.02	60.23	51.66	77.57	52.90	46.36	41.34	50.91	57.22	50.54	53.86	55.75	45.58	60.93	63.52	49.57	54.90	0.93	23.10	25.94	22.95	60.99	110.42	47.07	0.29	0.20	0.61	54.12	0.26	0.00	0.81	18.80	18.51	16.78	52.41	54.08	48.64	95.68	53.74	44.58	62.10	43.93	62.63	85.06	46.73	59.15	47.99	50.82	125.87	43.47	49.72	88.96	43.79	107.58	93.19	74.91	27.29	39.27	46.41	31.33	0.78
72.87	50.47	58.76	77.42	43.51	47.66	45.09	54.49	54.98	44.53	50.21	61.03	50.32	60.39	68.14	62.14	56.43	1.48	19.21	26.29	25.30	61.53	113.07	53.45	0.51	0.85	0.22	57.36	0.95	0.75	0.00	15.05	16.71	18.77	56.89	62.16	48.77	93.97	48.95	48.48	56.10	41.48	61.32	69.02	57.95	47.36	57.45	53.76	109.22	39.14	62.68	100.35	42.12	114.20	87.70	80.61	29.25	40.97	42.26	27.02	0.03
70.92	69.23	71.62	104.47	64.11	71.20	65.21	69.09	73.12	55.40	69.59	71.17	64.84	72.43	87.42	69.08	62.71	16.54	13.15	16.66	13.32	47.34	115.84	35.20	16.04	17.01	15.11	37.48	16.84	18.71	18.08	0.00	0.25	0.37	40.09	49.18	47.28	85.94	77.90	56.98	71.45	50.91	86.83	106.00	60.22	71.77	77.67	35.92	122.76	22.66	62.06	114.08	67.67	120.75	104.83	90.46	41.83	57.09	62.70	46.83	15.13
84.37	76.24	65.21	95.87	59.21	71.52	60.88	70.63	75.42	56.97	57.89	77.70	60.24	75.29	82.11	64.20	74.60	19.84	11.27	16.85	13.57	40.44	118.02	38.39	19.74	15.77	19.40	39.25	19.95	19.03	19.23	0.28	0.00	0.19	36.96	43.58	41.57	102.48	75.58	61.58	75.95	52.23	80.64	95.99	74.15	63.50	76.04	32.82	118.48	25.62	67.95	118.85	61.73	118.45	105.81	93.03	45.48	62.29	56.37	50.98	16.03
86.00	77.69	62.43	104.36	70.65	59.97	65.45	74.05	73.62	56.37	66.24	65.81	61.86	84.56	85.99	75.28	63.95	18.75	13.86	17.32	16.02	43.32	111.72	33.12	15.11	19.49	17.80	37.82	18.57	16.39	17.19	0.31	0.19	0.00	47.87	38.55	42.52	86.83	66.57	55.85	63.86	49.97	76.30	99.86	61.35	64.36	63.54	33.82	134.43	25.86	79.29	111.94	60.00	112.83	96.78	91.01	38.09	54.74	58.41	52.95	16.48
111.81	84.87	96.43	110.23	89.40	87.67	92.08	101.58	92.24	75.50	88.00	93.12	81.91	100.60	99.40	91.15	94.21	56.08	37.98	27.26	33.10	1.91	146.45	8.22	50.03	50.12	48.98	2.29	57.80	53.47	58.61	41.94	41.67	47.38	0.00	1.96	0.40	97.22	95.96	78.19	97.54	66.69	92.68	128.11	87.01	96.80	80.06	24.49	149.28	21.78	86.53	141.38	90.11	159.00	138.78	125.54	86.10	102.96	112.17	79.56	57.10
99.73	99.40	93.52	103.18	99.53	89.84	90.01	108.80	107.91	96.54	79.63	91.05	84.48	93.87	99.66	99.42	87.51	51.14	37.86	32.60	37.76	0.24	154.72	10.07	58.02	50.05	58.23	4.69	62.27	63.80	51.39	40.79	46.25	47.42	1.99	0.00	2.01	107.26	84.48	66.36	82.83	71.53	100.09	107.29	104.62	103.28	85.45	21.65	145.00	20.81	101.76	145.59	93.20	146.84	124.33	108.74	89.67	107.26	99.11	92.52	62.16
89.87	89.30	91.62	118.45	79.50	86.94	88.49	103.78	90.70	87.68	77.71	90.49	99.85	108.09	104.90	99.18	98.90	57.27	32.52	30.63	34.73	1.61	134.45	10.36	53.35	62.49	50.79	3.13	58.56	53.31	56.15	42.98	42.40	40.06	0.39	2.02	0.00	102.63	97.88	63.83	86.71	75.04	87.73	118.03	90.54	95.96	98.82	21.30	176.63	23.01	95.85	130.11	90.79	155.39	117.56	123.06	86.30	103.14	88.89	91.52	52.13
31.66	35.45	35.91	26.00	46.90	41.57	38.95	36.61	32.34	40.78	47.44	32.29	41.80	30.41	32.07	37.57	34.35	86.11	91.32	94.65	90.87	106.84	43.73	84.72	85.05	87.31	94.31	103.32	90.66	88.99	76.84	99.05	101.03	84.96	112.07	115.22	110.94	0.00	40.10	44.83	27.76	40.22	17.19	42.35	42.58	38.64	34.26	107.74	62.73	112.11	39.53	55.98	44.08	47.02	51.68	45.01	79.12	91.68	91.99	71.89	81.05
12.22	4.21	6.51	24.21	5.72	2.17	7.43	4.47	7.08	9.23	6.65	1.97	7.73	12.68	11.28	1.58	4.34	48.70	70.96	73.46	66.61	96.49	48.89	72.91	52.03	52.03	58.53	99.29	58.61	60.82	59.40	64.73	71.12	68.59	81.41	101.34	96.96	33.32	0.00	26.68	7.32	21.29	22.04	26.73	2.73	1.74	0.97	113.69	72.02	94.95	1.46	38.20	8.57	52.75	45.82	26.96	46.83	47.59	52.08	28.35	48.44
33.52	21.50	18.55	42.12	25.64	21.22	17.35	24.49	30.01	17.29	22.48	22.75	24.26	35.61	31.33	27.97	23.35	39.21	53.86	47.35	45.68	74.36	66.13	61.09	47.26	42.15	45.05	58.84	44.25	44.31	45.11	62.89	58.56	57.36	71.15	69.44	62.83	42.28	23.71	0.00	18.91	0.54	26.29	47.37	25.42	27.28	25.36	73.80	79.86	66.65	23.49	56.96	23.55	68.08	56.49	58.65	49.10	54.31	60.66	36.35	47.08
13.71	3.88	5.56	25.18	11.36	9.45	10.82	11.53	8.58	12.36	12.61	5.53	16.60	12.96	15.95	7.87	3.82	57.23	69.84	71.40	62.82	89.88	55.37	80.62	56.37	61.26	59.01	84.22	61.25	59.08	61.89	63.96	73.27	76.96	81.74	80.84	94.07	28.31	7.21	22.50	0.00	20.91	14.55	29.35	9.59	10.14	9.51	106.44	64.51	97.79	8.40	43.42	14.66	56.56	45.69	34.11	49.73	51.00	54.98	38.65	62.91
36.74	20.31	16.36	43.81	25.49	27.08	17.57	26.43	29.63	16.56	19.75	22.35	26.66	33.99	38.11	22.18	19.93	46.74	49.04	52.34	47.12	71.78	62.62	60.99	47.08	39.54	46.03	67.26	41.53	45.46	42.62	59.35	50.44	56.94	60.71	74.08	78.06	37.22	24.56	0.65	23.43	0.00	22.22	54.46	21.67	22.54	23.97	77.31	82.77	76.10	28.34	70.31	24.38	67.37	68.42	47.88	47.17	62.77	64.32	41.23	47.32
21.68	15.25	18.25	20.04	27.29	24.49	21.66	22.20	17.11	26.61	28.99	19.92	26.81	20.44	25.40	21.60	17.95	65.79	72.05	72.69	69.94	87.77	49.48	73.41	74.72	60.19	65.60	91.87	63.07	67.02	67.76	87.11	70.70	70.41	86.27	105.60	95.85	19.03	19.74	21.99	13.88	26.63	0.00	40.49	22.14	25.80	20.34	106.89	60.64	101.27	20.72	44.70	29.09	52.93	53.67	40.58	72.33	62.83	69.68	49.57	66.07
18.72	31.50	36.24	20.51	28.32	27.44	37.14	25.50	21.35	32.72	34.61	31.25	29.15	18.85	17.56	27.58	29.23	84.94	81.28	93.14	103.72	137.25	27.88	107.60	75.04	84.86	77.90	115.26	85.13	81.09	76.05	86.60	86.97	106.39	113.33	136.48	109.13	48.68	26.57	46.27	28.23	46.60	38.55	0.00	31.56	31.32	27.19	141.70	42.56	112.35	28.69	11.34	34.06	30.34	11.23	0.52	57.26	55.21	56.04	51.00	84.66
14.46	6.09	7.32	29.33	3.63	0.46	5.33	5.04	10.43	6.50	4.12	5.22	6.21	12.43	13.57	4.22	6.31	45.50	61.89	67.48	68.16	86.79	50.22	82.94	57.99	51.55	53.20	91.21	45.69	46.00	48.92	68.19	60.16	63.50	79.16	103.16	88.63	44.39	2.43	24.11	9.30	25.71	21.71	33.45	0.00	0.99	2.16	95.34	65.62	87.33	3.26	37.43	7.17	54.12	42.55	27.57	39.99	42.36	51.49	30.52	57.79
13.21	5.51	8.46	26.39	4.82	0.69	6.84	3.63	7.60	7.02	5.27	4.26	7.50	10.65	12.15	2.45	5.52	52.51	68.41	66.37	65.39	82.74	45.21	90.64	49.34	52.37	55.01	94.98	47.08	57.32	46.61	66.18	72.21	65.01	88.50	88.13	99.14	37.32	1.70	22.71	9.53	21.24	20.54	30.52	1.15	0.00	1.22	109.28	70.75	80.87	2.28	37.32	7.59	52.04	38.25	27.66	41.50	51.51	47.16	29.56	55.14
12.22	5.51	7.62	30.99	6.02	2.05	8.65	3.49	8.26	7.91	6.82	3.05	8.74	11.01	10.80	1.45	5.29	47.84	68.34	68.35	64.38	89.03	50.19	89.09	60.23	58.55	58.73	97.29	55.12	52.94	50.61	60.52	63.78	70.26	86.64	97.33	85.00	42.07	1.19	23.46	8.41	23.61	21.38	29.73	2.26	1.26	0.00	93.48	61.90	88.68	1.17	38.62	9.38	56.12	40.60	30.99	44.65	43.35	47.88	34.25	52.82
104.85	96.25	100.61	121.43	104.98	109.16	81.28	116.24	99.81	82.80	93.63	109.63	87.67	126.55	124.28	99.71	109.07	50.54	36.67	34.68	35.60	22.82	153.07	30.34	55.02	51.21	52.20	23.25	50.42	54.49	54.67	40.46	38.99	32.68	26.46	24.48	23.58	106.62	106.09	83.07	96.17	86.39	109.48	112.46	99.69	110.97	92.14	0.00	181.30	12.95	95.13	135.96	103.34	143.76	141.05	111.35	80.79	91.77	89.63	74.18	50.34
48.72	62.96	75.44	46.17	62.85	75.30	66.54	66.00	55.31	75.05	65.30	60.52	70.91	48.55	62.15	66.97	73.20	115.18	116.55	150.34	146.20	178.12	19.24	159.04	121.19	113.88	107.82	138.64	121.14	110.47	105.80	126.41	121.48	135.08	170.46	138.93	141.02	52.93	64.57	90.41	70.49	80.02	66.50	43.78	61.27	70.33	61.33	188.45	0.00	145.33	65.92	36.55	81.22	13.18	30.12	46.41	112.23	98.52	99.83	85.37	123.71
91.40	84.04	85.44	118.95	77.58	79.38	85.50	96.13	98.52	74.88	89.64	85.21	91.38	99.01	94.05	91.42	84.71	45.50	19.91	21.42	19.99	21.34	152.23	20.51	41.92	38.51	37.16	21.12	37.34	38.38	42.26	23.88	24.53	22.49	19.86	20.61	22.73	111.60	75.96	66.71	83.53	74.55	83.50	98.52	77.55	80.24	91.91	16.26	149.12	0.00	86.45	115.58	80.20	146.94	122.17	114.01	62.56	90.87	92.31	75.95	42.50
9.65	4.39	9.34	26.37	6.25	3.36	9.10	2.84	6.47	8.43	6.74	2.83	9.79	9.17	9.30	0.32	4.94	48.39	69.64	65.65	59.39	104.26	51.32	88.60	60.50	56.06	48.73	90.20	53.25	52.19	56.67	65.81	78.03	74.29	91.48	94.86	84.22	36.54	1.38	23.85	9.54	26.31	22.79	30.17	3.83	2.33	1.30	98.99	65.57	82.74	0.00	39.71	10.36	57.18	38.07	30.55	50.94	55.70	53.43	28.61	59.93
32.07	39.12	51.60	29.52	48.26	38.17	47.96	41.37	35.71	53.20	43.56	39.82	49.18	29.33	30.42	34.30	41.00	94.28	98.11	94.37	91.08	127.11	24.69	127.20	87.25	81.54	87.41	133.77	96.72	100.11	80.28	118.68	95.97	101.96	119.17	132.09	125.16	52.74	39.11	57.85	49.51	64.60	50.86	12.14	39.87	36.90	43.66	141.99	33.85	113.03	44.44	0.00	40.50	24.25	0.49	12.29	61.82	57.22	68.83	59.40	81.44
17.17	13.53	13.57	32.35	3.94	6.76	6.77	9.11	17.44	6.65	3.90	11.51	0.86	16.85	16.29	10.48	13.66	43.95	55.59	64.19	66.33	78.62	53.58	87.14	51.08	45.39	52.15	90.81	40.64	49.88	41.93	55.10	69.99	57.29	98.21	91.32	94.44	47.90	10.06	23.35	17.74	28.46	26.83	30.73	7.29	6.59	9.14	105.03	65.98	77.13	10.24	42.93	0.00	65.36	41.12	29.31	36.08	37.79	40.02	25.54	46.83
44.18	60.01	54.22	27.68	60.29	58.98	53.96	47.09	42.28	56.97	52.74	54.64	53.64	46.74	46.22	49.52	59.59	110.44	111.87	113.13	126.17	140.12	4.10	138.08	113.74	109.58	115.60	145.04	111.25	115.27	107.11	120.15	126.04	133.12	142.45	139.16	145.12	41.16	48.85	68.10	47.77	78.16	50.11	31.87	52.26	60.92	47.76	134.91	14.53	132.90	48.26	24.74	56.76	0.00	30.11	34.99	83.48	94.88	88.78	78.14	99.82
27.43	46.74	46.67	28.91	40.58	41.88	51.49	39.24	36.02	43.29	47.23	39.41	45.05	30.84	27.55	44.08	41.67	98.07	116.62	107.97	96.65	130.52	23.50	117.11	78.39	93.31	84.59	143.17	99.07	100.26	87.98	115.21	99.02	105.39	140.22	131.84	141.85	58.19	41.74	69.44	41.17	57.35	55.05	13.05	36.78	40.29	41.59	131.89	37.90	127.32	36.47	0.40	42.93	27.15	0.00	13.39	65.22	72.32	58.74	63.97	90.98
20.65	31.85	38.64	20.25	29.16	31.99	35.94	26.87	21.32	35.93	35.64	29.32	28.97	20.06	18.77	25.85	30.76	80.38	84.23	83.12	90.57	117.18	26.58	104.77	80.57	71.38	77.66	105.43	86.77	76.85	72.44	101.40	84.31	83.81	115.04	125.41	120.18	41.12	29.77	51.81	29.28	56.21	39.04	0.48	31.99	31.61	25.94	137.33	39.17	98.53	29.44	11.36	33.21	35.48	11.84	0.00	62.73	58.37	58.77	49.69	75.69
47.89	50.08	41.91	64.62	41.96	42.17	45.70	48.87	46.37	45.36	39.81	47.77	40.18	47.86	48.47	47.41	52.80	26.99	55.02	50.68	50.10	73.68	89.62	78.39	27.79	30.38	30.72	76.96	24.81	29.56	25.83	49.40	45.99	44.34	86.34	78.50	77.42	76.69	41.77	56.43	47.19	51.36	62.86	67.95	38.03	44.11	49.02	83.87	101.64	64.95	44.60	65.29	35.10	84.25	66.10	54.78	0.00	15.77	17.08	12.10	30.63
60.17	53.65	51.23	67.64	43.24	43.47	48.03	46.40	54.76	48.22	43.33	53.75	43.28	55.87	59.46	48.85	54.30	41.77	57.58	63.61	72.70	101.46	86.12	103.41	41.52	45.98	42.41	96.90	47.28	49.30	38.70	64.97	53.87	66.64	86.75	110.39	93.31	88.16	51.79	66.45	61.37	58.24	74.73	51.75	50.91	44.12	53.49	106.83	91.37	77.23	51.87	59.44	44.92	85.02	64.78	52.47	15.52	0.00	0.18	25.34	43.74
55.38	59.51	47.53	77.72	49.56	53.00	53.67	52.59	51.37	45.70	43.04	55.35	39.34	58.60	49.95	54.36	52.44	38.17	67.57	70.83	71.44	91.11	79.36	90.49	46.07	43.55	39.51	97.29	41.17	39.32	42.19	64.66	56.73	64.24	103.59	95.79	99.12	93.73	56.19	62.53	55.69	54.58	64.41	57.48	43.58	45.65	53.50	107.27	88.06	73.85	45.61	69.69	39.40	79.72	57.33	53.13	15.94	0.16	0.00	24.33	42.01
42.96	36.62	35.82	57.46	24.44	30.95	29.14	34.87	40.99	30.39	29.22	35.71	26.69	39.61	43.87	34.66	34.42	29.26	47.42	55.29	57.33	79.66	67.59	77.51	34.32	29.82	28.28	70.43	32.37	31.01	28.53	52.80	53.41	47.09	89.03	84.55	78.11	77.98	36.48	39.35	41.25	39.41	51.37	55.18	33.27	32.85	27.88	90.16	90.36	66.44	33.23	63.63	21.92	82.20	57.12	54.57	14.17	21.31	20.45	0.00	34.73
69.74	59.72	48.91	72.41	47.86	47.14	43.06	57.51	68.09	51.19	43.44	60.06	52.10	60.74	58.46	49.29	53.33	1.23	22.70	22.75	22.30	55.55	97.79	46.05	0.50	0.79	0.21	59.03	0.81	0.68	0.03	17.90	17.12	17.43	48.54	54.41	49.42	91.34	50.78	47.53	57.34	43.43	68.14	84.88	58.93	48.31	59.72	58.79	131.06	39.52	49.51	89.74	45.18	117.46	95.35	69.12	24.26	41.40	38.43	28.70	0.00
~
Delivery quantities;
4 8 2 0 2 1 16 1 8 12 0 5 0 2 8 6 8 0 0 0 4 3 1 1 8 8 2 2 2 0 8 6 1 0 1 1 2 1 0 4 4 0 2 1 0 2 2 4 2 4 4 2 2 1 4 2 0 2 2 4 
~
Pick-up quantities;
42 28 0 12 0 0 0 6 0 24 24 0 32 0 24 12 4 12 24 4 18 6 0 0 8 8 8 16 12 6 16 8 0 12 0 0 0 0 8 4 0 12 6 4 12 8 0 4 0 4 0 6 0 4 12 6 8 4 8 12 
~
Vehicle capacity; 
120 120 120 120 120 
~

