Cost matrix;
0.00	10.12	9.31	12.76	13.26	8.11	17.68	9.05	19.42	14.07	7.82	9.42	19.63	10.47	9.67	12.84	44.95	84.11	48.33	67.16	78.17	68.82	81.96	51.73	53.44	48.25	93.57	44.59	101.09	42.83	48.20	47.11	46.11	44.41	33.68	44.18	32.27	63.96	22.57	77.85	104.39	69.99	97.72	74.28	87.23	50.18	19.53	54.04	56.02	62.44	21.00	42.68	42.61	13.99	17.60	50.97	39.87	79.19	13.27	79.56	54.22
8.87	0.00	0.48	2.71	4.71	5.99	8.20	0.53	9.04	3.48	1.93	1.60	9.49	1.29	5.70	2.65	36.94	69.80	38.24	63.55	65.57	70.76	62.38	39.71	36.70	41.26	87.71	46.80	84.46	45.22	38.25	41.66	43.73	47.67	40.61	39.40	22.91	54.21	13.97	81.96	108.67	69.54	98.84	65.57	71.79	55.73	24.54	62.52	64.37	82.20	26.35	50.38	43.94	20.62	27.17	66.98	50.08	61.28	3.09	64.90	39.90
10.27	0.53	0.00	3.51	4.85	5.47	8.41	0.36	7.48	3.20	2.08	1.78	10.47	1.04	6.05	2.48	36.46	64.52	36.84	65.95	72.94	59.33	65.85	40.44	43.45	45.28	89.92	46.62	97.73	40.74	46.51	38.39	42.56	55.32	47.76	42.09	27.93	54.34	15.05	85.15	102.74	65.43	113.95	63.25	63.04	49.23	30.61	54.76	54.55	69.04	28.48	47.96	51.56	24.10	29.83	61.15	59.39	68.01	3.41	71.95	45.95
13.44	2.59	3.44	0.00	1.96	9.45	6.95	3.53	6.06	0.50	5.24	5.33	10.51	3.15	9.66	0.40	37.78	59.77	35.35	68.78	58.32	55.93	68.49	39.38	39.65	38.61	98.36	41.53	79.37	40.81	36.25	42.62	37.58	61.61	52.49	44.13	22.53	49.21	15.29	71.69	97.20	61.83	91.24	70.87	69.12	57.27	26.91	56.52	65.91	78.78	29.27	51.35	51.18	24.48	24.57	72.21	56.47	64.55	0.12	68.06	38.91
11.47	5.19	4.70	1.89	0.00	11.25	8.31	5.76	4.33	2.20	7.05	6.27	12.41	5.29	9.67	2.41	36.37	59.06	36.60	65.58	71.43	63.09	70.00	36.63	42.89	44.38	96.16	37.77	78.64	39.24	42.18	42.23	39.29	56.92	48.92	46.17	22.39	59.93	16.59	67.60	102.07	62.18	104.69	58.33	69.14	66.37	28.07	60.55	61.25	87.61	35.37	53.27	56.03	21.48	26.09	62.12	48.88	65.64	2.03	70.63	42.52
9.21	5.24	6.54	10.00	9.72	0.00	11.25	5.42	14.55	9.83	4.47	3.75	11.47	6.05	0.75	7.71	49.82	76.53	41.11	60.27	68.30	72.82	73.76	45.23	44.14	40.66	106.04	42.06	105.69	49.42	45.72	43.16	49.56	48.46	35.62	43.97	32.87	55.16	15.01	92.09	109.78	76.20	110.26	76.68	64.72	43.67	24.11	52.61	48.97	78.51	23.91	56.21	42.46	19.41	28.26	63.18	52.17	74.38	8.27	60.01	42.97
18.52	9.96	8.11	8.41	8.64	11.82	0.00	8.57	6.56	7.77	11.40	11.06	6.28	6.75	11.41	6.87	32.81	60.25	29.75	52.46	57.17	49.35	49.42	34.79	28.70	36.26	82.41	38.88	75.88	42.81	33.60	28.80	33.41	61.89	55.58	55.01	21.15	48.44	9.89	67.88	85.38	53.85	97.20	59.65	55.89	67.92	35.48	67.47	71.98	79.35	40.08	62.06	57.40	33.12	31.58	74.12	68.74	54.26	7.13	56.35	32.28
11.08	0.46	0.39	3.33	4.62	5.49	9.64	0.00	7.88	3.27	1.52	1.44	9.65	1.22	6.32	3.20	46.45	56.70	41.31	70.84	60.00	57.30	68.00	36.07	43.69	44.69	96.93	37.87	99.51	41.80	41.42	42.42	43.25	51.50	39.54	49.33	22.43	49.68	14.94	86.12	103.51	69.54	99.09	63.28	67.68	53.44	26.87	55.58	66.93	72.67	26.50	46.85	42.86	22.47	24.70	60.65	55.63	66.06	3.30	56.90	38.52
18.01	9.32	9.36	5.17	5.39	12.52	7.43	9.08	0.00	5.36	11.33	11.63	12.36	8.77	13.02	6.53	32.56	55.40	39.73	67.04	57.43	62.05	57.37	37.15	37.07	38.84	81.35	34.21	86.58	32.90	34.46	37.87	37.74	62.92	59.42	55.60	16.16	58.48	17.83	69.76	96.90	62.37	97.23	65.00	67.56	70.38	32.36	66.16	64.89	88.40	34.08	61.31	56.73	29.77	30.50	73.73	59.35	54.52	6.29	61.72	33.17
12.27	3.66	3.67	0.60	2.27	10.27	6.52	3.93	5.25	0.00	5.06	5.00	10.95	3.04	10.07	0.64	40.07	63.30	43.88	58.64	61.47	69.85	63.50	38.22	37.84	41.15	91.74	34.97	89.74	39.82	37.43	44.45	35.71	54.61	51.30	48.68	19.75	53.09	17.95	76.14	91.15	58.73	88.26	63.64	58.94	59.66	30.54	66.91	68.99	68.78	29.69	53.76	47.41	23.35	27.80	72.15	51.09	69.09	0.44	59.65	41.05
8.60	1.80	1.92	5.20	7.18	4.37	9.86	1.66	10.87	5.00	0.00	0.26	10.41	2.39	4.95	4.05	46.36	57.82	44.81	67.96	67.59	72.62	69.07	41.53	41.58	46.82	90.17	43.87	94.32	43.88	41.50	39.35	40.28	49.77	43.62	43.92	23.70	56.85	17.12	79.90	96.64	61.11	93.80	75.79	60.25	49.00	24.07	59.14	55.58	74.88	31.14	52.25	44.92	22.33	25.12	56.89	49.55	74.68	4.22	69.84	48.40
10.34	1.78	1.55	4.35	6.74	4.15	10.26	1.60	9.74	5.47	0.26	0.00	9.32	2.49	4.47	4.80	39.56	69.29	41.79	60.61	70.65	70.32	61.77	41.79	38.13	37.08	98.24	39.84	94.71	45.08	37.82	41.90	46.74	47.75	38.60	39.20	26.32	59.11	17.00	82.35	96.04	65.40	105.60	70.92	61.96	50.53	28.70	54.32	66.57	65.72	31.30	55.24	52.96	19.14	24.74	68.47	52.23	62.75	5.31	72.57	40.95
19.45	10.74	9.50	9.59	13.65	8.96	5.98	8.89	11.74	10.72	9.82	11.15	0.00	7.73	10.90	12.00	31.37	64.18	39.82	51.22	66.77	64.01	56.46	32.63	38.89	34.63	93.88	50.99	93.54	46.81	35.99	37.27	37.59	54.34	50.12	42.30	22.93	47.92	5.28	63.86	102.80	64.52	99.66	62.60	58.80	60.53	35.44	64.93	58.30	77.23	29.53	67.16	56.85	27.21	36.04	64.24	66.98	56.70	9.82	61.78	32.71
11.56	1.67	1.02	3.21	5.79	6.49	7.05	1.27	9.02	3.37	2.66	2.44	9.06	0.00	6.32	2.70	43.84	65.26	43.02	60.68	58.72	60.05	62.08	42.25	37.24	43.91	102.30	45.17	86.80	44.43	41.36	39.17	42.19	47.98	48.20	41.89	27.61	59.97	13.89	70.22	103.11	63.29	97.62	72.93	65.40	56.60	30.97	65.58	62.76	76.19	27.99	53.74	45.71	25.88	24.97	66.09	57.09	66.78	3.67	65.91	39.96
9.72	5.98	6.18	9.92	10.19	0.69	13.85	5.39	12.84	8.36	4.56	4.97	9.17	6.28	0.00	8.94	43.29	59.40	42.14	63.43	70.82	72.41	75.05	44.81	49.24	49.53	89.92	51.46	94.40	48.82	46.49	45.04	46.53	50.52	37.51	34.30	31.70	51.20	15.24	79.11	94.38	76.00	91.94	71.50	78.23	51.09	22.96	48.95	53.82	74.71	22.61	58.42	47.81	19.78	23.53	59.14	48.69	66.85	10.19	66.62	40.35
12.28	2.50	2.72	0.44	2.77	9.48	8.50	3.02	6.30	0.63	4.68	4.42	10.09	2.54	7.93	0.00	38.01	64.88	44.98	62.54	64.94	68.30	56.05	39.82	39.26	36.39	82.69	41.52	85.01	35.58	36.07	40.24	35.32	52.34	45.44	47.78	22.45	57.35	15.86	81.14	92.46	74.48	105.04	69.31	58.92	64.69	31.12	65.71	67.39	70.01	35.28	55.80	48.22	25.76	28.80	65.82	47.52	55.64	0.38	65.64	37.42
50.29	38.99	43.30	34.64	41.54	45.23	33.40	46.44	33.09	37.51	39.75	39.10	36.93	44.43	41.65	39.98	0.00	24.97	1.55	22.06	25.87	24.74	24.82	0.22	0.24	0.17	55.48	38.00	53.38	38.50	0.48	0.72	0.38	93.11	87.25	83.80	23.88	19.70	30.02	41.74	60.77	24.62	67.96	28.12	28.02	97.86	70.94	88.99	79.48	123.90	60.39	96.71	85.09	70.53	71.48	112.69	93.01	34.74	44.43	23.35	0.71
77.38	67.70	64.86	67.74	60.45	61.49	55.15	60.77	56.41	67.73	74.26	71.96	57.71	61.84	70.76	58.39	20.62	0.00	21.27	2.43	3.61	0.09	0.37	24.85	23.84	23.72	36.39	64.49	32.81	52.78	21.40	20.90	25.76	112.79	103.85	103.43	46.03	18.78	57.52	27.61	34.27	3.84	39.02	3.67	3.80	101.06	93.65	104.19	102.21	136.13	86.96	114.52	123.43	82.34	87.19	118.10	119.72	27.77	67.75	0.33	24.89
53.87	43.60	46.54	37.06	42.85	41.93	34.17	40.44	34.32	37.26	41.58	42.89	35.73	37.59	46.89	35.30	1.81	24.10	0.00	25.63	29.09	22.49	24.90	1.28	1.66	1.46	59.71	43.34	50.86	35.92	2.17	1.83	1.58	91.85	70.24	75.78	22.63	21.55	35.36	39.61	56.01	23.99	62.68	26.78	27.52	87.59	64.45	98.79	81.41	116.61	76.80	90.37	92.91	64.82	65.95	103.34	100.51	32.99	36.83	23.57	1.99
70.39	71.83	59.35	67.01	62.15	65.79	59.15	59.14	65.19	71.85	75.16	67.47	62.50	60.84	60.10	70.89	22.49	2.96	23.65	0.00	3.49	2.64	2.68	26.44	27.37	22.86	33.28	57.66	31.79	68.31	26.58	25.42	25.96	117.78	89.77	99.36	44.68	18.78	59.03	28.67	40.57	3.82	39.80	0.54	1.50	116.67	97.52	91.80	113.56	138.29	88.39	110.29	107.75	92.16	95.53	115.62	107.21	31.47	65.84	2.72	22.06
73.48	73.14	59.99	62.23	64.16	74.75	58.60	66.58	62.72	60.88	65.45	78.69	59.58	68.54	76.63	75.51	30.36	3.60	27.86	3.44	0.00	3.53	3.24	25.04	24.00	27.99	31.46	57.22	33.10	53.86	27.35	24.13	25.42	121.08	113.23	109.25	51.40	22.31	59.94	23.06	31.38	0.49	37.84	4.43	2.38	117.84	85.93	95.23	96.95	149.03	99.55	116.94	111.49	100.70	88.37	116.30	120.28	33.04	65.75	3.30	29.48
76.93	58.01	67.14	58.46	67.04	60.50	52.75	65.97	58.50	68.10	59.70	64.81	58.59	65.41	62.96	66.77	24.91	0.09	21.17	2.94	3.16	0.00	0.30	20.88	21.87	22.08	36.73	64.92	37.62	54.50	24.13	22.07	25.65	102.88	96.33	86.72	47.63	20.21	51.01	26.21	35.78	3.67	34.61	2.95	3.22	124.09	82.72	115.74	105.29	128.62	96.80	118.15	124.23	80.15	99.74	130.49	105.63	30.56	57.20	0.28	23.33
83.62	58.46	61.82	60.11	69.13	63.83	62.15	57.39	57.63	61.05	70.98	65.27	55.88	69.25	65.96	69.80	20.98	0.30	26.23	2.63	3.48	0.28	0.00	26.70	24.43	23.91	32.23	57.78	31.08	59.56	22.21	22.19	26.44	130.15	87.20	100.09	51.27	20.03	60.06	26.29	38.40	3.72	38.53	3.33	3.13	111.59	98.76	93.55	118.75	125.30	86.13	101.08	102.01	86.59	91.03	144.47	126.97	28.00	60.47	0.49	20.32
57.46	36.65	38.98	44.93	36.52	48.03	35.68	40.61	37.31	38.17	46.45	47.18	33.90	41.35	45.25	40.24	0.19	24.85	1.31	22.10	25.65	23.69	22.78	0.00	0.38	0.24	54.93	40.72	50.34	43.73	0.60	0.51	0.37	99.70	85.69	73.05	24.01	21.97	29.96	39.79	65.34	28.64	61.11	26.09	27.58	96.22	69.43	85.89	91.63	114.07	73.39	86.11	80.04	60.18	65.64	118.65	94.41	31.19	35.31	26.32	0.57
56.77	43.98	42.39	35.51	35.02	41.05	30.58	37.30	34.37	37.59	47.17	47.39	35.97	37.87	40.47	41.65	0.21	22.52	1.69	25.36	29.03	22.79	21.61	0.34	0.00	0.35	55.81	37.33	47.57	38.86	0.74	1.02	0.65	83.34	70.88	79.00	23.61	24.43	30.74	41.84	62.74	25.88	64.90	24.19	28.46	93.20	64.73	84.63	89.40	107.92	73.09	90.62	83.40	56.33	61.63	106.35	84.11	32.42	43.67	25.17	0.87
51.97	36.10	38.56	41.18	43.36	50.11	33.02	40.98	36.57	39.71	46.75	44.62	32.69	36.20	49.21	36.81	0.17	24.74	1.83	26.16	30.20	22.24	24.89	0.19	0.34	0.00	59.70	46.19	56.64	42.81	0.34	0.46	0.25	102.82	76.80	75.74	25.14	19.89	36.47	39.62	64.15	30.50	64.10	23.90	22.91	87.94	65.52	86.93	86.92	125.14	66.73	98.76	86.63	60.55	60.49	94.07	101.45	30.53	34.77	24.07	0.53
110.18	100.64	96.67	84.67	92.20	104.71	93.84	95.05	87.85	94.99	89.98	85.73	88.70	93.53	108.99	88.87	51.33	35.94	57.56	40.88	32.80	35.58	35.37	48.05	47.06	58.64	0.00	62.83	2.82	67.26	48.74	52.13	55.11	140.17	125.46	125.61	73.62	54.74	97.09	16.36	26.42	34.72	16.49	39.30	32.37	147.43	110.27	125.14	141.97	183.43	134.66	126.23	139.43	123.42	125.22	167.82	130.93	31.97	82.00	31.77	48.97
46.27	40.89	46.73	40.94	32.91	44.31	40.31	41.15	32.16	33.71	43.30	46.59	43.33	39.79	53.83	37.21	36.55	58.96	35.42	54.14	58.85	60.67	60.11	41.01	42.79	37.83	67.95	0.00	75.48	0.15	36.35	36.22	46.18	85.92	85.81	82.68	22.99	67.51	52.41	60.14	93.35	57.53	92.47	63.26	58.59	93.55	61.37	94.26	116.28	110.39	73.72	66.35	71.72	52.15	52.79	93.89	69.34	35.56	37.18	52.42	40.53
93.90	94.23	78.72	98.03	80.80	84.36	83.64	80.65	83.33	98.09	97.18	80.26	95.38	91.54	94.40	95.74	57.89	32.86	46.68	39.18	32.13	37.19	35.52	50.05	52.59	46.17	2.44	71.04	0.00	60.63	53.55	51.72	46.70	155.61	143.40	120.66	71.22	51.52	78.00	14.08	24.79	30.25	14.55	38.72	31.44	154.91	111.86	123.99	147.59	156.73	133.07	119.13	133.81	102.48	117.60	165.46	129.26	30.57	76.97	30.81	55.25
50.31	38.79	45.11	35.81	34.38	44.83	36.87	42.90	37.06	34.06	39.93	48.71	47.19	36.74	51.65	36.67	44.45	58.25	41.83	60.34	64.62	52.05	54.28	42.89	39.09	39.24	63.93	0.13	61.89	0.00	38.32	36.98	46.15	88.04	83.97	93.12	21.63	63.58	46.60	63.66	89.28	61.69	88.44	57.68	68.06	107.62	59.64	91.66	91.38	99.62	63.33	58.64	84.23	51.16	54.73	88.82	84.06	38.46	36.05	57.88	45.42
50.38	38.03	39.01	43.92	39.43	43.71	33.66	41.25	39.05	42.70	41.41	47.02	34.89	44.18	40.75	42.63	0.45	22.61	2.25	24.65	24.88	24.12	20.80	0.61	0.65	0.41	57.58	37.94	56.95	37.88	0.00	0.47	0.29	92.89	70.94	74.68	24.79	19.24	34.06	40.47	61.14	24.19	57.18	27.76	24.28	80.45	59.87	85.46	87.26	131.00	60.11	99.03	88.18	61.92	62.84	111.48	102.32	32.08	36.37	23.33	0.44
50.06	40.60	40.94	39.66	44.02	43.01	33.45	42.27	32.48	36.22	38.74	46.09	31.71	37.08	39.95	41.51	0.75	20.12	1.74	22.50	28.85	21.77	25.22	0.50	0.95	0.59	52.36	43.19	56.85	46.98	0.51	0.00	0.24	98.17	80.46	83.23	26.68	19.02	29.71	36.08	66.58	25.62	65.05	24.04	28.87	85.25	67.52	98.85	90.48	130.89	62.95	89.00	79.30	59.43	59.56	111.79	92.24	32.15	44.47	24.20	0.18
50.89	40.60	43.15	37.90	40.51	45.29	36.81	37.52	37.28	43.60	42.82	41.93	31.08	44.04	42.17	37.05	0.39	23.92	1.74	23.11	24.18	23.48	21.54	0.35	0.66	0.24	60.25	42.56	48.24	46.02	0.32	0.26	0.00	82.68	74.33	69.30	23.56	24.05	32.91	39.05	65.04	25.95	67.73	22.09	26.52	88.65	60.65	88.67	90.01	106.21	59.64	100.03	99.49	68.05	69.80	115.65	89.89	27.65	35.75	20.98	0.19
41.96	48.91	59.82	50.68	54.76	53.43	62.21	54.50	68.51	59.55	49.36	50.12	56.26	61.20	48.50	57.22	101.72	124.42	91.59	117.42	122.93	110.87	124.70	92.07	82.87	100.45	151.66	99.24	129.01	101.71	99.58	89.77	91.35	0.00	22.07	29.70	84.41	87.60	62.03	132.79	151.49	128.42	172.63	107.31	124.62	9.69	27.62	41.19	38.53	33.60	22.64	45.06	33.71	38.28	41.07	34.64	28.92	111.58	57.15	127.07	93.36
35.25	50.41	46.10	52.80	44.70	36.49	48.32	41.68	54.23	49.22	40.32	41.29	42.19	49.21	36.51	43.60	81.09	93.59	88.53	94.80	115.68	108.38	97.09	82.03	83.30	69.64	136.91	84.52	124.70	85.82	77.65	79.28	82.69	19.15	0.00	12.16	71.77	92.17	47.27	108.25	135.83	99.81	141.52	98.98	94.47	12.28	22.00	25.02	23.70	47.49	16.18	60.69	45.33	33.25	47.34	56.06	50.20	109.59	45.71	111.44	88.55
42.87	49.03	45.53	47.27	55.31	42.46	47.07	40.26	51.01	46.71	47.83	40.11	42.14	40.17	40.41	47.87	68.88	98.04	76.13	101.11	84.83	102.71	88.12	68.48	72.79	79.55	134.93	84.31	139.85	78.12	78.29	83.76	74.83	33.72	10.27	0.00	68.92	71.78	39.61	104.32	127.93	105.70	140.24	84.83	86.29	22.95	29.54	15.84	18.48	57.40	22.53	69.74	60.42	37.14	54.89	68.03	52.26	111.03	45.43	88.84	67.24
34.72	24.93	23.18	21.27	23.97	28.83	20.12	27.31	17.83	20.39	26.77	25.59	24.73	25.95	30.58	23.31	22.06	50.99	25.49	42.35	51.95	41.31	51.71	22.34	25.84	21.83	65.73	23.90	60.50	19.73	25.01	23.62	25.82	82.44	67.91	64.13	0.00	47.70	27.77	53.46	73.15	45.05	83.00	54.93	46.23	85.62	58.20	78.50	83.44	100.15	49.57	66.55	75.33	41.73	48.00	76.92	69.81	42.72	20.69	48.23	24.50
67.26	53.19	49.50	54.32	53.84	62.62	45.95	54.54	55.90	59.11	59.53	50.92	43.00	57.25	51.02	52.83	23.52	19.50	25.33	20.78	21.21	22.60	21.20	22.17	20.47	20.06	48.81	65.36	53.01	60.31	19.13	22.73	21.87	94.42	89.33	76.18	43.07	0.00	40.37	45.73	53.39	25.46	57.45	16.53	22.09	84.85	78.81	85.92	89.53	121.04	67.37	98.53	90.94	69.02	73.60	132.96	117.61	48.43	49.82	19.79	19.50
21.94	15.31	16.32	16.64	19.26	16.50	9.60	16.81	19.62	14.28	16.83	14.00	5.88	15.59	13.42	14.92	32.63	59.04	33.82	53.78	55.63	52.08	51.76	33.41	31.02	33.33	92.92	46.94	86.53	44.84	33.26	37.92	34.97	62.45	42.25	41.60	30.14	39.96	0.00	65.02	87.26	51.60	88.36	48.90	64.32	64.89	34.18	54.07	64.17	76.95	37.86	66.15	62.47	31.44	35.60	79.61	73.75	64.80	15.94	55.43	33.16
78.62	82.92	75.84	82.97	71.90	92.10	67.43	77.49	67.39	76.96	75.11	78.45	71.48	85.65	80.88	78.95	35.49	27.14	38.21	23.97	25.16	21.76	25.91	34.38	44.22	39.42	15.57	54.61	14.28	55.71	34.13	33.54	34.79	128.98	107.70	124.46	50.42	41.14	67.98	0.00	29.54	21.46	26.56	28.90	29.31	134.07	111.55	134.48	118.15	137.57	97.27	117.36	111.50	103.57	111.04	157.61	121.61	15.06	81.32	21.97	40.09
115.30	111.13	109.40	91.03	112.96	110.45	84.96	100.33	101.55	98.92	113.45	99.16	85.13	110.56	101.41	98.77	63.00	38.20	57.72	38.89	35.42	39.44	35.95	62.23	65.50	54.71	26.34	78.42	26.58	79.92	64.68	58.23	60.91	160.85	125.51	132.34	87.71	55.46	84.59	29.56	0.00	37.85	10.52	40.67	32.95	161.50	139.69	133.40	121.70	190.73	123.50	147.57	163.88	110.68	129.29	170.25	166.17	50.08	99.23	41.14	62.51
87.56	63.21	74.03	64.15	70.82	64.26	59.73	60.36	64.94	73.99	74.70	65.83	66.33	68.38	73.49	66.92	26.94	3.71	30.54	3.78	0.46	3.90	3.47	29.76	26.77	25.24	30.16	55.54	31.53	58.21	27.97	26.12	29.49	107.95	107.95	87.88	49.20	24.73	56.93	23.37	37.06	0.00	38.82	4.63	2.85	128.31	102.80	109.58	121.14	154.55	103.53	115.48	102.02	102.19	100.53	138.41	120.68	27.34	62.63	3.53	25.99
99.20	92.68	107.77	86.51	97.58	117.64	92.63	95.65	91.16	94.73	104.19	100.98	101.21	89.48	92.16	103.04	60.37	38.99	58.95	43.06	30.69	38.09	34.34	62.85	53.64	64.95	12.81	76.98	18.32	78.08	53.92	57.04	66.17	140.61	138.81	126.09	84.13	49.80	94.61	29.08	11.07	38.25	0.00	41.76	36.53	160.58	119.84	153.42	153.39	190.84	112.07	129.28	132.16	137.47	130.59	165.99	134.82	38.33	89.72	35.43	57.96
74.56	61.21	65.62	63.88	63.27	67.67	51.05	65.25	64.01	61.48	62.66	60.79	54.29	66.84	69.23	65.51	23.28	3.65	28.17	0.51	4.45	2.90	3.61	27.10	24.16	24.99	35.05	59.75	31.68	56.80	23.39	27.12	21.51	120.89	106.96	81.34	53.10	17.65	55.35	26.47	41.10	4.43	34.60	0.00	1.63	118.83	91.35	96.78	92.28	154.12	94.56	103.09	125.74	86.68	83.51	145.50	103.81	34.31	65.15	2.65	26.13
77.98	63.12	67.46	73.35	58.65	72.48	65.88	66.04	63.36	65.04	59.83	69.23	53.87	61.06	64.76	60.81	24.02	3.84	24.86	1.58	2.55	3.49	3.21	25.62	29.62	27.33	33.39	69.82	33.69	56.34	25.62	24.01	26.63	119.11	94.25	87.56	47.16	20.07	51.56	24.75	32.86	3.09	41.17	1.81	0.00	108.30	99.42	115.17	101.25	136.98	89.96	124.07	115.04	89.63	86.82	128.27	116.93	28.62	68.48	2.98	23.19
44.93	49.14	52.63	55.05	64.80	54.88	58.64	55.60	64.25	63.77	56.98	49.70	55.85	50.97	45.18	65.16	86.35	98.87	96.95	117.53	104.28	100.77	113.48	103.53	85.81	96.22	133.57	89.70	143.75	85.48	95.72	90.23	82.71	10.15	15.54	20.72	77.07	84.91	63.95	134.04	151.19	126.08	146.97	98.97	106.31	0.00	27.67	31.74	32.54	39.92	26.31	53.60	39.43	37.60	55.57	43.52	39.93	109.49	63.23	117.21	96.42
17.89	27.24	24.74	29.63	27.36	25.75	37.33	27.73	32.31	28.53	28.63	26.63	32.19	24.79	21.44	27.62	74.57	91.42	76.76	100.00	97.96	82.14	87.45	70.17	60.44	60.32	122.09	62.71	114.94	60.27	68.32	63.48	66.08	24.55	23.21	28.73	55.28	75.82	40.01	110.44	129.00	95.27	143.93	87.98	103.48	26.47	0.00	43.06	40.02	49.46	9.66	40.83	27.46	11.70	24.34	44.08	29.04	96.01	30.81	86.06	60.34
56.77	68.98	63.12	57.16	70.49	52.55	65.02	65.08	62.51	59.92	58.73	59.89	63.65	55.92	61.08	68.19	84.89	118.45	91.90	107.82	118.35	111.62	111.09	94.05	81.13	79.48	153.71	114.28	147.81	99.91	94.00	77.72	79.55	34.60	24.69	15.12	79.63	88.74	52.47	116.49	152.31	121.14	139.23	91.39	109.25	27.23	50.45	0.00	0.49	64.61	34.41	93.88	61.48	53.91	67.95	71.77	64.64	119.05	70.36	95.45	82.70
58.48	62.19	65.89	65.13	71.21	50.27	58.88	66.52	77.61	71.15	61.45	62.72	51.69	61.97	54.75	67.56	97.02	108.45	78.17	98.35	118.10	116.17	107.88	85.59	87.13	80.39	130.86	101.81	145.38	106.49	95.60	83.64	97.78	41.17	26.45	18.49	81.60	76.46	56.58	112.27	132.53	119.30	143.44	113.44	119.31	31.30	41.17	0.53	0.00	69.84	35.38	93.15	65.57	51.52	67.46	66.29	78.00	107.45	63.98	102.06	90.54
70.76	79.59	74.25	76.28	86.88	72.74	84.75	78.51	86.05	74.14	78.10	73.26	84.14	79.31	81.51	86.78	105.75	134.97	103.59	155.17	152.57	145.57	134.55	107.92	124.58	113.50	178.48	115.83	169.58	105.39	126.78	115.13	120.05	27.04	46.08	63.76	92.35	120.52	80.63	142.29	175.21	133.18	181.05	147.76	134.25	38.65	44.24	75.49	71.62	0.00	56.36	46.34	27.39	49.71	52.41	14.01	27.14	139.12	70.31	151.77	105.40
26.11	30.10	31.65	31.96	30.65	27.69	40.81	33.23	36.51	37.30	27.05	31.75	28.52	27.27	23.00	28.64	66.15	82.94	67.24	97.72	86.06	83.46	79.61	66.07	68.68	70.46	123.65	74.63	122.01	66.21	64.25	64.42	74.72	24.25	15.61	21.50	60.71	76.86	38.51	116.70	139.75	83.99	116.45	86.53	82.79	27.35	8.59	41.48	38.45	56.10	0.00	42.90	35.31	21.03	32.45	47.21	38.56	84.67	31.33	95.68	71.51
38.63	53.87	54.98	45.04	49.22	54.75	64.70	47.46	56.50	54.06	44.50	44.50	68.88	55.35	47.30	55.71	87.04	110.20	98.30	122.74	111.19	120.27	119.91	97.83	85.79	91.08	145.34	59.82	140.45	62.29	79.42	95.09	95.27	44.67	54.45	67.85	70.99	109.32	66.75	112.09	133.12	130.76	148.44	111.59	113.96	54.23	39.47	78.68	83.38	50.99	44.65	0.00	21.36	34.89	28.31	27.21	20.73	98.32	50.87	107.52	95.35
40.91	51.75	52.08	45.19	50.76	51.91	53.36	51.49	55.14	56.52	52.19	43.84	50.23	47.55	44.78	46.24	86.63	112.65	82.61	126.49	130.26	107.67	120.97	86.95	87.59	80.94	136.47	80.77	124.67	69.49	84.84	93.64	81.14	29.49	41.18	59.53	61.22	106.91	59.92	132.01	165.17	112.26	142.18	124.77	116.58	35.48	27.40	67.06	68.55	33.07	34.12	17.44	0.00	26.09	22.56	17.47	4.09	109.39	47.57	102.55	95.98
13.08	23.32	24.94	21.73	25.81	21.74	34.48	23.54	31.26	24.35	20.78	21.15	30.21	21.49	23.49	24.75	60.36	89.98	72.16	81.18	86.51	89.77	81.48	65.88	60.73	56.24	122.33	56.67	104.60	59.72	55.88	60.85	61.69	40.67	32.04	44.04	43.26	75.90	32.38	105.56	109.96	95.39	117.51	99.72	83.96	43.54	11.84	60.01	57.18	56.26	18.59	33.20	26.65	0.00	10.95	47.93	33.30	79.95	25.64	97.99	62.16
18.33	23.59	25.99	24.20	25.37	27.57	32.99	28.01	27.97	30.11	25.25	27.09	37.84	30.45	28.19	26.79	72.18	99.43	60.07	89.48	95.38	78.25	97.97	58.46	70.52	66.34	107.02	45.71	111.31	49.97	65.04	67.58	71.78	40.83	44.14	45.26	49.02	73.33	36.49	102.01	121.71	88.81	111.14	78.95	91.02	46.07	20.03	71.16	65.74	49.77	32.84	26.69	22.95	9.27	0.00	37.94	32.14	75.68	29.22	80.04	64.07
48.86	67.19	57.57	72.87	67.57	64.14	73.09	69.72	69.14	63.39	71.44	68.97	74.46	69.40	62.47	69.41	116.24	117.14	109.56	142.98	119.64	116.16	146.20	110.06	115.75	111.39	171.94	87.58	161.13	82.66	117.37	113.80	109.55	28.21	44.62	63.77	91.53	132.67	72.37	146.52	180.29	140.89	149.79	140.39	130.24	38.22	41.75	73.86	72.24	16.04	45.19	29.70	15.42	37.88	46.06	0.00	14.39	132.32	74.37	132.18	96.23
46.97	49.12	59.24	49.49	54.28	56.18	68.51	49.86	52.52	60.34	57.17	54.82	65.59	56.11	49.89	57.46	99.66	131.56	84.37	113.96	134.40	122.13	133.26	95.40	101.55	88.28	157.37	69.58	151.70	74.14	105.98	91.85	88.83	34.34	51.40	63.73	73.94	96.97	57.44	131.41	173.12	134.94	165.07	115.02	113.83	42.71	29.75	64.42	77.88	25.34	35.83	20.39	4.17	27.53	26.66	12.83	0.00	112.60	49.34	117.07	83.87
83.82	68.33	62.95	64.63	54.86	67.09	58.65	60.40	59.37	69.34	67.20	58.61	68.30	70.40	68.83	64.94	35.36	31.44	32.37	30.76	32.13	28.51	30.16	28.11	32.59	28.79	32.18	40.94	30.91	35.91	28.88	32.49	32.52	126.08	112.97	98.00	44.49	47.49	62.98	14.53	47.02	31.60	38.06	33.48	32.87	123.88	82.47	110.57	116.24	138.51	91.43	96.95	122.34	83.33	77.72	132.90	101.49	0.00	56.15	29.96	28.80
10.70	2.79	3.55	0.13	2.32	9.33	8.64	2.99	5.48	0.46	4.61	5.38	11.19	3.69	9.58	0.38	44.70	63.42	41.60	60.30	74.66	62.21	70.68	43.57	34.75	35.26	86.97	33.84	82.12	35.16	35.12	37.37	41.24	61.76	44.53	48.90	22.06	52.53	16.34	76.46	101.36	61.10	88.53	62.54	72.50	57.53	32.18	57.65	69.25	82.57	31.34	58.18	54.04	24.01	29.77	69.26	47.84	60.41	0.00	63.20	42.25
80.55	59.56	59.45	69.71	71.84	62.72	58.28	66.78	58.26	56.93	60.16	71.72	58.28	58.29	75.58	69.70	22.10	0.33	23.35	2.44	4.03	0.25	0.43	24.84	24.42	25.14	39.49	55.31	32.22	56.91	23.61	22.43	21.29	113.06	87.59	87.77	42.84	18.68	51.66	21.82	38.89	3.17	36.43	2.87	2.82	102.17	80.75	99.38	106.52	148.99	88.98	112.92	113.23	77.21	81.46	145.99	121.03	27.90	66.52	0.00	23.72
55.42	38.08	43.00	41.05	40.33	48.12	32.75	39.18	37.03	42.03	46.77	37.77	40.18	39.27	44.85	44.12	0.66	21.52	1.83	21.18	24.13	22.74	24.41	0.51	0.84	0.48	48.63	39.87	52.21	40.79	0.43	0.14	0.18	104.81	78.88	75.40	22.70	21.91	36.91	36.77	66.80	23.55	54.56	27.53	27.76	94.37	72.20	90.61	89.03	123.87	68.76	99.90	94.48	65.10	63.52	98.03	101.19	29.00	45.00	20.50	0.00
~
Delivery quantities;
0 2 1 0 12 0 6 12 9 8 9 0 2 18 0 0 3 0 2 2 0 2 3 2 4 2 1 8 1 1 0 1 0 1 0 1 1 4 4 2 1 1 1 1 1 1 1 4 2 1 0 1 0 2 4 1 0 2 4 1 
~
Pick-up quantities;
24 12 28 16 0 54 30 32 6 20 0 30 0 8 12 24 12 6 0 0 24 8 12 4 0 4 0 18 0 0 4 0 8 0 4 0 0 12 0 0 0 6 0 8 0 0 8 12 12 0 6 0 4 12 0 0 4 6 12 6 
~
Vehicle capacity; 
120 120 120 120 120 
~

