Cost matrix;
0.00	18.80	19.89	5.46	11.87	15.07	10.86	19.10	15.02	12.35	38.55	8.10	34.12	12.91	20.62	12.20	67.77	68.58	74.15	66.27	101.25	95.08	112.19	80.50	70.57	90.01	87.43	79.05	42.41	46.22	12.39	58.34	51.84	37.67	11.56	8.66	22.93	37.32	32.90	30.77	102.00	114.25	89.29	84.13	111.50	102.02	121.51	104.70	104.50	31.88	25.43	11.39	29.32	18.66	11.40	14.02	6.20	12.18	31.13	15.26	12.31
17.25	0.00	0.93	14.71	13.87	16.83	10.63	3.59	3.69	5.53	67.69	11.15	50.31	9.42	7.40	8.81	62.38	55.78	60.80	59.03	82.48	91.35	96.69	64.46	56.76	64.12	67.32	70.13	44.24	41.46	28.96	34.16	35.89	60.59	9.03	10.52	23.73	23.88	14.88	22.80	100.16	82.36	81.40	65.97	92.46	93.20	85.67	99.47	93.71	14.50	9.62	9.16	36.94	6.52	9.90	17.74	16.18	7.26	15.08	3.02	8.05
17.98	0.75	0.00	12.01	12.94	17.80	8.46	2.70	2.83	5.21	61.97	9.47	55.81	7.04	5.99	7.90	51.54	51.67	63.45	60.64	83.80	93.05	92.77	54.14	55.13	69.96	65.32	61.07	47.60	48.08	30.63	33.07	33.72	63.81	8.47	10.13	21.91	25.22	17.41	22.97	88.00	100.36	74.16	69.38	88.62	90.18	87.16	83.80	77.09	14.91	10.57	8.74	36.46	5.30	11.52	16.82	13.18	7.95	16.39	1.91	8.83
5.64	14.44	11.52	0.00	7.23	9.94	4.28	10.12	11.36	6.86	49.82	4.79	45.03	5.70	11.91	6.64	73.09	68.88	67.38	72.78	85.43	95.10	89.45	74.61	66.44	69.33	78.18	82.66	45.04	45.96	17.82	46.18	50.18	48.51	5.75	4.93	19.47	41.83	24.41	30.60	117.25	114.35	79.63	91.56	92.80	106.97	104.47	113.54	87.67	23.22	21.45	6.50	23.60	14.76	6.37	10.23	2.84	6.21	22.69	10.68	6.61
13.14	12.35	11.20	7.80	0.00	3.98	5.20	9.43	8.85	8.21	57.58	9.59	47.06	5.21	8.68	6.08	68.35	68.02	60.64	56.66	92.92	84.39	96.95	78.58	77.08	68.00	76.98	72.56	41.08	35.61	23.60	44.29	39.11	46.80	4.06	11.15	15.87	36.31	19.80	22.61	93.54	92.90	74.34	69.56	109.68	94.59	93.64	108.90	78.45	24.25	24.72	4.82	18.60	9.83	2.09	3.61	6.52	6.03	16.12	9.60	4.13
12.74	16.09	15.34	10.91	3.53	0.00	9.74	15.08	13.08	14.50	57.15	13.82	40.44	8.41	12.71	8.82	59.23	61.64	71.01	58.62	81.38	89.14	89.27	75.40	68.31	68.86	78.20	73.64	33.58	36.60	26.74	36.72	45.09	51.80	9.13	14.47	12.81	44.34	17.77	20.30	87.39	106.41	76.39	82.38	103.29	96.87	93.25	92.95	84.23	25.37	29.94	7.74	15.67	13.30	6.27	0.37	7.66	9.47	20.94	13.69	7.48
10.52	9.13	10.06	4.72	5.85	9.65	0.00	7.73	6.74	4.81	53.42	5.03	46.97	1.32	10.05	1.66	61.29	63.28	58.27	66.06	97.77	104.53	82.52	73.88	63.71	68.54	63.37	65.72	38.22	37.60	21.32	44.16	41.99	48.67	1.75	5.47	17.21	29.83	22.50	27.82	111.38	109.99	69.27	73.52	99.20	100.12	99.16	93.99	87.52	24.03	20.07	1.54	26.37	8.73	3.53	9.62	5.87	1.75	22.78	8.25	2.19
16.53	3.13	2.39	10.23	10.73	14.20	6.49	0.00	0.43	4.53	53.44	9.25	55.96	5.81	4.12	4.89	59.86	64.26	55.33	58.86	79.08	92.43	85.94	67.51	62.34	64.63	60.49	60.02	39.27	37.59	29.02	36.38	33.24	52.95	5.84	9.90	21.92	23.42	14.92	21.65	98.92	98.84	77.90	63.60	84.54	104.40	104.13	93.91	92.32	16.79	15.69	6.80	29.17	4.13	8.20	13.38	11.78	6.01	15.47	0.39	6.17
18.39	3.68	3.30	11.75	8.51	13.64	7.04	0.51	0.00	4.84	53.51	10.78	50.45	6.14	3.63	4.95	65.34	58.65	55.69	53.23	94.90	88.36	94.98	61.34	67.28	68.56	69.86	68.09	42.15	37.94	31.60	36.75	33.78	64.11	5.73	8.81	18.32	23.90	13.57	24.51	104.72	93.61	77.81	80.59	107.63	106.93	84.33	89.76	74.82	13.07	13.46	5.78	32.63	3.12	8.01	13.27	13.45	5.00	14.79	1.04	5.18
12.91	6.19	5.25	7.11	9.93	13.63	4.30	5.32	5.13	0.00	50.26	4.87	51.23	3.74	7.21	3.55	62.62	54.49	57.64	64.62	83.63	94.59	92.98	58.22	60.42	72.39	69.46	75.36	47.94	45.33	24.25	41.05	39.48	52.83	4.54	4.15	20.90	33.09	19.98	23.22	88.00	102.86	71.68	77.35	108.29	95.51	107.01	103.48	86.17	17.86	17.24	4.80	29.68	7.06	6.51	13.42	10.10	4.02	21.83	5.14	4.25
38.65	56.25	60.30	46.19	55.26	54.95	54.53	58.26	64.28	52.85	0.00	53.59	9.09	53.38	55.54	56.32	116.38	125.10	120.68	125.35	137.82	141.64	138.77	107.99	119.15	114.71	119.68	122.84	71.37	71.54	33.62	90.25	94.46	21.50	50.16	53.50	64.77	83.44	63.41	82.01	137.62	158.49	114.33	129.60	149.35	172.15	160.76	137.55	129.77	65.74	61.49	54.38	47.21	66.82	53.87	47.22	50.30	61.19	64.63	59.06	59.74
9.31	11.10	9.94	5.52	11.14	13.41	5.03	10.01	9.70	4.27	52.04	0.00	46.77	5.91	11.10	6.07	74.87	69.39	76.84	74.11	107.17	107.05	100.47	68.10	60.46	76.50	81.78	71.18	44.16	46.12	17.96	45.32	48.75	53.28	7.32	0.70	24.24	30.75	21.69	33.90	115.35	101.47	84.79	85.79	114.51	106.27	113.85	112.20	93.35	21.81	17.52	6.76	30.54	12.18	8.14	15.34	8.23	6.50	24.44	10.67	7.58
33.40	53.84	47.54	40.23	43.40	46.20	48.35	56.42	45.31	47.84	10.93	46.89	0.00	51.15	51.30	41.84	105.11	115.59	96.67	109.78	134.02	140.05	140.69	117.18	122.14	122.12	124.65	115.15	70.82	72.47	21.07	91.32	91.77	27.49	44.99	43.94	56.43	77.19	57.65	59.97	141.80	155.13	120.02	120.63	136.97	161.59	165.97	154.74	129.44	66.60	59.91	42.97	51.77	55.87	42.68	44.47	43.32	45.56	70.07	54.29	52.97
11.94	7.99	7.64	4.93	5.01	8.00	1.26	6.55	6.15	4.18	47.96	5.43	50.88	0.00	8.32	0.51	68.36	59.78	70.80	71.32	96.39	82.35	98.36	71.77	70.51	71.67	66.14	71.39	36.85	46.90	24.01	36.42	42.53	57.52	0.96	5.85	20.43	32.58	18.99	24.18	93.60	101.43	81.06	81.43	109.42	102.38	98.06	97.74	79.85	20.39	21.90	1.04	28.67	6.94	3.49	9.93	8.00	0.53	20.02	6.90	1.28
20.26	6.90	5.82	14.07	8.30	11.54	9.06	3.39	3.24	8.68	68.97	12.08	55.01	8.25	0.00	6.60	52.55	54.41	53.63	55.81	73.83	75.39	86.08	64.02	67.05	67.32	57.74	54.31	42.23	40.60	34.20	33.07	35.35	54.02	8.34	13.55	18.19	29.70	12.94	18.22	87.57	102.79	73.50	74.05	91.64	94.27	92.56	80.93	69.95	12.46	13.97	7.21	28.05	0.60	8.25	10.89	14.98	8.06	13.24	3.93	6.08
11.44	7.78	7.26	6.03	6.32	10.17	1.64	5.63	5.84	3.50	53.39	6.02	51.38	0.56	7.53	0.00	72.51	65.65	55.61	69.26	79.18	88.22	98.85	70.13	72.94	78.03	77.34	66.23	41.75	36.64	26.01	42.44	39.63	51.32	1.53	5.91	21.53	30.10	16.58	21.79	108.24	107.81	85.17	83.74	94.88	97.89	107.16	109.28	84.27	18.57	17.39	1.20	25.44	7.11	3.57	9.84	7.86	0.35	18.42	6.58	1.23
75.04	53.93	57.33	74.12	71.22	68.09	71.21	56.83	63.73	60.49	104.81	69.35	101.75	66.33	61.49	65.84	0.00	3.28	2.73	2.35	32.24	37.75	34.03	33.38	30.27	11.45	9.76	9.56	60.36	67.14	78.01	27.11	22.74	124.66	63.18	67.15	64.31	42.56	51.72	47.22	34.21	35.93	26.62	24.01	39.03	37.81	34.28	36.60	39.20	49.37	46.98	61.35	81.64	50.89	69.37	69.24	70.99	70.98	44.03	57.91	58.75
74.75	63.62	58.98	62.74	61.81	60.13	70.05	54.58	56.92	59.85	125.36	60.79	112.69	67.87	55.10	67.90	2.85	0.00	4.85	4.78	41.88	44.97	38.51	29.08	28.47	10.10	10.14	10.57	52.85	60.94	85.78	22.29	23.26	119.77	59.89	59.50	60.21	46.58	40.00	42.58	42.70	37.78	31.56	31.46	36.51	34.97	34.78	43.52	41.22	44.02	48.55	63.05	68.89	56.85	59.27	59.95	67.18	58.35	46.09	61.42	60.14
76.77	55.97	52.21	71.60	66.68	73.28	67.11	52.70	61.88	60.53	110.22	65.61	116.88	58.13	49.00	60.29	2.93	5.60	0.00	0.48	34.32	30.87	30.28	36.51	34.04	13.73	13.06	11.74	59.37	60.49	90.27	23.85	25.11	99.41	58.95	61.22	56.56	51.88	44.51	45.50	38.92	35.20	26.28	25.21	34.21	33.84	33.03	34.26	36.29	39.37	60.22	64.29	72.42	60.53	66.45	60.15	71.37	67.81	45.66	62.94	67.19
82.72	51.63	61.60	76.08	63.89	70.82	73.45	62.14	66.24	62.32	113.26	60.30	110.07	70.08	62.56	66.37	2.01	4.49	0.53	0.00	33.48	33.77	37.26	35.12	27.33	13.44	11.63	13.19	65.11	64.93	82.85	24.48	23.93	99.01	56.38	62.73	61.64	49.84	43.64	41.41	38.38	40.84	22.30	25.90	41.97	37.92	37.50	35.45	36.08	44.51	51.21	66.36	73.25	58.43	58.17	70.48	73.99	58.99	43.81	56.71	62.20
103.98	96.53	95.48	98.03	82.76	90.17	84.11	89.34	87.68	97.24	158.48	94.58	139.25	80.84	81.22	89.17	30.58	40.30	33.89	34.26	0.00	2.39	0.15	65.60	54.60	38.27	44.56	38.43	65.09	68.58	114.09	45.67	54.55	137.05	81.80	90.28	88.28	70.98	68.25	69.69	17.00	35.62	13.92	13.92	37.65	26.34	24.92	17.47	5.11	65.50	79.40	99.19	101.64	75.81	78.49	89.85	101.66	81.47	63.50	90.27	91.26
96.15	77.46	89.72	100.33	80.32	87.71	100.26	86.01	89.64	81.11	131.13	85.11	139.33	91.43	85.10	99.62	33.34	40.21	36.81	35.63	2.39	0.00	2.10	61.85	67.65	45.68	44.37	40.70	65.34	67.14	115.88	49.57	57.80	127.76	88.33	105.62	75.72	73.54	68.68	65.52	13.50	34.37	15.41	16.17	33.24	26.42	26.31	16.49	5.94	72.55	86.75	81.19	105.33	90.05	79.06	95.27	93.20	82.84	82.24	89.42	80.45
93.60	95.01	94.89	106.57	82.04	99.39	90.54	77.09	74.56	88.05	158.57	99.25	144.51	78.76	89.60	80.82	31.72	33.81	32.40	33.97	0.19	2.47	0.00	66.69	66.13	44.98	35.47	40.61	61.21	64.35	100.65	46.45	54.09	123.78	96.67	87.94	80.93	73.56	65.27	74.01	16.95	31.61	12.15	14.74	31.81	22.71	22.65	15.24	4.93	64.36	73.47	87.20	99.47	89.12	82.88	76.93	97.30	94.59	65.47	75.58	89.00
69.80	62.58	54.13	75.11	67.96	66.15	69.11	63.29	60.58	73.06	113.99	73.37	117.40	73.71	60.06	68.60	32.52	28.53	31.42	34.88	57.72	72.35	63.41	0.00	3.28	23.33	22.81	25.26	72.46	81.51	88.01	42.79	35.91	114.76	60.52	68.90	68.68	36.45	59.63	65.95	55.10	41.25	58.44	61.20	46.52	48.79	54.62	67.91	58.58	52.62	52.98	68.23	94.50	58.98	61.84	77.75	78.58	59.85	62.75	63.75	73.85
83.26	59.74	53.78	76.40	69.43	70.77	61.60	67.00	66.93	65.47	107.35	71.71	100.89	69.44	54.83	62.48	26.94	24.01	27.36	33.54	67.89	64.61	65.81	3.67	0.00	18.63	20.22	22.96	75.13	77.08	96.52	35.09	38.68	117.96	72.25	68.06	62.74	38.73	52.73	64.31	67.65	42.73	56.00	54.66	42.77	56.27	49.57	57.68	60.39	43.96	53.55	60.55	85.44	58.52	69.17	69.27	66.61	60.34	46.75	62.04	65.73
75.13	57.77	62.21	67.07	70.89	76.11	79.57	57.96	72.15	65.34	114.49	82.05	127.73	70.06	69.20	68.32	10.88	8.72	11.69	13.90	36.61	44.86	46.26	22.64	18.77	0.00	0.40	0.42	60.97	62.64	84.63	34.76	28.21	112.85	76.26	67.31	60.42	46.25	58.20	63.28	37.98	32.13	38.39	37.63	34.60	40.55	33.49	37.82	38.40	50.34	49.64	74.29	82.40	68.13	64.02	73.13	82.59	76.33	49.31	59.25	68.01
76.15	65.27	56.61	74.80	65.96	69.67	70.08	65.10	59.64	68.99	137.26	78.87	107.15	78.72	57.84	76.37	10.73	9.82	13.91	12.11	38.49	36.72	35.68	21.15	22.77	0.40	0.00	0.32	77.43	60.86	95.27	29.59	30.05	120.65	71.76	81.24	73.16	48.92	53.77	62.31	41.70	35.21	38.23	30.40	33.08	39.58	38.59	37.76	38.08	46.88	51.37	60.93	72.65	65.50	75.95	74.16	67.44	66.41	53.60	64.67	74.50
91.36	68.83	61.39	71.15	66.51	80.50	69.99	62.83	62.84	74.80	122.02	74.10	104.31	74.42	67.94	70.41	9.38	9.65	12.26	11.41	40.28	43.32	43.98	24.49	20.23	0.38	0.34	0.00	79.33	63.74	103.92	34.28	31.47	121.59	70.67	81.91	64.39	50.00	59.77	51.01	44.92	29.41	39.05	36.60	32.11	35.36	32.41	38.20	43.94	51.69	63.06	64.68	72.22	63.59	78.46	77.06	75.61	68.56	58.03	62.12	67.12
45.65	48.76	38.91	48.74	40.09	32.09	41.86	40.11	38.43	48.77	79.74	49.25	72.12	36.33	43.46	42.50	65.45	65.67	54.95	66.14	66.33	71.43	72.80	78.32	88.34	76.17	70.76	61.51	0.00	0.57	59.43	35.93	43.76	72.10	41.49	41.67	25.49	63.34	32.26	23.92	76.90	95.83	61.16	54.90	103.64	94.55	94.47	93.50	69.46	37.14	58.11	43.22	27.95	34.87	40.08	35.39	42.60	37.61	28.50	38.94	41.13
44.92	48.84	49.64	39.20	41.44	30.38	47.35	44.49	46.84	40.38	84.46	51.48	80.62	43.76	40.48	38.18	53.26	53.56	52.12	63.46	74.48	73.93	64.35	75.63	79.03	69.56	61.27	68.51	0.57	0.00	59.50	38.39	37.00	72.79	35.85	44.43	21.03	59.25	28.66	22.31	84.79	104.12	50.70	50.50	94.45	88.86	85.29	74.21	71.51	36.33	58.54	44.85	29.16	35.20	43.39	31.41	44.18	45.00	33.11	45.55	44.11
12.96	34.67	31.28	19.31	24.42	25.77	22.21	32.75	27.71	24.03	34.19	21.16	20.76	21.78	31.71	26.36	83.65	91.98	94.71	77.36	125.71	124.81	106.90	81.30	98.30	87.18	101.35	84.55	62.48	48.93	0.00	65.38	57.33	28.55	21.64	19.27	36.02	58.24	41.93	44.34	108.19	110.29	90.48	94.97	127.17	118.05	131.12	126.73	119.19	49.33	37.59	27.17	27.12	35.30	22.75	26.45	15.31	23.60	44.83	26.43	21.70
56.71	36.03	35.56	49.76	41.72	45.30	37.42	37.59	38.39	42.13	90.60	43.89	86.18	41.50	35.85	35.47	26.31	26.47	25.01	21.16	47.92	49.39	55.70	46.05	33.34	30.82	34.29	30.01	38.24	42.39	65.80	0.00	0.14	81.21	40.76	48.51	32.27	27.63	23.88	22.53	66.77	66.56	34.42	41.85	62.70	67.19	59.66	59.56	44.34	22.61	28.94	40.48	51.44	29.28	36.74	44.67	48.28	37.93	22.51	34.34	37.05
48.40	35.54	36.38	49.58	36.56	46.16	40.96	32.65	30.47	36.81	86.01	43.85	77.64	41.91	34.26	37.62	26.86	23.67	26.04	23.21	48.89	60.49	56.32	39.92	37.01	35.19	29.63	29.44	38.15	45.34	56.68	0.16	0.00	92.11	38.37	47.19	40.85	27.13	22.99	26.64	64.15	66.09	44.10	42.83	64.37	56.77	59.65	63.90	44.04	20.60	34.45	38.68	57.40	33.82	38.82	41.50	42.30	44.34	21.63	30.43	40.10
44.36	56.87	55.91	47.85	55.07	43.98	56.42	55.40	66.06	59.11	21.31	48.92	25.74	58.78	52.72	59.75	103.52	125.42	105.49	104.00	149.74	123.46	115.82	111.42	113.20	109.31	116.39	115.80	60.79	73.71	36.41	89.14	94.89	0.00	56.45	54.70	54.87	92.09	71.19	71.89	135.22	158.71	118.78	128.38	135.96	153.93	150.98	127.78	137.89	70.69	79.25	58.45	42.26	60.38	53.11	49.90	39.50	50.27	61.53	63.51	48.57
12.16	8.35	9.11	5.89	4.18	8.00	1.57	7.03	5.80	4.55	51.34	6.93	49.65	1.12	7.58	1.65	59.02	63.20	55.61	56.42	93.56	95.70	91.91	66.60	69.78	69.11	75.56	74.58	44.99	40.47	23.07	38.04	43.31	48.33	0.00	6.63	16.89	30.03	17.76	23.64	91.26	90.89	85.99	69.01	106.78	104.40	103.60	112.07	89.47	19.97	18.47	0.16	25.37	8.45	2.27	8.86	6.31	1.14	16.27	6.62	0.42
9.21	8.39	10.12	5.78	10.40	12.84	6.23	9.21	10.01	4.26	56.27	0.60	42.20	5.55	13.58	6.52	72.07	71.05	65.82	67.30	96.62	96.96	105.72	77.99	72.08	76.44	81.07	63.23	47.73	44.72	23.93	44.20	48.32	57.11	6.39	0.00	22.60	32.82	25.64	33.87	108.36	103.10	80.32	76.52	108.97	99.85	101.65	116.28	83.90	25.93	20.07	7.37	29.77	10.93	9.63	13.81	9.04	6.15	25.25	9.82	6.42
26.53	21.40	23.50	20.81	15.76	12.87	16.87	21.48	18.96	24.72	65.51	25.25	61.80	18.06	17.15	18.82	65.03	64.08	67.41	65.28	82.74	85.25	78.57	79.76	69.20	73.82	75.06	75.34	22.97	20.84	35.04	40.66	35.29	51.94	15.95	26.27	0.00	43.10	19.16	13.93	83.53	95.93	68.46	63.35	99.75	105.43	105.75	101.13	84.49	27.67	34.01	17.71	13.32	18.95	17.88	10.84	21.12	17.20	18.12	22.40	19.33
44.14	24.56	25.44	37.59	32.99	43.87	35.53	27.10	23.73	32.75	88.99	31.29	77.75	35.81	25.52	34.05	44.31	38.14	47.17	48.23	88.89	74.53	84.44	40.63	33.37	47.77	42.09	51.66	60.26	63.58	52.94	30.51	30.59	85.09	37.24	30.40	48.61	0.00	29.36	43.01	89.46	85.94	73.66	72.22	75.19	78.97	74.82	80.72	72.10	17.60	13.51	32.31	62.02	28.91	37.21	36.65	43.21	31.26	29.86	27.94	36.79
30.07	16.33	16.21	22.58	19.49	19.59	19.70	14.90	14.05	21.29	65.62	22.70	70.04	17.22	10.92	20.81	41.79	40.13	50.37	51.38	68.51	78.66	76.86	51.88	58.72	51.48	53.38	50.42	30.90	33.28	38.41	23.69	22.63	72.37	17.53	21.17	17.08	30.78	0.00	9.31	88.53	87.03	62.30	62.13	73.93	73.92	89.22	78.37	76.62	9.04	22.67	20.88	29.13	11.65	18.82	16.60	24.82	20.12	0.40	14.59	20.10
34.69	25.47	22.68	28.21	22.66	21.48	23.07	24.42	19.95	29.27	70.54	27.83	61.86	27.36	17.96	25.56	52.85	44.62	52.37	44.19	65.40	67.78	67.41	60.06	57.33	61.14	55.03	61.66	22.56	20.64	48.05	24.71	26.24	67.87	24.70	27.99	13.01	41.03	9.25	0.00	84.65	74.96	54.54	51.52	76.79	72.93	84.62	78.68	61.60	19.37	32.36	21.67	27.51	17.10	23.99	22.05	26.68	22.55	10.65	22.85	21.80
119.13	87.24	102.38	102.83	103.73	92.34	93.23	97.88	95.27	93.78	146.21	107.48	140.09	88.41	100.19	90.22	37.83	42.58	36.91	42.64	14.62	16.22	14.62	61.01	66.84	42.68	45.62	42.43	86.01	92.66	121.81	60.41	68.18	146.45	91.88	111.09	101.00	77.34	81.93	77.41	0.00	22.22	23.56	27.87	24.42	10.44	10.59	0.44	21.76	72.75	97.70	105.35	105.87	82.76	94.81	108.31	115.62	104.18	77.84	102.73	98.12
108.76	100.05	84.59	117.95	100.74	91.78	92.86	100.79	106.63	87.15	168.88	113.81	128.06	112.62	87.69	94.38	35.81	40.30	38.26	33.42	32.42	33.47	33.10	46.90	41.29	30.10	28.97	31.28	90.13	93.86	113.21	57.32	67.60	137.06	99.34	106.28	88.42	88.12	81.84	77.78	25.78	0.00	43.19	45.60	0.14	10.48	11.48	23.92	36.71	81.90	93.73	92.33	123.61	82.33	113.69	96.35	104.05	102.34	74.52	86.13	89.18
77.49	67.72	73.18	77.04	83.18	66.72	70.98	65.16	72.37	68.47	116.89	89.57	135.83	73.21	66.29	68.05	27.32	27.53	23.75	26.51	13.95	14.17	11.72	59.57	49.92	31.41	38.42	39.14	60.56	59.32	104.79	38.61	38.60	129.30	82.68	78.10	59.49	68.26	55.30	49.17	27.17	42.50	0.00	0.36	39.91	31.26	36.38	25.56	11.41	58.66	67.13	84.35	78.64	61.90	84.76	73.93	86.56	80.21	58.53	80.27	80.64
86.62	73.78	71.52	89.62	65.60	74.47	79.92	63.29	76.09	73.56	135.11	88.17	136.81	82.06	77.08	82.63	25.03	26.37	26.62	23.41	14.34	14.68	12.82	57.80	59.19	31.71	36.67	35.63	58.14	57.05	104.28	38.55	42.39	119.68	73.50	81.99	70.98	63.70	58.69	60.43	27.72	42.30	0.36	0.00	42.65	30.17	36.96	29.76	10.83	52.59	64.72	76.44	73.93	60.70	83.42	68.70	75.03	75.26	51.97	66.99	75.40
105.08	94.88	88.96	118.12	97.05	96.33	95.59	85.44	92.96	108.96	159.48	103.74	151.50	98.22	102.35	112.71	34.26	37.54	33.80	37.92	31.20	32.62	35.94	44.90	48.58	36.41	28.20	30.83	90.62	88.40	140.66	68.88	61.00	163.79	113.39	93.87	86.37	72.29	88.62	90.67	21.59	0.17	43.79	41.53	0.00	12.00	13.17	24.27	41.57	88.61	78.59	111.51	98.89	84.46	100.23	95.53	103.78	93.92	78.65	107.18	89.60
114.71	87.01	98.99	116.37	99.44	91.74	109.38	87.74	99.18	109.67	139.22	95.63	160.90	96.23	87.50	92.08	39.96	35.77	35.29	33.61	28.49	21.49	24.70	61.38	59.81	35.57	33.57	32.00	92.36	82.42	120.34	68.10	61.82	131.02	94.39	114.83	95.83	80.08	79.44	72.70	11.08	12.12	34.30	30.74	11.18	0.00	0.15	9.97	27.89	73.70	99.84	105.50	117.70	82.99	96.54	98.90	118.01	89.91	72.45	91.79	92.59
103.90	95.29	93.12	98.77	91.69	108.41	95.66	107.24	87.41	92.96	163.82	106.79	149.72	107.27	90.48	108.84	33.87	39.74	40.65	36.52	27.82	26.39	28.03	50.00	61.32	34.61	37.25	38.64	90.21	80.58	114.73	55.74	59.10	166.17	112.23	114.77	87.58	82.41	85.31	80.05	10.87	13.17	35.57	32.03	12.33	0.15	0.00	9.68	32.32	76.94	83.84	88.88	106.52	99.62	89.30	110.04	121.29	105.84	92.65	88.61	89.14
124.21	89.97	99.92	109.31	98.12	106.27	106.66	84.19	87.42	94.23	157.59	94.72	136.01	108.80	87.98	93.05	34.96	43.61	39.30	34.64	16.14	14.20	17.24	54.35	63.13	41.86	43.90	44.40	88.95	84.87	116.78	53.42	53.05	143.27	105.90	99.57	85.76	87.97	83.89	69.94	0.45	21.12	27.83	30.63	21.51	12.07	9.85	0.00	19.94	77.06	87.79	91.76	95.66	102.32	88.96	111.49	110.54	105.84	88.20	96.34	108.36
98.86	87.14	78.20	91.80	95.60	89.60	89.20	79.98	75.31	85.59	121.65	100.40	143.33	96.26	76.56	86.07	39.22	43.40	34.69	36.78	4.52	5.87	4.29	62.91	61.36	41.57	46.39	41.90	66.40	65.54	103.15	50.92	48.74	121.62	96.96	90.64	80.09	75.79	67.84	63.42	22.86	43.39	11.17	12.11	39.74	26.40	29.64	21.18	0.00	69.36	79.41	82.36	92.32	72.31	85.49	76.44	80.67	94.77	60.66	84.88	91.04
32.86	13.63	14.13	23.02	24.65	21.85	19.68	16.58	15.21	18.99	77.10	23.64	71.37	22.42	11.84	19.32	43.91	40.87	47.84	48.06	76.50	81.81	71.74	45.92	47.40	44.72	43.37	51.91	39.19	36.43	41.56	22.12	18.07	68.08	22.33	26.87	22.19	20.11	8.65	17.04	84.28	74.67	56.16	53.35	74.59	71.89	84.53	71.91	66.70	0.00	14.54	21.21	37.50	13.85	19.20	25.66	25.62	22.61	7.84	14.42	17.64
28.96	10.56	13.14	24.32	24.40	26.67	18.04	14.72	13.77	16.28	78.19	17.40	56.05	20.42	16.57	21.26	53.42	55.60	56.39	58.50	78.55	95.25	83.29	45.50	47.36	48.81	60.90	57.82	57.27	46.76	43.19	31.55	33.58	68.42	22.77	20.78	32.36	11.87	19.22	28.24	89.34	86.60	67.62	64.99	84.98	93.96	92.98	87.10	92.43	13.42	0.00	17.89	48.10	15.95	23.94	26.70	26.30	18.95	19.61	14.67	17.41
10.56	9.99	9.42	6.21	4.21	8.49	1.66	5.59	6.31	4.11	52.61	6.62	47.35	0.97	7.98	1.48	65.80	70.17	65.67	59.38	82.36	83.50	94.85	60.33	63.09	65.99	66.93	66.69	40.47	44.43	25.56	37.28	38.78	51.47	0.15	7.10	19.57	36.31	19.43	26.30	96.95	103.96	75.62	76.11	99.10	112.41	99.14	93.58	89.77	18.30	20.96	0.00	26.60	7.80	2.37	8.42	7.95	0.93	19.21	7.62	0.45
28.56	32.43	30.60	22.99	22.67	17.38	26.28	32.78	30.28	27.72	56.40	33.84	44.17	27.81	27.89	25.55	73.16	74.84	69.56	69.68	90.64	104.04	86.54	79.76	80.40	79.94	93.80	93.42	26.08	29.22	27.25	55.65	51.15	40.97	27.43	31.34	13.25	54.91	35.01	29.56	114.25	110.87	75.15	87.14	117.71	119.17	114.43	95.23	92.99	42.64	47.45	25.86	0.00	31.23	25.78	18.64	22.30	24.69	27.74	30.86	25.23
21.57	6.76	5.68	12.68	10.37	12.13	8.93	3.69	3.37	8.37	55.42	11.36	47.52	8.43	0.50	6.95	49.45	55.01	59.47	54.05	91.21	76.71	92.84	56.54	57.22	65.98	54.33	60.60	35.78	40.91	34.97	31.90	29.45	60.26	7.67	12.00	19.09	25.24	12.00	17.75	86.27	81.49	70.64	62.56	93.92	102.61	86.49	104.79	71.05	12.24	14.09	8.12	29.46	0.00	8.22	13.98	14.94	6.83	12.86	3.54	7.81
12.44	10.66	8.91	6.82	2.03	6.59	3.06	8.69	7.72	7.67	59.91	8.84	40.54	3.20	8.81	4.02	56.59	64.97	56.48	56.41	96.23	83.65	78.60	71.75	65.33	70.36	68.40	78.69	35.82	35.80	26.64	37.27	36.38	56.42	2.30	9.28	15.57	37.91	16.58	23.42	95.44	92.43	70.06	81.61	96.04	98.10	106.42	101.72	91.62	22.29	21.72	2.16	23.99	8.33	0.00	6.72	7.44	3.47	17.86	7.88	2.36
14.49	17.98	15.06	10.66	4.25	0.40	8.35	12.66	12.04	14.72	54.19	16.09	46.24	8.26	12.14	9.05	61.04	68.91	65.09	72.98	97.66	100.58	90.13	68.36	69.62	69.58	66.68	79.35	38.11	32.96	25.90	35.93	42.13	54.75	8.23	13.07	11.49	39.02	18.78	20.21	107.21	107.99	69.46	76.83	115.40	97.60	104.27	108.23	87.89	25.81	28.81	7.73	18.52	13.42	5.49	0.00	9.32	8.75	17.76	15.47	8.71
5.31	15.37	14.10	3.18	7.19	7.64	5.95	11.98	14.61	9.22	41.76	7.35	39.83	6.65	13.13	8.64	77.83	69.48	64.14	72.46	86.67	87.40	106.04	85.26	66.97	77.19	79.40	82.11	39.88	47.01	19.60	52.24	50.83	39.50	8.08	9.26	19.96	43.14	21.91	30.13	115.26	93.71	87.22	83.07	119.44	121.39	104.56	112.95	92.08	25.41	29.58	8.06	21.60	13.22	6.78	9.52	0.00	7.37	25.17	13.68	7.17
12.24	7.74	7.34	5.32	5.14	8.22	1.87	5.78	4.74	3.32	54.43	6.48	50.61	0.55	7.05	0.31	63.83	55.88	56.62	65.82	100.32	98.21	95.42	75.21	64.45	74.80	61.25	66.57	45.57	37.77	23.42	36.31	37.99	56.37	1.16	6.04	19.56	35.56	16.73	21.58	89.18	103.43	67.98	81.64	107.05	106.17	113.31	103.00	81.13	19.66	20.06	1.05	29.01	8.37	3.07	9.05	7.60	0.00	20.09	5.74	0.97
32.56	15.09	17.76	21.93	16.76	21.65	18.71	14.80	15.29	21.69	68.46	27.16	61.55	19.17	12.60	17.48	41.53	44.84	45.55	47.23	68.14	68.94	76.67	50.18	58.94	52.96	52.40	48.92	36.03	28.97	39.30	22.90	20.08	64.04	16.51	26.34	17.87	25.39	0.35	10.69	73.11	76.54	54.85	57.83	76.41	72.03	82.34	87.75	66.67	9.28	17.91	16.43	33.26	12.64	16.59	18.27	22.95	20.25	0.00	16.11	19.39
18.43	3.04	1.98	11.97	9.38	15.76	7.23	0.43	0.81	4.80	55.69	9.66	53.93	7.34	4.39	5.36	59.04	52.16	57.09	53.67	79.01	91.12	90.96	70.31	52.18	67.97	59.44	66.45	42.52	37.96	29.65	32.41	30.84	56.91	6.91	8.47	20.97	28.92	14.31	20.30	88.39	97.53	71.25	76.66	106.22	102.87	103.59	95.73	90.15	13.87	12.13	7.26	30.31	3.54	8.64	12.51	15.55	5.65	16.66	0.00	5.86
11.09	8.19	8.95	6.86	3.94	7.98	1.94	5.41	5.91	4.97	51.97	7.92	45.44	1.23	7.77	1.45	58.50	69.86	65.88	66.43	93.55	85.50	87.53	73.56	72.79	72.99	62.32	75.02	41.88	42.47	26.51	34.44	36.68	56.62	0.49	6.25	18.42	29.73	18.79	21.36	97.67	109.21	69.55	69.41	111.47	88.96	110.34	93.40	91.84	17.99	19.44	0.42	23.16	7.07	2.33	7.98	8.33	0.98	19.14	6.57	0.00
~
Delivery quantities;
9 2 4 5 0 0 6 8 14 2 1 7 2 12 0 1 3 1 0 4 3 6 4 1 0 1 0 1 2 4 1 8 2 1 1 4 4 1 0 0 2 4 2 2 0 0 0 2 0 4 0 0 2 4 0 4 1 2 2 1 
~
Pick-up quantities;
48 0 24 20 6 4 0 30 0 12 0 16 4 0 16 18 6 0 8 8 12 18 12 24 18 0 24 12 6 0 0 12 0 0 0 0 0 0 4 6 4 0 0 6 6 12 8 12 6 8 6 4 0 8 6 12 8 0 0 6 
~
Vehicle capacity; 
120 120 120 120 120 
~


