Cost matrix;
0.00	10.93	5.69	17.70	12.35	11.65	15.93	13.81	8.27	21.66	15.28	12.68	28.04	12.40	70.01	0.77	81.13	72.49	71.11	88.88	68.13	50.59	58.23	107.59	93.21	54.24	73.29	72.21	62.22	48.83	51.75	59.35	59.99	44.99	66.80	46.58	64.89	18.07	9.91	16.88	16.51	8.67	12.39	81.78	17.76	72.70	11.21	12.43	109.69	42.31	59.44	27.00	30.80	36.70	39.62	46.94	14.47	31.32	25.36	23.72	16.24
10.56	0.00	5.59	6.96	1.37	1.63	5.87	9.40	2.31	8.61	4.80	0.28	30.89	0.02	61.84	11.67	65.30	74.32	73.53	62.72	70.45	37.64	39.40	102.95	104.40	43.93	64.58	62.92	61.82	57.94	52.53	57.48	61.43	45.85	72.00	39.66	54.54	24.58	5.39	23.10	30.32	2.60	26.62	76.31	27.19	54.41	1.50	0.30	85.23	34.42	47.35	20.47	20.00	30.27	29.24	32.47	4.81	34.62	26.93	20.25	27.38
5.99	5.44	0.00	13.06	5.54	6.59	10.69	10.82	3.33	12.61	10.28	5.02	28.30	5.23	70.68	6.12	59.96	64.86	71.46	67.93	76.87	43.38	46.72	95.78	109.57	48.39	73.25	74.58	63.60	59.81	54.29	67.41	67.49	42.76	56.71	47.93	64.65	24.71	4.60	19.97	20.82	3.18	17.63	75.10	19.38	65.53	4.04	5.57	86.68	33.51	59.38	24.05	23.50	37.70	39.72	39.54	8.50	39.92	30.67	22.73	20.12
18.35	8.47	13.85	0.00	8.87	6.96	3.63	11.01	11.06	0.92	6.74	6.74	27.90	8.55	62.80	20.60	60.41	62.58	57.83	58.32	54.60	34.73	33.85	75.69	80.76	34.68	63.76	55.81	69.13	57.74	55.38	61.41	61.13	55.56	69.45	43.82	65.92	32.67	12.90	26.29	36.58	11.21	31.07	67.31	37.88	41.93	7.98	8.06	72.53	33.32	56.02	16.83	15.45	24.39	21.95	29.71	5.93	37.72	34.70	23.56	38.50
10.71	1.44	5.20	7.45	0.00	3.01	7.22	7.37	2.98	9.45	4.33	1.47	24.70	1.20	70.13	10.74	65.44	59.39	61.07	65.17	63.95	38.13	43.22	90.63	94.81	41.65	58.36	61.76	70.97	59.40	49.02	66.06	62.34	48.36	57.87	43.27	62.79	31.61	5.61	20.59	29.32	1.96	21.52	75.09	29.65	61.01	1.40	1.67	87.82	31.19	47.94	18.24	22.24	28.68	32.54	31.38	4.64	34.38	24.66	22.85	29.45
14.15	1.79	7.32	5.81	2.68	0.00	4.72	10.19	4.15	7.23	6.06	1.51	29.77	1.63	67.08	13.46	60.24	69.76	65.56	65.27	67.46	40.16	42.97	82.39	84.31	40.78	65.77	73.39	56.97	47.06	52.52	56.68	54.76	49.97	60.08	42.78	54.19	27.30	6.18	24.02	26.59	4.09	24.96	64.31	26.34	54.77	3.31	1.41	89.52	33.26	53.06	17.29	19.80	26.25	29.30	30.68	5.98	45.32	29.54	22.28	29.35
19.13	5.87	9.97	3.39	6.92	3.81	0.00	12.45	7.52	4.27	7.04	5.59	30.71	6.23	67.81	18.38	62.04	70.03	52.68	61.94	59.31	38.66	38.98	78.42	86.48	38.70	53.64	55.41	69.00	48.55	62.07	67.49	59.74	41.06	70.12	48.00	66.11	36.51	8.79	26.41	37.84	8.85	30.35	76.11	30.82	46.19	8.12	5.30	84.92	31.10	46.20	13.54	13.46	23.66	26.07	23.68	6.60	49.35	33.17	25.66	32.44
15.11	8.78	10.52	11.61	7.75	10.43	14.90	0.00	10.42	11.88	6.43	8.71	18.21	10.07	69.71	14.02	66.22	68.07	72.20	73.46	64.57	36.05	41.73	90.34	95.33	46.58	75.60	65.24	73.02	58.24	57.31	78.73	71.51	56.34	82.15	48.34	62.72	35.85	15.32	24.36	23.84	7.37	25.10	67.22	26.24	53.87	7.78	9.39	81.42	40.88	57.27	25.52	30.23	34.81	33.56	36.61	5.37	33.55	18.33	12.30	21.68
10.01	2.83	2.74	11.39	3.08	4.32	8.29	10.50	0.00	11.44	8.11	3.03	26.76	2.76	68.02	9.62	58.65	71.63	62.88	62.31	59.63	39.64	44.13	103.60	85.20	38.60	72.45	67.97	58.70	49.72	48.88	60.31	61.98	43.14	69.46	37.78	55.10	29.01	3.96	20.70	24.89	1.72	20.27	78.43	22.95	62.39	1.73	2.84	82.72	33.26	51.23	21.59	19.35	36.31	35.30	33.29	6.72	42.63	25.42	21.27	25.46
21.45	9.09	14.55	0.99	8.18	7.59	4.25	11.60	10.89	0.00	6.42	7.59	30.13	9.65	56.80	21.37	48.45	64.41	62.07	59.98	52.22	34.25	27.88	95.94	75.54	31.27	60.52	64.06	73.13	54.17	61.16	61.14	66.81	53.24	65.56	43.68	74.45	35.80	13.50	30.32	34.14	11.02	29.81	67.63	38.96	47.34	9.36	8.48	76.33	28.04	50.52	15.72	14.19	26.65	23.39	26.98	7.04	42.52	31.93	23.21	34.22
14.45	5.78	8.06	7.09	3.88	6.05	7.09	5.87	7.07	7.15	0.00	5.02	29.14	4.54	63.64	14.97	56.30	64.35	59.56	60.60	60.69	41.07	40.08	87.95	99.44	35.01	66.07	68.67	75.00	57.31	63.04	65.01	72.84	45.58	76.08	55.98	66.10	36.63	9.96	25.87	25.48	6.08	23.43	74.50	30.45	52.80	5.80	5.83	92.90	40.36	61.33	22.37	22.66	32.61	27.99	36.73	0.08	35.61	23.41	19.13	26.78
11.00	0.27	5.65	7.21	1.63	1.50	5.19	10.55	2.49	8.18	4.60	0.00	28.63	0.22	63.57	10.16	58.39	62.25	63.58	65.84	61.40	43.44	36.79	99.04	89.77	38.22	62.62	65.85	71.19	47.46	49.06	68.55	64.86	46.86	66.31	45.15	67.67	26.90	5.41	24.94	27.67	2.59	22.64	81.91	27.61	55.67	1.61	0.06	98.15	30.60	52.63	17.98	20.87	33.45	27.50	32.75	4.57	33.94	28.97	19.53	30.46
30.46	26.96	25.75	31.05	31.48	30.00	31.13	18.69	28.66	32.91	23.37	27.33	0.00	27.42	76.52	32.25	80.24	76.28	80.60	90.32	73.21	59.93	57.75	89.57	109.92	50.85	94.37	84.96	82.14	89.35	80.46	84.23	84.75	63.01	100.57	72.92	79.11	43.85	34.57	39.13	24.21	25.50	29.37	80.57	21.25	76.47	31.02	30.54	79.68	65.41	83.95	52.85	53.77	59.31	48.86	65.84	26.57	12.16	0.67	6.46	25.91
12.93	0.02	5.45	7.85	1.49	1.93	6.27	10.39	2.70	9.22	5.19	0.24	29.51	0.00	71.87	12.13	62.98	67.15	65.93	59.20	69.34	37.99	35.10	105.92	83.99	42.62	66.08	63.52	60.52	59.37	60.11	68.50	57.98	41.64	66.37	40.26	59.12	25.97	5.20	22.51	30.11	2.26	26.09	74.85	27.59	54.89	1.52	0.28	95.56	28.39	52.46	21.38	21.79	34.28	29.72	36.61	4.63	38.05	30.86	22.87	27.71
78.65	59.72	74.03	66.64	73.72	72.43	67.08	58.89	77.07	50.72	71.02	68.16	87.46	61.47	0.00	78.40	10.03	4.24	1.70	4.68	4.43	28.41	27.75	34.66	33.31	27.40	30.00	17.96	103.03	87.05	101.24	107.42	104.95	105.31	92.50	96.79	110.77	83.19	62.67	76.40	91.44	62.02	82.92	8.50	85.89	24.61	76.62	60.16	27.72	69.57	80.88	56.35	54.81	46.17	34.65	49.58	61.48	93.36	74.12	74.54	82.45
0.75	11.93	5.46	16.84	10.75	13.33	18.75	13.81	8.36	18.24	15.11	11.69	29.86	11.66	76.87	0.00	83.30	76.74	80.87	78.69	67.53	57.76	57.72	118.59	104.83	45.47	76.73	88.89	58.26	51.79	47.05	58.42	59.80	42.81	69.52	38.04	51.29	18.02	9.98	12.61	17.15	8.49	13.35	75.43	15.83	66.21	10.03	11.80	88.88	36.59	49.13	24.65	28.19	44.78	45.17	37.79	13.25	31.03	30.61	20.29	19.01
76.25	59.76	75.47	49.70	62.24	66.46	63.40	64.16	66.33	53.06	66.87	56.74	70.44	66.18	10.93	65.72	0.00	6.08	9.22	6.74	5.47	23.68	22.77	38.37	36.75	22.05	21.87	9.90	89.27	72.55	93.74	92.89	90.40	94.28	103.82	87.46	106.80	98.59	60.40	74.81	95.90	57.42	88.54	16.97	80.78	14.50	68.02	62.32	40.84	53.09	85.26	45.22	47.89	43.07	33.03	38.38	64.89	80.43	76.19	76.91	79.35
73.37	67.24	72.80	61.57	70.62	72.85	66.98	61.60	68.78	52.00	66.22	68.19	81.72	72.69	3.74	74.54	6.16	0.00	3.73	0.12	3.46	24.76	25.60	35.79	33.60	23.33	27.47	13.26	97.25	98.48	113.66	115.80	100.58	93.70	102.48	91.86	110.12	87.66	79.84	78.04	93.99	64.02	90.53	13.94	87.41	23.59	62.86	63.46	33.53	71.76	79.73	53.79	51.71	54.14	42.04	44.72	60.13	97.67	74.42	75.40	85.30
73.42	58.86	75.45	52.98	68.05	69.97	63.51	58.16	60.80	62.06	65.34	72.86	86.73	59.14	1.84	67.50	8.45	3.59	0.00	3.41	3.74	24.28	22.19	30.75	33.26	27.11	29.32	14.63	103.82	88.43	119.54	118.74	95.78	103.17	106.22	103.42	95.51	90.71	66.41	86.09	93.08	75.28	79.47	11.06	101.16	25.27	71.75	62.75	27.61	72.86	85.58	55.79	53.49	46.00	31.72	49.98	56.67	94.62	69.09	73.15	79.58
80.41	58.88	68.06	56.76	69.28	68.07	66.77	75.71	62.19	62.22	60.45	65.29	88.28	72.99	4.10	74.97	6.41	0.14	3.42	0.00	3.23	27.78	29.74	30.59	32.53	23.90	27.14	10.52	98.00	91.01	121.25	118.80	96.18	109.47	90.63	108.31	115.21	104.54	72.38	79.91	102.97	64.10	91.34	13.73	102.55	20.56	68.33	64.08	35.20	60.65	86.14	57.79	54.26	55.25	40.52	52.67	66.15	101.47	80.00	83.11	92.84
69.97	68.95	71.42	57.35	68.38	61.43	64.28	72.27	61.55	59.38	58.12	59.00	83.42	66.37	5.07	82.21	4.80	3.55	3.43	3.53	0.00	22.25	22.66	37.84	35.87	20.14	32.55	14.31	103.17	89.67	113.36	108.79	115.78	98.06	108.79	90.50	101.08	81.23	65.23	78.94	79.21	59.23	83.24	13.39	93.70	20.76	58.36	61.35	31.49	71.08	79.03	46.77	55.42	53.95	37.33	48.30	58.95	86.49	69.23	65.36	97.21
51.76	37.38	46.66	29.72	45.37	34.42	39.17	42.30	37.19	33.48	40.99	34.70	58.70	35.94	29.14	54.84	26.12	27.78	28.03	26.51	26.10	0.00	0.18	56.55	58.51	0.79	32.69	30.10	73.38	63.53	77.61	87.02	98.79	73.23	81.59	77.45	83.05	67.70	41.45	61.19	61.34	39.15	56.08	35.71	68.35	21.27	36.30	39.26	43.69	50.70	68.07	31.16	32.13	27.15	9.81	28.43	40.17	68.40	60.16	45.15	71.27
44.95	36.74	44.12	30.07	37.66	41.46	37.47	42.83	38.57	32.13	33.37	40.25	52.03	42.36	23.31	52.32	25.74	23.84	22.76	27.52	21.18	0.15	0.00	61.21	53.53	0.64	32.94	30.58	94.34	63.50	77.76	81.54	89.51	79.26	86.90	67.17	90.97	65.68	44.58	60.70	62.50	43.44	67.83	35.57	67.32	20.80	36.63	39.07	48.40	42.95	75.32	30.22	29.86	32.06	11.40	26.98	39.50	57.81	53.43	42.60	58.35
114.57	86.81	107.84	97.14	90.10	96.31	81.64	96.27	92.69	91.94	100.07	93.57	105.07	99.36	29.13	91.65	44.51	36.25	33.60	35.88	33.59	60.17	54.16	0.00	0.58	48.98	64.36	40.64	129.07	125.56	148.85	148.14	154.01	131.73	136.36	123.07	149.87	114.22	86.13	110.83	122.14	87.47	103.50	21.01	112.26	55.07	96.76	93.57	7.16	103.76	115.58	81.57	86.86	81.17	68.21	84.57	93.91	109.02	94.43	104.29	128.35
103.55	104.84	96.71	87.57	95.95	103.19	79.68	92.60	90.02	74.48	93.77	93.47	92.97	102.30	33.36	100.55	43.42	35.94	34.22	37.59	33.37	52.98	50.39	0.59	0.00	59.07	57.98	38.84	142.95	116.12	151.36	154.92	145.38	125.06	120.71	121.78	143.31	115.08	105.24	115.76	130.40	106.15	129.86	23.73	122.33	54.89	100.91	88.72	7.96	92.14	132.67	84.12	86.06	77.14	68.80	88.51	85.01	114.47	88.63	96.10	111.87
46.30	39.67	48.50	35.00	45.01	39.43	31.23	37.72	44.10	28.91	42.35	39.68	48.43	45.26	23.10	57.99	25.45	29.37	27.40	23.73	24.88	0.86	0.71	58.54	53.84	0.00	38.04	32.98	79.50	74.69	79.10	88.36	96.73	81.65	73.81	75.10	76.28	65.00	47.71	66.46	57.87	45.28	56.28	37.72	57.97	23.33	46.90	40.11	54.01	40.38	67.57	33.00	35.58	27.66	9.25	30.61	34.50	59.34	57.00	50.85	58.09
69.62	57.49	63.85	61.23	65.15	55.74	61.89	71.64	64.06	54.22	66.03	55.10	93.94	61.15	30.08	70.49	25.02	27.90	31.64	30.21	26.81	35.85	30.33	66.75	58.00	33.26	0.00	18.05	73.67	63.31	95.83	81.53	95.07	82.59	70.00	77.96	76.24	78.31	56.25	84.98	99.12	67.44	83.55	41.31	81.46	11.91	68.74	68.92	59.46	47.94	69.64	41.42	51.13	33.93	44.42	31.89	67.62	88.80	90.12	71.09	94.91
83.15	75.72	75.12	69.34	75.45	74.89	68.29	68.85	63.33	65.71	64.01	64.11	89.92	64.98	14.57	77.13	7.99	10.96	13.95	10.56	13.25	28.16	28.65	47.97	43.14	32.14	19.89	0.00	96.48	76.46	118.75	97.51	113.83	99.58	105.27	81.24	107.59	90.96	69.78	76.14	101.60	80.78	91.69	24.89	83.27	17.04	62.65	68.48	44.56	55.85	92.97	50.66	61.09	53.02	41.84	51.94	73.25	91.78	88.85	70.35	89.64
56.95	67.54	68.33	60.55	57.89	66.18	70.98	80.40	67.83	67.81	62.76	70.90	85.83	66.70	104.30	65.46	90.98	91.03	114.19	91.03	91.45	77.47	74.77	126.94	141.13	73.75	84.12	92.80	0.00	12.19	33.64	16.56	17.61	27.00	0.27	28.90	16.55	59.82	58.19	51.04	81.75	70.31	72.98	122.27	78.18	79.43	61.19	57.85	123.59	42.16	13.30	55.97	56.63	57.04	76.67	54.69	70.68	99.52	98.75	92.61	83.63
59.34	48.34	56.96	50.52	50.35	57.49	49.04	56.06	55.60	62.08	50.80	47.71	89.30	47.93	84.30	53.98	91.11	77.98	99.08	86.58	83.62	78.01	61.83	107.97	111.78	74.40	60.59	89.23	11.60	0.00	30.61	23.16	19.50	19.96	14.48	18.31	20.84	44.61	53.50	43.87	73.72	51.37	65.11	92.21	67.62	74.88	52.30	53.44	119.76	24.93	0.44	40.14	46.72	38.50	65.81	45.22	62.23	88.04	79.69	72.02	60.77
51.87	50.57	48.58	57.59	54.80	54.73	54.49	55.68	53.00	56.51	51.84	57.25	69.91	53.54	116.95	53.17	95.13	99.75	102.08	104.80	108.49	86.33	86.28	139.32	128.44	80.55	97.08	108.95	27.70	33.31	0.00	15.40	17.35	13.13	28.59	14.50	14.87	34.78	43.22	36.11	49.54	50.27	40.90	116.43	48.02	95.30	53.73	60.02	122.97	42.28	31.91	56.69	53.64	65.27	81.64	61.94	61.68	76.36	77.56	76.08	55.73
61.74	64.93	57.11	65.35	63.11	62.07	61.28	75.00	66.25	67.42	67.42	61.93	95.20	57.75	98.32	50.95	113.38	107.15	97.22	121.52	96.40	98.29	99.04	143.96	144.46	84.77	79.24	92.82	15.67	20.28	17.68	0.00	0.06	15.07	17.10	18.84	0.35	42.62	63.29	43.36	73.45	68.26	59.37	104.50	65.69	82.40	54.12	56.03	124.77	41.01	23.03	61.52	54.64	53.73	74.36	61.44	63.28	79.72	88.15	70.22	73.51
51.63	54.03	62.01	68.01	68.55	64.94	54.48	64.92	63.47	63.46	62.14	55.05	97.16	56.57	110.45	60.29	103.00	101.51	106.80	111.38	97.05	88.64	91.77	153.51	152.75	93.13	83.20	101.84	16.04	21.26	14.67	0.07	0.00	15.82	17.93	17.55	0.31	42.56	52.52	44.60	68.86	69.40	53.05	134.31	62.79	87.70	58.22	56.05	137.59	38.41	21.85	50.58	59.37	50.88	80.48	56.77	72.61	102.80	95.14	71.31	64.16
36.87	49.97	39.14	51.18	41.71	40.45	44.70	53.46	47.71	52.14	55.39	39.74	66.10	49.94	88.44	36.46	90.10	91.72	104.84	89.53	103.86	67.55	68.38	120.20	142.51	69.79	74.75	87.37	24.40	20.32	14.04	18.33	17.86	0.00	29.07	0.36	14.82	26.93	42.58	23.85	52.20	39.64	41.71	119.58	52.60	81.15	47.37	47.92	135.44	32.37	22.43	38.50	39.41	43.37	66.83	48.51	45.29	73.08	60.72	70.90	58.33
64.24	65.71	62.94	58.76	60.64	72.01	60.01	81.92	58.78	65.84	75.73	72.47	86.03	64.96	102.08	67.41	84.75	110.08	96.36	113.11	99.33	74.96	80.83	126.81	133.02	77.84	80.77	91.60	0.28	11.66	31.46	16.98	15.55	29.27	0.00	27.46	17.62	58.58	56.38	56.05	78.40	64.32	64.47	116.96	81.89	87.96	69.20	57.85	124.30	40.34	13.70	59.00	49.15	58.92	76.84	58.43	74.02	95.17	84.90	81.51	77.37
45.62	49.17	42.88	52.11	43.63	39.16	43.66	57.46	43.02	47.83	56.66	42.33	73.87	39.34	104.30	43.67	89.27	88.98	94.06	104.77	82.47	79.63	78.40	143.60	140.86	67.46	74.97	94.72	24.89	18.30	12.98	15.26	18.56	0.34	26.12	0.00	18.81	27.26	42.53	24.11	54.95	41.92	44.26	117.00	51.92	66.56	45.00	45.88	111.66	33.60	23.22	41.65	43.83	40.33	61.86	45.89	56.21	76.58	72.60	64.68	46.92
61.56	54.78	52.87	73.20	68.74	64.73	57.14	66.26	67.02	72.31	63.15	64.28	81.13	65.93	107.64	60.92	101.04	100.69	121.24	121.92	100.25	88.14	77.96	143.41	127.66	80.05	83.57	97.84	14.10	20.10	18.51	0.35	0.35	17.52	17.50	17.10	0.00	45.08	59.51	38.09	69.99	60.53	50.96	118.56	59.08	85.28	54.93	63.67	127.64	45.27	18.69	60.90	50.42	63.98	84.20	58.12	61.90	81.46	88.01	79.48	60.53
20.31	25.65	22.70	34.35	32.24	31.11	32.11	34.58	24.61	36.26	35.48	27.25	38.11	29.05	106.20	18.69	92.36	83.37	84.92	106.24	90.49	72.85	69.66	106.37	108.09	76.64	92.26	101.24	60.25	43.69	28.69	45.14	50.62	32.10	51.62	27.05	41.47	0.00	22.40	9.54	19.86	28.15	12.76	88.13	22.01	80.28	28.81	28.85	129.31	37.73	46.90	41.42	42.48	48.80	60.06	45.85	36.22	45.18	43.95	43.45	20.24
10.03	6.03	5.55	12.90	5.91	5.62	8.18	12.54	4.22	14.45	11.96	5.97	30.48	5.33	76.95	8.28	64.04	68.68	73.63	70.19	61.02	49.51	39.78	88.42	88.24	41.51	65.16	71.76	54.41	45.56	51.33	54.91	52.90	38.19	57.53	39.28	58.55	21.85	0.00	15.91	24.66	4.98	20.88	71.14	22.98	56.67	5.19	6.16	88.90	28.85	51.98	20.94	18.99	33.17	34.25	31.42	11.00	43.56	29.04	29.07	24.24
16.14	23.86	19.06	28.23	22.20	20.38	22.75	29.65	20.65	30.67	24.83	19.41	47.74	19.11	84.13	14.53	90.50	92.30	88.60	97.12	86.21	57.08	58.58	104.93	105.20	60.92	78.40	89.65	53.90	43.21	31.88	43.17	43.05	24.23	53.79	27.19	42.84	8.81	17.13	0.00	26.53	19.43	14.70	85.10	28.14	70.89	20.51	21.31	119.13	32.32	45.29	30.38	32.10	37.64	44.60	38.97	25.60	41.58	40.53	37.40	25.66
17.68	25.24	25.18	33.89	26.56	29.56	33.40	27.03	25.63	30.84	31.86	29.93	22.18	26.56	95.53	18.48	90.20	96.51	87.86	94.39	79.26	70.34	65.17	125.21	112.56	63.70	93.26	85.25	69.41	62.70	53.70	63.18	59.25	55.91	76.00	50.20	73.42	20.30	29.37	28.87	0.00	24.59	12.02	85.87	0.50	91.73	25.34	25.65	95.53	53.14	60.82	41.31	45.62	62.29	62.22	60.82	26.91	26.84	25.67	23.74	0.49
9.18	2.85	3.20	8.92	1.91	4.84	8.96	9.06	1.88	10.23	6.65	2.65	29.74	2.80	63.60	9.02	66.14	75.23	70.99	62.03	70.83	45.69	46.41	103.79	101.78	37.37	72.77	63.11	72.41	54.43	51.63	56.37	58.89	48.24	72.74	40.81	57.72	29.47	5.67	20.08	24.27	0.00	19.34	65.86	21.90	54.89	0.95	3.09	97.28	34.63	51.95	19.43	24.34	35.80	34.05	31.97	6.14	36.78	27.47	18.23	23.09
12.53	23.36	18.12	33.97	22.92	26.78	31.28	25.74	23.86	31.09	29.45	23.14	31.64	22.27	102.46	11.65	76.29	85.96	82.76	88.63	84.09	60.02	63.67	103.44	118.66	64.14	79.70	92.26	71.47	51.69	46.61	54.96	62.05	40.32	68.51	45.93	59.04	13.11	23.77	15.48	10.39	22.37	0.00	86.06	9.83	74.49	21.82	26.10	106.13	51.57	62.41	38.51	42.18	57.60	60.97	57.34	23.61	30.50	30.15	29.67	11.19
76.93	71.04	69.24	65.11	76.19	76.14	77.20	81.49	78.66	63.93	66.51	76.87	74.70	79.75	8.29	86.72	20.03	12.62	10.12	12.61	13.20	35.84	30.65	23.03	19.92	37.85	38.51	20.64	102.13	112.45	116.66	106.61	123.75	111.30	117.55	100.10	127.43	104.75	83.79	81.80	93.82	85.42	96.62	0.00	90.53	35.39	76.63	78.46	20.54	71.36	96.96	66.59	60.56	57.18	43.34	61.62	68.04	85.08	76.95	87.64	98.41
19.15	24.18	23.47	30.75	26.62	25.64	33.27	23.49	25.24	35.62	27.24	26.34	21.03	24.98	89.87	17.28	89.76	93.44	83.91	84.23	98.00	65.12	63.31	111.91	113.06	71.91	100.25	101.93	79.77	65.91	47.84	67.65	63.87	50.77	78.82	55.95	75.56	19.81	28.64	23.98	0.55	23.80	8.89	105.91	0.00	86.53	26.93	27.34	101.55	48.61	73.86	47.70	44.29	64.81	59.67	65.47	28.38	24.52	22.81	24.30	0.13
63.49	47.99	52.67	47.01	57.91	54.17	46.33	62.94	61.36	48.29	56.56	55.32	65.75	50.96	24.75	69.06	16.31	22.32	23.68	21.21	19.64	24.07	21.30	63.44	61.39	20.79	14.43	17.28	79.49	64.30	89.81	85.74	87.30	82.42	82.44	77.57	79.73	82.99	50.77	65.59	72.08	58.54	82.49	35.54	74.25	0.00	49.81	49.85	54.72	46.97	65.45	40.71	41.01	28.38	25.97	28.88	58.50	79.05	66.71	66.73	88.15
9.54	1.36	3.70	8.73	1.38	3.16	7.27	8.49	1.73	9.16	5.02	1.80	24.86	1.40	61.62	9.58	56.83	68.11	60.02	76.07	62.04	40.68	46.01	92.96	93.82	38.40	63.59	71.30	67.71	51.22	59.00	61.52	61.92	48.20	72.96	44.54	55.24	28.64	5.93	24.08	25.95	1.06	22.50	74.15	23.39	52.29	0.00	1.84	96.82	35.16	54.39	18.26	21.46	32.46	34.41	31.58	5.58	33.69	29.51	21.52	22.25
12.97	0.37	6.37	8.21	1.76	1.64	6.42	9.04	2.55	7.74	5.24	0.05	30.42	0.32	64.65	10.61	62.46	70.36	73.15	73.31	56.00	44.01	41.34	92.99	98.30	37.98	65.11	61.59	68.06	53.72	48.25	62.32	62.18	50.13	67.10	50.57	67.11	26.39	5.97	21.02	28.76	2.90	26.29	69.26	30.29	55.17	1.73	0.00	91.97	29.02	55.02	19.54	19.16	35.44	27.20	32.36	4.58	35.49	27.49	20.55	26.05
97.58	80.57	89.69	77.40	78.64	85.49	85.26	93.11	96.15	74.84	76.63	79.16	94.49	83.70	30.40	94.55	35.12	29.50	30.08	29.88	34.26	43.69	49.98	7.29	8.67	48.35	65.18	39.74	140.72	125.83	120.75	125.38	129.17	117.38	127.89	116.76	139.85	128.01	95.61	105.97	118.20	89.83	97.37	20.19	101.49	59.73	96.02	78.90	0.00	86.49	118.63	89.14	88.96	78.56	56.83	86.58	79.04	106.66	89.64	93.27	112.98
36.17	35.98	33.67	27.56	35.63	33.73	27.91	41.16	36.35	34.48	36.46	34.67	56.84	32.68	60.98	36.89	60.20	73.96	62.92	72.30	56.94	49.48	40.15	102.61	90.68	46.47	54.47	57.19	36.79	23.15	43.18	36.86	38.83	27.00	39.84	29.49	42.63	41.54	25.96	28.36	50.18	30.02	40.90	84.86	59.23	42.97	33.78	32.69	101.31	0.00	23.78	17.02	17.24	15.42	38.29	18.91	39.75	71.87	61.57	52.45	56.27
55.00	52.10	57.57	51.58	56.00	57.07	54.47	62.81	50.54	55.72	59.64	49.71	87.74	56.64	93.25	50.30	86.67	91.76	91.32	80.04	90.40	62.63	65.60	132.14	126.54	74.43	66.26	88.78	13.81	0.54	35.06	22.05	21.98	22.33	14.58	23.65	20.65	53.46	44.76	41.54	69.18	49.20	57.02	92.41	66.34	66.80	61.30	54.52	113.46	22.71	0.00	42.40	42.19	35.33	62.70	36.81	65.06	90.91	81.59	82.84	75.07
26.51	17.75	20.98	16.72	18.18	19.56	15.00	24.90	18.42	15.13	23.08	17.69	50.56	17.73	62.20	26.81	52.03	52.99	51.37	62.09	58.00	31.18	29.37	78.15	94.01	29.15	40.83	60.04	56.51	46.96	58.97	51.48	55.91	40.43	54.54	47.26	61.05	41.00	16.66	34.21	41.44	19.14	34.75	59.96	40.15	36.05	20.92	17.53	81.02	15.22	43.99	0.00	0.42	12.62	27.15	13.08	23.22	56.19	44.77	38.43	39.83
30.06	18.59	24.84	13.83	22.09	17.43	14.94	29.42	23.87	16.68	24.36	21.93	43.88	19.71	57.85	27.33	49.16	57.48	50.56	53.74	57.57	33.22	34.83	78.20	96.51	30.78	45.06	55.66	58.82	43.52	49.57	54.66	60.70	41.28	56.93	43.60	56.76	41.95	19.29	27.96	42.22	22.28	43.30	67.20	49.93	40.90	22.05	20.23	92.18	17.38	37.53	0.38	0.00	11.35	22.02	14.54	19.43	56.93	46.11	36.91	42.94
42.04	35.65	34.86	27.28	35.06	32.16	28.63	34.94	33.58	26.87	35.49	34.04	57.14	30.25	53.71	39.46	46.72	53.93	47.80	53.89	48.64	29.91	27.01	90.48	79.27	30.16	33.56	53.14	56.26	36.01	65.60	53.82	53.75	40.26	52.64	45.40	52.74	48.40	29.06	43.95	65.34	36.87	57.14	55.56	54.82	27.20	35.68	32.07	70.10	17.47	42.20	13.30	13.43	0.00	30.14	1.42	30.81	61.75	63.08	48.61	50.95
37.11	29.31	36.91	23.26	33.26	27.55	23.02	32.02	33.45	19.51	26.61	30.21	43.44	27.92	37.61	39.60	33.02	35.47	35.49	35.10	31.79	9.37	9.50	58.69	68.00	10.67	38.97	44.78	78.17	73.36	86.74	79.84	72.33	75.63	87.40	61.81	89.20	61.05	37.57	44.69	51.29	33.35	49.28	45.94	59.95	28.54	31.67	29.85	62.53	41.40	67.16	27.74	22.73	27.79	0.00	24.55	28.11	51.97	42.43	43.85	55.20
43.89	36.07	40.16	30.41	29.67	33.49	23.49	38.61	31.72	26.17	30.35	28.41	57.17	30.51	44.69	41.35	45.86	51.43	52.32	46.45	44.74	31.18	31.82	83.93	79.71	33.65	34.84	42.71	55.35	40.16	67.49	60.28	61.51	43.39	55.39	51.97	61.61	49.80	32.91	38.27	58.55	33.53	55.89	61.66	53.24	30.42	32.03	30.63	86.28	15.26	37.64	13.75	12.06	1.36	26.61	0.00	32.99	74.17	51.74	52.01	57.72
16.75	5.06	9.96	5.82	3.90	6.21	8.53	6.50	7.41	6.94	0.08	5.69	23.49	5.31	56.26	14.53	55.28	60.81	56.01	71.64	64.63	35.59	38.32	100.06	101.30	40.15	65.69	73.00	76.08	60.94	62.66	72.87	60.60	44.73	76.39	50.32	64.63	28.71	10.15	26.67	30.24	5.52	26.90	74.85	27.60	57.32	5.91	5.58	84.10	37.88	56.98	23.96	22.69	37.08	28.42	35.72	0.00	37.49	23.89	20.44	27.85
35.08	36.41	40.65	38.07	37.40	41.98	48.29	26.95	33.89	37.34	37.62	39.26	12.01	39.86	96.30	32.01	99.22	89.93	78.91	100.40	95.28	67.39	69.88	108.81	101.08	72.35	87.69	94.84	107.99	88.34	75.64	82.73	83.01	69.71	103.74	75.52	88.20	49.03	36.23	42.03	23.98	41.31	31.97	98.12	22.99	77.19	37.25	42.31	96.43	70.26	89.18	60.99	55.05	70.49	60.99	74.20	39.00	0.00	12.21	19.81	26.71
26.71	31.84	28.15	31.19	29.45	27.79	36.76	18.06	29.80	32.66	24.40	29.67	0.59	29.50	85.03	28.07	74.27	78.08	73.84	71.40	79.92	48.09	52.04	90.44	100.16	52.47	93.83	79.51	90.38	90.37	70.94	82.78	80.60	71.06	86.97	68.45	78.58	38.75	35.21	42.60	24.27	26.65	30.45	77.62	26.38	74.82	30.30	25.61	83.06	67.11	80.36	45.83	45.47	64.41	40.73	58.32	23.92	11.36	0.00	6.30	23.52
24.78	21.38	21.61	23.48	18.39	23.67	29.22	14.39	24.85	23.49	20.16	20.10	6.39	24.40	64.99	25.28	68.50	68.26	77.57	78.15	71.33	52.07	52.33	97.86	89.88	46.67	72.22	74.60	75.34	84.38	75.62	81.29	88.15	65.82	88.85	65.72	73.61	35.93	26.73	41.84	21.37	18.56	25.82	75.04	23.76	61.13	19.12	21.49	84.00	57.26	70.41	36.82	45.68	54.34	40.67	48.84	19.32	17.25	7.13	0.00	20.07
18.01	28.50	23.41	30.66	23.13	25.33	35.98	25.91	25.63	35.28	31.64	29.07	22.97	29.18	90.56	15.65	81.39	82.31	82.54	101.76	93.10	64.33	69.67	105.57	107.79	73.62	84.58	84.75	71.50	62.33	57.86	59.44	76.04	57.07	86.96	46.17	70.55	24.28	28.19	24.64	0.55	25.34	11.27	87.56	0.12	89.52	28.23	26.02	118.06	51.09	59.45	48.50	50.95	58.32	53.70	64.71	30.27	23.58	22.11	22.92	0.00
~
Delivery quantities;
18 0 0 16 0 4 4 2 4 9 1 4 0 3 0 0 1 4 0 1 1 4 4 6 0 1 0 0 1 1 1 2 1 2 1 4 1 0 1 2 4 0 0 0 2 1 0 2 1 0 1 4 2 1 0 2 4 1 0 2 
~
Pick-up quantities;
18 32 42 16 4 0 12 16 36 0 30 4 28 0 12 8 0 12 8 24 0 0 0 0 8 0 12 4 6 0 12 6 8 12 6 12 0 8 0 4 0 8 6 6 0 4 6 12 0 4 4 12 0 8 8 6 0 0 6 6 
~
Vehicle capacity; 
120 120 120 120 120 
~

