Cost matrix;
0.00	0.40	17.35	6.21	17.27	19.12	24.52	11.42	12.16	11.33	9.65	16.87	14.67	13.04	0.16	73.46	69.96	71.21	78.76	74.16	72.06	80.39	66.41	68.21	51.41	54.18	54.11	67.74	34.38	67.69	72.71	56.79	87.51	65.74	116.99	117.97	64.92	53.09	63.22	60.79	24.12	54.28	100.93	90.46	80.06	52.10	12.55	65.74	25.03	44.20	34.55	82.42	54.82	68.67	90.47	87.37	67.05	52.63	43.75	47.86	26.23
0.32	0.00	17.70	5.84	17.95	20.52	26.18	10.91	13.14	10.07	7.69	17.32	14.76	13.51	0.34	65.55	69.90	84.31	66.39	68.22	85.08	71.17	69.75	79.31	56.50	46.63	47.04	61.48	34.18	70.19	70.38	62.43	81.76	66.88	110.08	112.93	70.42	56.55	64.80	65.11	26.05	54.02	114.05	92.73	81.07	43.26	14.80	57.06	22.01	42.72	32.05	64.78	52.30	74.31	78.46	88.05	63.26	57.14	52.23	42.49	23.66
18.21	17.05	0.00	14.63	32.90	5.97	27.30	9.02	7.38	9.24	9.66	0.05	11.96	7.11	17.04	62.32	57.42	67.37	58.15	61.69	60.63	63.39	61.94	52.58	33.57	36.26	30.74	45.11	47.37	43.54	41.07	51.02	64.63	58.28	88.05	87.09	63.36	69.64	49.75	60.91	31.78	69.11	86.88	63.65	66.12	54.49	10.48	71.68	35.83	59.16	45.93	56.66	34.01	49.65	65.87	63.11	43.21	73.40	55.47	58.96	36.15
5.17	5.74	14.37	0.00	21.64	14.37	26.96	7.44	5.98	4.09	3.16	12.65	10.70	6.10	5.13	63.76	75.22	82.51	77.57	79.67	81.16	67.68	66.22	75.23	45.18	49.90	50.18	52.08	31.82	60.78	52.75	65.59	76.23	63.62	87.29	89.59	68.77	64.87	61.20	54.26	27.96	63.65	94.07	81.68	94.99	52.21	9.73	63.12	28.00	46.11	39.70	62.76	42.33	74.66	83.02	63.50	52.81	66.25	53.92	53.07	28.83
16.79	19.14	34.60	21.14	0.00	31.14	23.81	25.97	28.96	28.36	27.66	30.46	26.22	27.17	18.44	99.40	81.68	88.60	83.37	86.18	101.34	97.16	83.05	91.16	57.79	58.26	71.91	79.50	22.08	78.09	72.24	91.56	98.81	74.13	120.38	121.83	87.04	62.60	68.89	71.18	21.21	72.08	100.62	97.54	86.45	55.64	27.57	66.53	27.21	47.48	50.67	88.02	65.75	82.71	102.37	98.17	71.79	67.45	45.13	57.73	41.14
20.00	16.72	6.92	11.60	31.62	0.00	36.92	14.13	10.61	10.73	9.87	5.95	17.24	9.48	20.96	62.64	58.85	57.45	65.01	52.92	60.11	69.56	51.53	54.56	34.89	34.43	36.40	51.75	42.82	47.48	51.92	46.56	67.35	57.57	94.63	98.16	60.22	62.66	43.63	55.64	36.07	63.65	87.32	73.04	75.81	54.54	17.70	63.45	32.20	62.27	39.16	57.35	35.66	53.83	62.75	60.76	47.81	56.91	57.22	59.24	32.65
27.99	26.82	29.41	25.67	25.21	32.33	0.00	22.68	22.55	24.37	27.59	26.33	18.41	26.28	29.20	81.74	73.71	70.36	78.98	68.25	87.36	88.33	85.32	79.99	45.85	56.40	50.84	74.24	14.13	74.82	77.64	67.54	86.03	62.87	102.22	99.86	89.24	77.16	72.81	88.84	0.11	87.56	89.49	82.40	64.84	72.59	18.85	82.20	53.88	73.53	61.33	67.91	53.29	76.67	89.17	65.46	74.48	76.08	76.42	73.37	47.51
13.05	13.86	8.83	8.34	27.52	13.32	22.99	0.00	2.06	5.59	7.28	8.56	4.31	2.02	13.24	70.88	71.79	72.60	67.49	61.13	62.88	64.52	65.04	62.05	43.46	45.31	37.11	51.76	30.33	53.43	48.29	62.65	73.64	56.76	93.77	100.81	67.38	65.46	55.04	60.73	20.31	62.79	101.05	67.54	71.49	54.94	3.43	61.37	38.26	52.69	46.87	58.51	45.09	66.95	67.74	73.71	59.65	73.44	66.46	51.66	38.18
13.57	13.31	8.45	6.81	29.53	11.82	21.54	2.01	0.00	3.39	4.58	8.36	6.24	0.46	11.20	64.62	58.80	69.23	62.83	61.48	69.67	69.72	70.96	68.43	35.57	35.85	40.38	60.18	35.32	60.61	48.43	52.48	75.73	59.63	90.89	98.53	67.38	66.20	60.87	57.33	26.23	69.09	92.58	67.67	77.69	56.76	5.30	57.73	35.24	53.53	48.71	63.98	35.56	68.25	63.32	65.34	58.80	57.61	53.62	57.81	29.20
8.97	10.94	8.14	4.41	26.67	10.85	27.53	5.51	3.01	0.00	1.37	9.40	9.31	3.97	9.18	57.69	69.61	68.72	68.64	63.71	73.41	74.62	64.11	73.25	45.68	42.68	37.78	52.07	37.59	53.03	52.77	57.90	70.94	55.80	105.21	104.28	60.94	65.79	54.63	68.25	24.57	68.40	107.81	69.90	76.54	61.42	8.96	64.34	28.10	57.09	37.49	70.20	40.49	70.01	82.38	63.00	57.47	60.21	58.63	58.66	32.70
8.94	8.77	9.24	3.32	28.06	9.92	23.65	5.92	4.36	1.60	0.00	10.50	10.90	4.78	8.80	63.96	65.83	68.94	67.68	72.13	66.47	63.55	71.35	76.16	41.64	38.50	43.39	61.18	38.15	61.38	50.51	63.61	80.50	59.79	101.05	90.14	67.34	66.50	51.64	60.04	27.27	65.74	92.58	73.18	82.87	58.13	9.81	67.61	29.70	49.14	41.14	65.29	37.62	71.66	78.84	73.00	55.31	56.41	51.36	55.11	30.51
19.90	20.80	0.05	14.18	34.99	7.24	28.10	10.27	8.22	9.09	10.35	0.00	12.15	8.10	17.11	57.03	57.17	58.48	57.18	58.48	60.25	57.79	50.88	60.28	33.20	29.07	35.15	47.14	40.08	52.47	48.19	48.43	73.90	52.17	84.78	86.64	71.26	71.90	58.85	60.51	27.87	69.54	98.74	78.16	72.44	56.70	10.98	66.91	38.39	57.48	45.20	60.93	36.44	57.35	66.19	66.61	50.44	63.79	70.35	62.00	34.21
13.69	13.93	11.52	10.83	22.90	15.45	15.38	3.79	5.79	8.47	9.59	13.39	0.00	5.75	14.12	67.75	58.43	64.43	60.51	69.67	64.91	70.58	60.71	76.17	41.70	43.21	42.23	54.54	27.36	63.20	54.07	54.59	69.85	58.35	86.25	87.47	71.28	72.28	59.85	77.56	18.84	66.55	83.45	65.33	84.27	63.43	0.35	66.50	35.84	63.35	45.57	58.69	45.25	59.42	65.93	63.67	51.33	71.43	67.33	59.32	42.74
11.36	11.95	8.36	6.19	30.22	9.56	23.30	2.25	0.47	3.91	4.49	8.44	5.52	0.00	13.81	63.99	62.52	64.36	58.79	61.18	72.81	72.47	57.98	71.77	34.37	41.84	38.35	52.13	33.79	52.02	59.17	49.47	82.90	57.40	80.32	89.56	64.24	70.06	53.24	63.83	24.11	69.13	97.43	66.63	77.06	55.14	6.27	63.55	30.33	57.41	46.46	61.42	36.17	65.97	68.87	66.50	51.38	63.18	64.25	58.22	30.04
0.14	0.34	17.27	6.28	15.35	18.18	27.63	12.64	10.37	11.19	7.73	17.80	12.45	12.08	0.00	66.16	79.34	69.73	68.99	75.12	69.88	73.52	80.58	83.42	56.29	45.09	53.73	60.35	36.75	60.71	64.65	60.74	97.58	63.28	91.00	116.30	63.80	63.98	57.75	62.84	28.38	63.04	106.07	78.16	85.73	50.95	14.86	60.10	24.40	51.11	33.37	69.99	53.41	66.63	81.66	69.16	66.86	54.75	52.03	51.14	29.59
77.85	78.31	50.87	70.59	90.04	56.67	74.70	71.25	59.79	67.43	63.93	58.38	62.66	57.71	68.79	0.00	4.48	4.61	5.48	5.42	5.97	4.99	22.77	25.43	21.96	23.54	23.22	18.03	90.06	17.62	15.50	14.65	30.74	15.11	45.83	39.97	96.63	94.67	85.46	112.46	67.76	106.10	63.81	33.05	68.40	125.06	64.18	112.06	77.68	111.67	86.63	31.86	23.02	4.26	19.80	10.77	17.41	92.78	103.58	109.88	81.84
77.89	66.80	63.27	69.75	93.99	56.71	70.28	62.78	71.47	67.69	71.26	57.55	72.12	60.86	69.11	4.41	0.00	4.83	0.51	1.89	6.17	6.21	29.01	30.57	22.22	24.01	26.59	19.65	82.47	20.51	22.85	22.18	25.63	10.07	36.08	39.59	87.76	112.02	74.09	119.00	78.71	99.99	56.34	24.35	63.73	125.86	57.51	99.12	98.19	117.14	97.04	32.31	24.45	0.01	15.44	5.45	21.60	116.95	117.70	95.33	73.55
79.43	82.82	62.59	69.21	90.04	57.41	68.79	75.70	64.43	72.81	66.04	57.79	68.53	72.65	81.62	4.89	5.35	0.00	6.47	4.70	0.65	0.31	29.27	29.10	30.93	27.69	26.63	21.41	89.90	17.95	22.64	18.13	27.59	14.79	33.58	40.83	110.23	117.51	70.97	119.37	76.89	103.77	49.60	29.98	62.18	109.24	71.14	104.82	101.32	113.60	86.16	32.18	24.60	4.67	17.14	8.27	19.46	114.58	102.42	96.83	80.51
78.82	79.88	59.24	68.22	80.90	64.76	82.64	71.18	71.83	68.55	64.26	52.85	63.77	66.17	70.99	4.90	0.43	5.27	0.00	2.06	5.94	6.51	32.38	33.29	25.10	23.81	23.65	18.52	78.47	20.28	20.79	18.70	24.65	10.01	37.43	41.25	103.07	119.21	90.24	94.63	63.99	106.02	51.71	25.94	61.67	118.64	60.73	117.05	95.59	129.96	89.35	28.14	20.40	0.42	14.13	5.01	20.26	115.85	121.46	95.11	86.50
72.97	71.89	64.51	79.63	94.56	65.05	71.05	69.40	59.00	70.74	63.66	50.61	64.25	61.41	85.77	5.70	2.02	4.44	2.09	0.00	5.99	5.63	33.11	33.27	23.45	27.51	27.52	20.99	78.23	22.86	24.34	23.10	26.24	10.00	34.49	35.45	96.20	98.51	89.06	114.72	76.23	111.03	54.30	20.95	56.30	109.71	65.31	106.40	83.96	125.59	92.94	25.25	23.95	2.03	13.01	3.74	24.17	103.61	101.87	116.44	95.50
84.55	76.14	58.34	78.25	89.88	63.16	72.85	61.02	73.99	67.85	79.50	64.32	77.19	60.35	82.59	5.11	6.14	0.57	6.80	6.14	0.00	0.39	24.92	24.34	32.40	27.83	27.89	18.58	98.58	18.74	18.44	18.80	30.83	15.78	32.82	40.55	98.70	109.74	84.26	114.22	82.70	104.56	62.72	26.80	73.34	105.74	74.93	118.77	104.11	125.56	104.35	30.28	25.86	6.13	18.31	9.77	18.18	108.95	124.18	108.57	95.52
72.99	85.10	67.15	72.53	93.44	63.79	69.22	63.75	69.55	76.88	73.76	53.62	67.97	71.28	74.21	5.17	5.83	0.40	5.79	5.15	0.41	0.00	29.56	27.16	26.62	29.05	28.61	21.95	91.11	21.10	18.88	18.92	30.40	14.04	41.41	41.46	102.05	98.27	75.00	111.86	76.59	95.59	55.39	25.49	57.29	120.12	65.61	99.47	99.20	104.59	96.22	36.52	30.76	5.91	17.92	7.84	19.77	97.88	129.55	100.01	94.28
70.52	67.27	53.72	65.87	95.29	54.16	77.99	65.33	67.03	62.45	64.26	62.05	67.87	56.26	74.18	22.36	28.01	27.04	30.22	33.06	29.71	24.88	0.00	2.91	30.38	39.13	32.35	15.05	88.30	12.86	13.38	11.82	60.32	35.94	59.77	62.70	75.61	84.66	60.01	88.94	77.94	79.62	75.06	58.97	96.68	113.51	63.82	85.82	76.54	92.50	69.43	60.19	30.70	29.77	48.57	31.48	13.87	90.27	103.80	94.74	73.13
81.79	70.63	52.96	75.93	92.96	52.43	95.35	66.11	67.81	66.60	61.91	63.61	80.29	58.43	68.23	27.70	30.13	24.13	31.22	28.24	24.39	27.53	2.78	0.00	36.67	35.85	39.97	14.23	105.69	17.20	16.77	16.34	58.23	42.90	66.18	68.97	68.48	92.56	65.25	87.62	80.21	81.73	91.57	56.21	97.96	116.47	80.16	85.78	75.31	99.29	74.19	62.06	40.74	29.42	45.92	39.80	14.04	83.88	91.34	84.43	83.82
48.49	53.82	33.15	48.33	70.49	35.38	50.57	44.96	41.33	46.01	44.60	29.85	36.46	42.36	44.62	23.13	21.57	26.76	22.04	25.02	29.16	29.03	36.91	35.26	0.00	0.19	0.29	22.60	63.61	22.87	22.60	23.78	44.05	20.45	60.60	52.68	83.15	93.71	72.39	98.14	54.02	86.44	64.55	40.26	55.03	87.51	41.94	85.53	74.44	85.33	71.50	32.44	0.63	23.56	32.92	28.78	20.94	82.75	96.68	96.39	65.94
51.14	50.30	30.60	50.49	64.43	37.66	53.53	36.84	42.81	46.76	41.07	33.89	37.76	35.36	54.24	23.33	25.40	29.59	22.04	26.95	27.45	30.27	35.84	41.23	0.21	0.00	0.08	24.17	59.01	21.27	23.08	19.77	36.54	19.50	50.41	48.47	78.88	98.90	75.83	77.40	45.00	91.23	56.84	35.50	65.34	87.42	43.35	88.88	65.13	90.56	65.24	33.84	0.44	27.05	32.45	26.94	19.37	90.40	91.20	84.11	66.45
48.32	56.37	33.18	40.05	62.99	38.14	45.54	41.92	35.54	46.14	40.98	31.56	39.61	42.57	49.44	25.12	23.60	28.26	23.02	22.46	25.37	31.06	34.88	41.51	0.28	0.10	0.00	24.22	68.74	19.31	21.27	19.42	36.67	20.60	51.29	57.03	83.03	94.38	64.82	90.35	49.83	91.23	60.00	38.92	65.61	93.57	46.29	96.26	65.28	87.47	68.70	34.96	0.33	23.53	37.37	29.78	23.36	80.68	100.92	94.60	55.14
69.60	57.11	48.34	54.63	81.73	41.33	77.86	51.89	47.86	61.28	58.90	51.60	62.77	58.84	68.34	18.05	20.74	22.13	23.02	21.25	20.48	22.34	12.88	16.42	24.18	22.20	21.29	0.00	82.97	0.25	0.31	0.36	47.11	29.37	56.61	56.71	74.71	93.25	61.66	85.88	63.22	82.65	81.78	45.53	77.28	88.41	59.70	85.10	74.19	105.09	84.89	47.90	22.77	20.94	30.41	23.67	0.64	88.55	104.68	90.52	76.07
37.58	32.49	39.52	36.61	25.06	47.32	14.08	34.76	39.43	37.67	38.76	47.52	29.45	35.50	37.00	86.73	81.93	82.02	94.50	79.65	89.40	85.23	100.32	99.45	59.84	60.76	66.28	84.31	0.00	82.13	85.56	89.96	90.37	78.66	109.64	104.61	105.87	95.48	97.59	97.11	14.34	84.54	100.17	98.26	83.02	73.51	34.37	102.29	50.33	74.57	62.44	79.14	71.67	95.06	87.47	97.77	95.94	96.44	75.27	74.96	57.61
57.85	66.75	44.87	56.48	89.48	41.05	79.62	59.86	53.66	60.43	50.96	42.92	55.55	52.59	68.77	15.52	18.64	21.05	21.84	21.24	20.99	22.32	11.73	17.32	22.59	20.21	19.19	0.27	77.26	0.00	0.50	0.26	44.39	25.90	62.08	52.80	87.61	77.07	55.21	96.35	62.60	90.87	64.66	42.50	83.61	87.64	53.54	77.80	68.67	101.44	76.85	38.90	18.76	18.91	34.22	27.48	0.46	89.96	91.99	89.62	64.23
73.03	64.66	45.46	54.45	74.39	47.05	76.09	62.18	58.68	55.03	53.18	52.01	52.05	51.56	69.67	17.64	21.18	22.55	22.94	21.82	21.81	21.27	12.12	15.69	21.69	20.77	19.93	0.34	88.89	0.53	0.00	0.43	41.19	28.01	64.98	58.89	75.99	84.93	61.15	82.12	63.45	90.77	65.48	49.21	68.47	109.75	62.41	79.45	80.42	93.79	69.61	40.27	20.20	18.27	35.06	26.48	0.69	78.23	93.59	89.14	63.03
59.17	59.94	47.54	51.99	84.83	50.93	70.98	51.62	49.72	53.18	55.10	45.82	60.30	55.64	61.86	18.24	22.31	20.73	22.60	19.95	19.76	20.22	14.23	16.76	22.42	22.51	21.06	0.39	93.28	0.25	0.39	0.00	47.06	23.15	57.86	55.12	83.17	85.77	60.07	89.98	73.33	89.17	72.96	48.26	75.02	102.02	51.19	90.72	75.67	92.80	67.12	49.79	18.89	22.40	36.78	23.85	0.28	82.03	100.38	96.84	64.98
94.37	97.79	60.37	80.03	102.00	79.92	85.11	66.07	73.03	77.55	89.25	73.98	78.43	84.28	82.44	27.53	22.01	29.87	27.63	21.88	27.35	28.32	47.66	59.44	35.58	42.60	33.82	46.39	86.11	47.05	42.85	48.04	0.00	19.60	16.55	14.96	107.94	142.11	90.95	141.54	77.99	142.71	28.05	0.03	41.15	139.69	74.75	114.07	116.75	144.60	116.64	15.73	42.92	25.94	12.40	17.61	39.96	140.02	126.54	121.56	100.58
65.65	67.84	59.04	57.79	87.31	51.64	73.00	64.51	61.78	54.39	61.09	50.26	60.68	52.33	64.09	14.73	9.22	14.34	9.42	11.80	15.14	14.35	36.18	37.79	20.51	21.97	17.77	24.38	78.29	26.24	25.30	23.16	22.27	0.00	37.26	35.82	107.53	118.62	82.33	104.00	70.48	109.59	44.10	21.38	55.53	118.27	58.95	104.99	82.53	116.10	80.99	21.10	22.25	10.52	15.18	8.00	23.87	112.59	109.08	114.67	86.25
100.89	113.24	90.59	106.46	103.58	89.62	95.37	102.44	81.68	104.80	101.89	78.92	103.16	87.40	91.14	36.87	41.39	33.17	40.60	32.37	37.97	36.84	61.42	56.48	62.10	59.57	60.22	51.56	118.53	52.29	57.90	55.51	19.21	39.07	0.00	0.33	120.46	141.43	123.40	154.77	106.03	139.40	21.92	16.26	50.15	148.44	95.40	145.40	135.48	140.79	119.45	31.00	47.91	33.99	24.64	28.02	59.67	134.97	157.79	146.47	108.08
117.06	105.80	95.42	87.01	107.28	99.69	91.31	93.63	81.73	102.10	107.56	85.76	93.29	94.79	109.30	45.83	38.78	40.63	33.47	34.30	42.27	36.46	64.68	58.86	58.12	51.20	60.74	49.85	119.29	63.65	56.89	59.62	15.68	36.75	0.35	0.00	151.58	157.10	125.35	157.87	106.51	157.69	23.83	18.11	54.30	157.80	80.62	158.55	110.37	154.28	135.54	34.58	56.73	39.27	22.88	34.54	54.59	129.87	134.75	146.33	108.78
68.15	68.49	64.65	63.64	71.97	65.82	85.02	63.73	63.94	70.49	58.70	69.36	82.25	60.94	68.34	97.05	87.72	99.57	100.68	100.65	101.25	88.55	78.42	87.27	90.10	84.36	85.11	78.98	107.71	82.21	88.86	87.09	118.44	112.17	140.76	151.19	0.00	16.20	17.92	14.88	95.10	14.90	147.00	114.31	131.04	42.90	73.95	15.89	52.17	47.68	31.64	112.72	90.54	111.35	115.43	104.07	72.95	17.54	46.76	29.56	39.80
59.05	64.70	59.07	59.18	64.73	62.70	81.04	71.25	59.57	53.99	59.25	71.89	61.35	66.00	55.53	113.77	107.65	106.27	93.81	101.56	93.51	118.18	88.65	89.23	81.32	78.46	88.55	79.70	97.74	78.26	80.99	79.53	133.36	119.48	156.36	123.49	15.42	0.00	35.67	0.49	89.70	0.17	164.19	114.42	126.29	29.83	69.16	0.47	39.95	39.86	19.05	115.60	88.21	119.07	114.99	112.81	91.97	0.19	28.79	15.55	30.15
60.97	59.51	56.97	51.86	79.93	48.94	91.96	63.55	59.47	62.31	50.34	60.31	57.34	57.86	59.97	68.80	72.00	82.58	80.08	86.61	82.25	83.52	62.55	53.01	73.70	67.00	66.64	62.33	97.87	53.61	56.22	64.67	98.14	88.46	110.15	108.73	21.46	29.51	0.00	33.88	78.60	35.56	134.44	99.62	136.00	51.03	67.61	30.85	52.42	64.90	34.07	106.67	73.60	73.43	86.71	88.80	52.93	30.98	53.42	37.43	36.96
53.03	62.56	58.63	52.64	65.59	59.13	95.04	65.56	67.05	57.59	66.50	71.55	63.70	64.41	51.80	90.72	111.57	100.07	114.21	104.72	96.30	106.08	96.05	97.49	79.58	84.91	77.74	96.62	93.50	77.51	84.85	75.42	122.86	115.61	145.33	140.61	14.43	0.51	29.80	0.00	73.90	0.53	166.95	141.19	134.68	26.68	71.61	0.09	40.24	38.19	21.74	131.75	96.55	100.30	113.04	100.74	81.14	0.36	27.99	14.90	35.02
27.35	23.23	28.97	22.46	24.87	35.37	0.13	19.94	22.69	23.09	29.73	30.71	17.83	22.19	26.91	78.72	81.60	76.77	70.52	70.61	77.10	85.98	75.32	89.82	52.94	51.42	45.41	65.13	13.28	77.54	70.45	63.68	72.82	67.33	94.63	94.67	93.39	85.04	80.27	88.11	0.00	93.14	89.79	69.08	61.62	68.02	15.45	80.43	45.60	69.38	57.56	69.34	56.37	74.61	82.91	78.28	66.56	90.41	77.66	72.74	57.92
51.73	52.01	63.19	57.01	70.09	51.70	89.77	72.01	68.47	55.37	54.01	73.72	64.60	59.85	55.52	108.90	99.34	115.26	95.99	104.41	99.67	114.05	85.85	80.35	97.04	85.70	90.01	78.25	94.24	88.76	84.55	80.60	126.50	109.56	128.70	153.37	17.53	0.14	28.07	0.54	89.30	0.00	140.43	111.48	124.07	26.19	78.62	0.57	35.61	34.61	22.66	133.54	92.66	117.98	130.56	103.48	78.72	0.37	26.67	15.48	31.08
105.21	98.12	98.01	105.90	101.05	89.86	99.07	100.07	91.48	106.65	102.81	83.19	85.82	100.81	104.13	54.03	49.54	55.91	51.93	55.27	61.12	60.40	72.00	91.69	71.50	68.17	63.35	79.71	114.32	80.81	67.67	82.68	29.49	46.34	22.42	24.86	143.47	154.76	128.60	139.96	96.02	132.79	0.00	31.62	30.81	169.46	92.84	154.69	142.01	148.93	131.05	32.79	57.62	53.82	43.33	42.22	68.68	169.72	160.60	152.47	137.06
84.47	88.00	61.86	91.47	85.76	63.79	73.44	74.63	73.95	85.08	84.00	74.52	71.29	73.42	92.01	27.49	28.05	26.49	26.13	22.16	24.82	25.01	56.27	56.18	35.56	43.21	41.35	40.59	91.57	43.48	39.45	40.49	0.04	20.66	19.18	14.90	133.21	141.31	97.67	120.15	86.75	121.99	31.39	0.00	36.96	115.93	84.02	136.03	116.37	142.25	110.43	16.79	33.74	23.04	12.19	22.03	43.94	134.04	137.48	127.21	91.89
88.16	79.12	84.72	85.11	104.01	76.06	66.37	68.28	73.47	74.77	84.10	75.88	74.85	73.27	81.52	56.88	60.37	60.66	55.34	67.24	65.86	68.98	85.13	82.86	52.45	56.82	51.65	78.35	74.76	70.41	66.75	71.52	39.95	49.24	46.10	46.29	130.45	134.63	111.23	141.18	73.03	134.86	31.99	40.67	0.00	139.31	81.79	125.52	110.53	134.11	108.76	28.69	57.15	67.19	45.12	60.88	76.56	140.00	142.23	135.01	112.60
43.13	50.32	67.47	46.44	44.71	61.28	68.32	52.99	56.48	61.89	49.33	55.71	65.38	59.41	51.49	107.93	109.16	104.04	119.41	120.89	122.01	116.21	96.67	94.52	102.72	91.87	80.79	94.46	68.40	106.56	85.46	99.25	131.18	102.85	162.23	137.89	39.26	26.29	59.62	26.48	63.50	25.42	154.87	134.12	119.52	0.00	69.56	32.17	25.14	10.48	21.88	133.24	81.67	100.18	117.52	125.01	90.43	31.32	0.40	13.69	28.41
14.20	12.93	10.52	9.96	22.26	15.27	16.20	3.46	5.74	9.59	8.74	12.61	0.30	5.91	14.50	63.38	60.37	61.36	59.44	66.24	68.33	73.12	61.04	62.75	45.59	45.95	35.98	63.54	27.18	58.49	59.09	62.69	75.51	63.44	96.27	95.40	77.54	63.36	66.01	75.17	18.43	62.99	95.61	82.91	78.76	54.86	0.00	70.11	36.84	58.27	48.98	65.26	41.26	68.86	67.34	65.16	60.74	62.67	56.32	68.74	39.65
64.07	55.57	71.46	64.71	63.67	52.11	93.46	67.93	72.74	69.21	63.04	65.13	74.25	67.93	51.38	91.46	116.48	94.48	100.56	107.84	108.39	101.86	94.01	96.54	97.35	85.09	84.61	80.64	84.92	87.68	75.45	85.29	136.41	109.84	131.35	142.68	14.59	0.49	33.35	0.11	81.29	0.52	140.51	138.34	144.06	29.48	76.87	0.00	37.13	37.04	19.41	132.58	84.46	114.72	106.35	100.73	96.37	0.31	30.28	16.29	30.19
24.95	20.99	34.16	28.02	28.84	32.32	48.93	34.06	37.17	29.14	24.87	36.59	40.92	32.50	25.35	99.06	85.52	101.02	95.04	82.80	92.78	85.11	82.33	78.51	69.00	63.69	63.41	82.29	58.87	79.15	67.36	70.93	109.11	83.07	129.69	120.63	47.78	39.48	43.97	41.79	42.93	39.31	121.49	116.34	120.55	23.25	40.42	37.55	0.00	26.47	15.56	91.37	74.21	82.50	103.67	84.59	73.97	33.75	24.96	28.19	11.52
39.80	40.13	55.78	45.97	39.18	56.80	66.14	64.59	50.78	59.03	58.23	56.78	65.30	54.23	48.02	125.11	118.24	109.63	114.20	111.93	125.11	126.80	116.37	108.63	100.81	94.57	87.49	103.92	67.73	95.76	88.68	101.58	135.92	107.70	153.16	129.17	52.90	36.08	63.22	41.53	68.38	43.05	146.40	115.64	119.08	9.26	52.56	37.79	25.42	0.00	29.33	131.75	102.27	129.43	128.04	127.33	96.53	42.75	8.67	22.79	30.24
38.26	39.05	44.61	41.98	42.68	40.63	62.10	42.76	40.47	45.00	35.01	48.27	48.18	40.31	38.66	80.14	80.53	84.37	85.34	100.44	101.75	82.68	73.29	84.83	67.53	63.19	78.83	78.52	60.56	76.22	70.67	82.38	99.18	99.65	139.83	126.83	30.74	21.85	32.01	21.09	58.42	20.77	145.61	97.82	127.40	22.85	51.22	20.78	15.20	28.68	0.00	104.42	68.49	99.63	105.82	97.00	84.45	22.96	22.23	13.28	9.43
77.79	65.09	59.68	72.70	92.94	56.33	56.89	61.21	57.56	61.65	63.27	53.92	69.08	58.27	67.01	32.05	29.00	36.02	26.98	30.43	32.48	30.26	55.03	53.34	28.34	31.98	30.00	46.52	73.91	45.08	46.30	40.22	18.04	17.64	34.86	34.33	107.15	115.70	88.79	104.92	55.61	126.46	34.18	16.21	27.37	128.76	66.52	120.93	85.80	132.01	98.16	0.00	33.25	31.91	22.79	24.86	39.99	128.54	134.64	110.60	98.80
45.99	49.06	34.38	50.47	62.40	34.49	53.10	38.88	39.25	39.75	42.07	32.05	44.85	43.22	52.47	20.59	24.84	27.58	21.00	22.44	30.46	27.31	36.51	38.73	0.54	0.50	0.38	22.51	73.53	19.88	18.64	19.50	36.31	18.71	53.78	61.19	91.90	87.54	72.56	79.93	50.55	91.81	66.49	37.27	58.68	95.86	41.27	78.69	67.95	101.28	64.72	27.36	0.00	24.30	31.94	25.58	24.26	83.54	94.53	89.59	65.29
67.25	79.95	61.16	69.31	86.11	53.16	77.40	66.36	63.55	56.81	63.77	59.82	63.14	57.95	73.77	4.09	0.01	5.80	0.48	2.10	6.08	6.13	25.97	31.43	21.12	26.15	25.92	22.40	97.69	20.31	17.98	20.19	24.19	9.70	38.45	39.53	91.91	110.10	84.34	93.43	76.19	102.97	46.51	25.08	64.08	99.62	58.36	109.34	89.85	112.34	83.92	31.81	25.30	0.00	12.96	5.83	21.69	109.49	113.81	99.09	74.42
88.64	91.47	58.92	86.95	91.61	65.48	71.16	71.10	70.83	75.07	79.58	61.79	72.92	77.54	94.30	17.94	15.21	16.22	15.20	13.05	17.71	15.32	38.15	43.98	32.47	32.75	35.11	33.86	84.23	32.46	34.11	35.86	11.48	15.16	21.96	24.22	99.42	114.85	95.72	104.65	81.11	134.18	40.30	11.30	51.20	125.85	81.17	119.05	97.41	124.72	100.55	23.04	33.58	14.85	0.00	8.71	32.76	120.41	111.79	110.94	83.66
72.67	75.15	52.43	67.96	82.96	61.96	74.51	68.38	63.68	67.33	70.14	51.84	69.22	73.06	72.02	8.55	5.25	8.92	5.21	3.66	8.45	8.30	30.54	39.81	29.12	25.24	25.41	26.26	83.96	28.01	22.41	24.65	19.01	7.83	33.76	32.08	112.80	99.94	83.69	122.13	77.87	106.65	45.01	19.29	52.55	131.27	67.99	113.96	82.03	110.31	86.32	22.75	25.08	4.68	9.76	0.00	24.07	111.77	108.68	121.07	84.03
59.98	60.74	47.50	66.06	72.75	47.78	75.18	50.45	61.66	58.80	61.09	41.84	56.21	57.35	68.72	16.23	20.59	20.06	22.48	25.11	21.12	18.32	14.21	17.20	21.33	20.29	21.59	0.66	95.55	0.54	0.63	0.32	50.46	24.13	55.70	50.67	84.85	78.93	62.95	86.86	62.07	76.04	80.23	48.05	84.99	101.23	54.81	88.15	69.13	87.71	79.84	46.64	21.02	20.42	35.61	24.86	0.00	95.11	87.62	97.89	68.28
54.24	53.11	69.71	54.15	71.71	65.29	94.47	69.21	63.83	57.61	61.22	58.43	62.53	69.88	57.62	113.75	116.16	112.01	100.89	106.88	114.86	97.15	82.91	95.32	93.38	93.54	87.95	87.34	83.35	93.83	83.97	86.74	131.35	103.68	134.02	125.96	15.96	0.16	30.67	0.37	94.11	0.36	163.93	113.55	143.40	30.86	77.65	0.34	40.18	35.54	21.39	122.65	95.37	98.64	108.83	100.69	86.95	0.00	27.84	17.72	35.26
43.47	49.31	56.32	54.79	44.01	55.84	62.35	58.68	53.13	53.61	60.55	62.34	55.00	65.56	52.84	98.00	113.48	102.60	120.02	107.84	131.18	114.15	100.10	116.18	97.43	94.84	93.06	88.88	64.84	105.14	100.36	92.31	117.23	102.77	154.80	161.17	44.84	29.79	50.64	30.36	76.93	27.64	147.54	139.29	145.01	0.35	62.00	27.82	26.28	10.80	20.62	109.95	101.58	127.13	114.77	118.34	95.40	26.08	0.00	13.88	29.12
45.63	42.67	52.17	53.82	52.15	47.24	78.84	53.57	49.43	54.89	53.72	63.38	57.85	61.14	54.17	94.56	118.93	110.27	93.46	97.37	110.55	114.33	87.02	98.69	96.32	75.25	80.06	95.71	74.95	93.66	96.51	95.64	114.19	106.47	127.92	146.22	28.32	15.81	43.94	14.81	77.28	17.81	164.07	122.67	132.64	11.62	59.27	18.42	22.12	22.37	14.68	116.27	83.17	97.66	120.64	111.13	99.43	16.10	12.35	0.00	23.74
27.16	23.65	38.91	30.00	44.17	30.27	54.64	37.41	30.94	27.77	31.84	36.80	41.18	33.60	26.41	82.59	90.04	85.16	78.04	76.14	92.70	80.64	78.89	64.96	59.00	56.90	65.19	66.39	56.84	65.52	69.77	63.96	111.77	80.69	110.18	130.11	35.85	27.73	37.21	30.07	57.06	28.32	120.05	108.03	109.21	27.98	42.10	32.55	10.21	31.92	10.36	91.44	69.95	82.69	83.85	76.64	75.97	32.68	30.91	23.55	0.00
~
Delivery quantities;
0 1 7 1 4 2 5 0 14 0 9 2 0 14 4 6 4 6 0 8 1 0 2 6 4 0 0 1 3 0 0 2 0 0 4 2 1 0 1 0 2 1 2 2 1 2 2 1 0 1 1 2 2 4 2 0 0 1 4 2 
~
Pick-up quantities;
12 0 12 0 0 36 0 42 18 54 18 24 20 12 0 12 0 0 6 6 0 12 8 18 4 16 8 4 4 8 4 0 6 4 6 0 0 4 6 6 6 6 6 8 0 12 0 0 8 0 0 6 6 4 4 8 12 0 12 8 
~
Vehicle capacity; 
120 120 120 120 120 
~

