Cost matrix;
0.00	13.17	7.92	14.28	9.13	10.11	17.76	9.64	18.35	5.47	19.85	23.01	9.17	77.16	74.35	68.97	68.46	43.46	45.36	75.42	50.16	51.27	48.74	87.25	88.21	91.03	105.70	93.33	63.57	103.88	84.08	39.67	42.50	35.89	8.70	17.83	42.02	0.82	98.81	69.56	75.23	71.90	81.69	29.34	36.91	9.72	23.69	29.20	21.15	17.10	37.71	52.32	32.16	67.87	59.03	105.10	77.52	81.75	120.50	92.51	69.22
14.60	0.00	3.60	10.83	5.94	4.24	3.79	6.43	7.59	6.85	7.50	20.40	2.73	63.10	64.60	64.50	64.91	31.35	32.20	59.06	41.80	44.56	39.49	59.96	62.71	71.68	102.72	78.36	60.54	88.81	55.54	34.86	26.94	26.19	7.28	32.01	46.73	11.90	76.67	58.95	62.76	59.93	73.43	31.63	28.26	6.78	13.26	19.44	21.12	3.69	30.06	44.67	17.53	56.99	55.25	92.19	63.19	63.99	99.13	79.66	61.93
8.41	4.51	0.00	10.74	3.89	0.23	8.49	5.05	12.17	3.10	10.39	21.29	1.59	64.44	62.73	60.62	64.35	35.23	31.13	71.96	43.94	45.20	46.28	71.06	77.79	79.56	107.00	91.71	56.11	77.12	70.00	29.15	32.74	33.67	3.89	28.50	53.33	9.80	84.44	75.72	78.29	74.11	65.70	33.26	29.37	3.92	15.85	25.18	21.08	7.09	30.58	47.08	23.05	49.02	56.44	100.34	75.49	66.17	90.81	99.81	67.68
14.55	9.94	10.38	0.00	14.98	9.57	14.40	13.12	11.93	11.24	14.30	10.59	9.26	64.18	67.54	60.31	63.42	44.36	34.34	79.15	37.26	29.99	34.36	81.18	72.78	86.78	103.12	79.10	54.99	88.32	57.10	44.81	43.25	38.02	16.04	32.56	47.61	16.05	77.01	66.97	66.18	66.86	76.78	43.07	37.71	13.96	19.62	23.00	12.49	12.96	29.29	48.52	26.86	60.23	62.77	90.95	79.28	63.36	106.31	87.18	58.10
8.00	6.44	3.91	13.72	0.00	3.56	8.53	0.57	15.11	5.47	13.41	24.43	5.89	61.98	66.60	75.60	74.56	31.71	34.38	74.94	49.07	50.42	48.59	72.11	72.43	84.56	104.72	92.64	69.89	94.03	76.99	31.87	35.36	30.82	0.15	23.80	46.76	7.59	100.11	73.57	69.28	63.61	65.73	25.19	31.27	0.49	15.97	22.05	25.53	10.32	33.45	43.34	17.57	56.97	54.95	95.33	72.92	71.00	101.42	104.01	61.62
9.89	3.63	0.22	9.49	3.68	0.00	8.10	4.97	10.16	3.55	11.78	22.43	1.50	60.33	73.21	69.72	71.34	31.79	31.94	66.57	43.93	40.79	43.90	62.36	66.53	92.92	87.97	75.47	57.92	82.77	70.81	34.98	32.96	32.22	4.18	28.74	46.08	9.71	97.29	67.46	80.24	69.41	80.14	29.19	30.60	4.35	16.26	20.01	21.82	8.45	29.25	47.19	19.08	60.62	49.54	77.25	76.14	61.67	107.76	88.94	65.42
17.81	3.95	8.97	13.93	8.38	8.40	0.00	10.37	4.49	12.54	3.98	19.50	7.67	54.87	59.84	65.80	55.02	25.48	27.18	64.93	43.43	47.31	46.05	58.86	57.70	81.06	83.38	74.48	53.30	72.35	54.06	29.33	23.92	29.72	8.68	32.03	62.07	14.80	77.52	68.71	66.89	67.15	63.59	32.30	29.33	10.14	8.63	13.96	28.69	0.13	28.79	40.60	14.47	43.48	56.04	72.98	70.34	54.00	102.35	83.86	55.66
9.00	6.96	5.13	14.46	0.47	4.44	8.33	0.00	15.21	5.91	14.44	23.78	6.20	67.17	72.42	64.95	70.66	33.67	34.71	69.41	50.53	47.10	54.16	67.97	74.63	91.69	91.18	99.98	67.30	87.17	61.03	29.14	29.03	31.71	0.42	21.59	53.50	9.75	89.40	73.08	76.11	75.15	67.88	25.07	25.82	0.31	14.95	24.30	23.84	8.31	38.33	40.14	17.74	62.06	48.52	94.85	66.55	66.38	112.95	104.82	67.48
18.36	7.47	10.25	12.56	12.22	9.89	4.28	15.39	0.00	15.52	0.14	16.05	10.29	54.17	63.33	56.44	48.63	26.08	27.79	53.47	35.94	36.58	39.37	57.06	67.14	78.71	91.02	67.32	49.01	79.11	49.95	33.65	29.35	28.53	12.88	33.15	56.69	18.13	67.98	51.20	68.22	57.46	64.80	37.10	30.36	12.43	11.47	12.58	22.87	4.09	22.27	43.53	13.88	46.70	55.35	78.05	59.04	53.06	94.98	82.24	52.56
6.67	8.04	3.14	10.91	4.72	3.06	10.16	5.14	13.75	0.00	15.83	23.09	4.77	67.17	69.29	80.10	74.99	39.51	39.25	80.50	39.10	47.43	43.15	70.25	76.16	87.90	92.55	94.44	70.81	84.93	77.41	32.50	35.66	36.47	5.25	23.79	45.71	5.12	95.21	68.18	76.16	81.24	73.04	35.15	38.42	4.93	20.37	28.38	18.75	10.50	32.98	51.91	25.89	60.32	54.29	98.95	66.70	77.56	110.48	103.00	75.27
18.01	6.38	11.73	14.28	14.33	11.06	4.32	15.37	0.16	12.50	0.00	18.96	10.32	57.19	51.66	62.36	55.65	29.34	24.93	53.66	36.33	39.45	36.65	67.29	59.53	73.49	80.17	81.97	45.90	84.34	57.26	32.04	25.49	28.68	13.51	35.60	58.02	18.92	69.75	58.80	54.64	57.58	57.19	32.98	31.99	13.33	10.55	11.10	24.86	4.19	23.75	35.69	14.57	50.88	55.33	74.28	65.52	62.40	86.37	90.10	58.11
26.42	18.81	22.35	11.85	22.51	18.32	20.30	26.60	18.58	19.25	18.04	0.00	17.04	58.30	59.64	65.42	64.53	42.03	48.98	61.06	20.82	25.93	25.05	65.24	65.58	75.11	93.61	81.55	48.48	76.42	47.78	53.36	48.11	48.97	24.27	38.76	50.04	27.92	78.05	57.01	62.64	73.32	81.18	52.95	51.68	24.36	26.10	25.78	12.36	21.36	28.13	50.17	29.55	57.04	74.99	89.66	60.00	63.58	105.64	87.84	58.06
11.20	2.74	1.37	9.70	6.12	1.67	7.09	5.75	9.81	4.57	8.64	20.54	0.00	62.21	62.23	64.82	65.47	35.44	31.43	74.36	39.80	45.14	44.33	70.89	72.31	77.03	87.74	79.03	61.26	88.93	64.87	36.95	35.95	33.03	6.32	27.01	48.36	9.70	93.34	74.61	75.53	72.82	72.51	32.65	30.08	5.10	15.43	21.23	20.80	6.52	34.04	50.19	20.19	48.06	60.73	95.17	62.92	67.22	98.14	92.44	66.21
80.16	60.54	67.07	64.38	60.74	68.24	56.30	60.94	59.80	63.25	50.12	61.40	67.32	0.00	4.03	2.34	0.59	48.91	46.43	14.14	51.99	57.49	59.29	13.43	11.51	25.28	36.05	31.89	8.91	31.38	27.86	58.48	49.85	53.70	66.89	93.63	112.66	84.11	26.23	3.76	14.04	13.43	31.24	71.98	70.01	66.20	57.48	39.88	65.05	61.73	36.51	43.85	54.29	22.41	72.57	20.29	11.94	0.31	35.54	33.56	5.22
72.10	59.63	69.83	71.30	72.61	61.47	65.00	70.00	61.89	72.64	57.32	58.12	63.42	4.10	0.00	1.57	3.69	51.18	51.24	11.26	55.41	62.75	55.58	12.43	11.88	26.75	32.78	28.97	11.23	24.69	28.51	68.15	51.38	53.45	71.40	91.94	115.43	70.83	20.95	3.31	11.53	12.82	33.46	93.04	58.73	62.97	56.80	46.55	66.14	68.38	41.58	44.10	58.57	26.01	74.09	17.96	13.52	3.08	32.82	35.12	7.31
69.69	56.92	63.22	62.85	68.99	69.61	53.99	75.23	56.83	77.81	58.73	56.90	71.34	2.48	1.38	0.00	1.91	44.44	54.26	11.51	64.13	63.71	62.12	12.70	12.76	24.03	39.59	29.79	9.42	27.81	29.76	70.00	45.11	55.76	66.70	87.23	109.15	71.13	19.95	2.73	11.15	10.82	35.91	85.49	60.47	63.80	61.99	48.85	67.47	55.00	35.61	48.18	56.37	23.23	83.99	20.39	13.47	1.80	32.27	34.40	6.58
84.56	62.84	61.20	68.07	76.22	71.23	60.19	74.70	52.16	69.40	48.94	59.33	60.87	0.69	3.38	2.08	0.00	48.48	53.52	12.42	63.80	63.05	59.31	11.46	11.58	25.34	38.11	26.61	9.42	28.26	30.77	69.04	44.81	45.67	62.36	83.77	115.29	70.34	25.64	3.15	11.49	11.50	33.69	83.08	69.63	61.11	59.98	47.98	80.27	65.16	32.46	49.50	53.01	21.71	76.52	22.56	12.82	0.52	38.33	34.69	5.10
39.25	29.13	30.54	43.12	32.49	35.04	24.22	29.97	30.04	39.91	29.54	39.38	29.41	45.64	56.26	46.36	47.62	0.00	0.84	51.20	53.60	54.83	54.84	45.46	48.89	65.07	82.58	77.75	47.33	74.94	59.78	17.89	0.41	0.57	30.89	45.85	77.89	42.55	56.59	51.01	51.61	51.66	41.40	35.52	16.53	29.69	20.37	18.20	55.81	27.03	28.73	13.91	11.27	29.77	38.84	63.93	41.77	49.29	76.31	81.67	41.25
40.32	27.67	33.62	38.40	34.16	37.17	29.60	29.74	28.90	32.18	29.34	44.44	36.62	42.96	51.17	49.02	47.10	0.84	0.00	45.06	62.96	67.58	58.65	49.50	43.70	81.42	77.98	72.98	48.02	83.22	57.82	16.46	0.88	0.15	32.19	56.02	68.07	44.08	58.97	43.39	48.80	41.64	36.34	31.78	14.91	29.12	18.19	21.93	52.34	28.81	27.87	11.99	13.02	30.82	35.46	67.70	53.26	53.22	83.11	91.45	49.74
83.81	70.77	70.18	79.97	78.49	77.11	57.26	66.06	59.35	70.41	65.24	59.46	63.12	12.57	12.15	13.73	12.63	49.29	43.28	0.00	75.76	67.23	66.81	0.49	0.18	37.84	48.68	41.37	21.53	41.13	37.93	70.14	40.73	43.93	80.21	100.18	114.56	90.40	15.74	9.79	0.82	0.38	21.64	79.53	54.36	73.02	59.20	42.28	76.70	66.93	41.16	42.50	56.30	18.27	75.28	25.86	0.16	14.18	31.77	39.62	8.27
42.10	41.89	44.51	37.10	50.65	46.40	43.90	44.34	35.33	42.82	38.18	21.42	45.22	58.36	56.10	58.94	64.55	55.21	52.41	71.81	0.00	0.35	0.31	74.60	71.45	61.62	66.31	55.31	45.69	55.78	40.29	67.53	54.58	54.98	45.75	57.16	72.03	51.48	76.45	55.17	67.10	68.53	89.95	81.79	71.58	49.73	47.46	43.39	28.69	45.91	39.05	64.65	52.71	69.03	92.74	82.27	66.88	58.05	104.94	62.45	55.96
51.78	42.24	40.07	32.23	44.67	47.16	39.36	42.31	34.18	44.33	35.19	25.87	43.46	57.92	59.17	58.31	56.03	68.29	55.48	69.12	0.30	0.00	0.13	70.52	67.35	68.14	64.54	64.12	43.77	67.97	44.42	67.46	63.12	57.66	52.00	66.57	82.46	52.82	72.55	58.43	65.49	70.62	78.24	79.18	74.91	47.09	50.69	36.75	31.02	37.31	36.45	79.34	51.93	64.81	85.26	74.38	66.84	61.83	104.59	67.93	67.69
53.81	41.69	39.77	30.32	52.64	39.08	41.81	53.48	38.76	41.47	42.09	24.56	41.14	53.02	60.89	62.85	55.21	59.84	55.76	69.77	0.35	0.12	0.00	78.89	69.79	64.70	67.23	57.42	49.66	63.96	41.50	75.35	60.05	66.29	49.57	58.52	77.83	43.43	74.77	62.61	69.62	67.78	90.10	68.89	74.00	45.16	43.16	36.26	26.77	44.15	40.08	68.68	59.45	55.53	101.76	72.55	72.71	54.39	102.06	70.17	53.91
88.43	62.66	74.76	67.88	71.59	76.79	57.78	70.28	68.77	69.79	53.74	71.57	64.38	11.68	11.86	11.26	12.67	42.60	53.28	0.44	73.63	74.68	72.88	0.00	0.31	38.73	37.84	37.84	20.03	40.28	37.08	71.08	48.41	46.14	77.96	105.68	107.50	81.52	16.08	10.12	0.22	0.08	23.17	75.57	56.57	73.32	62.51	43.10	74.56	68.43	40.84	48.83	50.74	15.49	80.51	21.70	0.42	12.89	29.97	39.74	8.89
76.37	68.54	67.97	79.20	72.46	71.53	57.14	80.36	63.59	74.68	59.34	59.52	70.14	13.98	12.94	13.86	10.77	52.76	51.98	0.16	75.70	65.60	67.43	0.32	0.00	42.05	42.95	38.71	19.94	33.18	38.72	69.46	44.11	49.48	73.97	101.82	132.26	87.14	18.62	8.59	0.60	0.22	20.03	79.46	67.09	74.50	57.78	45.77	77.47	58.54	38.84	40.10	56.42	15.55	72.27	23.46	0.17	11.53	35.60	41.36	9.73
89.88	78.73	89.36	83.88	85.57	82.18	85.49	96.25	80.54	98.35	80.95	71.90	86.32	27.22	27.97	27.61	26.08	81.50	66.40	41.46	64.26	59.48	58.04	42.33	42.36	0.00	10.34	0.56	23.76	0.59	22.21	101.62	70.44	68.05	92.68	101.92	117.33	91.80	36.60	31.88	42.34	34.90	58.08	103.13	82.77	90.17	71.72	72.85	73.95	70.87	57.25	78.79	80.08	54.90	110.60	19.69	36.98	28.46	33.81	9.11	33.51
96.50	93.13	97.41	96.87	97.01	107.89	94.85	111.57	84.23	109.07	90.77	86.68	95.99	33.27	36.60	38.01	38.98	79.48	84.84	44.69	69.81	74.31	65.64	38.80	45.20	11.91	0.00	9.52	34.94	11.63	34.47	98.21	77.75	77.08	110.75	122.33	140.11	110.86	39.33	32.57	45.09	49.15	63.69	130.00	90.77	87.44	94.90	84.04	99.70	88.03	69.49	82.67	84.69	57.35	128.74	21.42	46.28	34.91	32.98	2.01	42.84
102.76	81.54	86.33	83.35	87.17	76.60	82.62	93.48	67.92	77.01	81.48	79.34	88.24	25.98	24.94	27.99	26.33	66.78	77.22	35.05	57.20	68.35	61.58	40.14	37.63	0.58	11.96	0.00	26.15	0.13	23.61	82.58	74.56	76.35	79.35	124.71	126.84	87.00	32.13	29.65	34.78	33.91	52.89	98.20	88.12	99.84	80.36	57.22	79.59	81.71	59.55	70.93	73.68	51.35	114.80	19.77	34.84	27.78	38.76	8.64	37.92
72.00	52.13	65.35	67.36	67.01	70.67	61.06	67.70	50.70	58.38	57.82	55.98	63.04	10.60	11.92	9.47	10.44	52.81	47.04	20.83	52.96	51.19	54.93	20.14	22.65	22.15	33.17	27.01	0.00	27.25	19.63	66.62	53.38	45.85	66.76	90.44	116.76	62.66	34.47	14.36	24.77	21.23	42.33	76.61	72.28	60.43	57.59	38.47	58.92	48.90	26.16	52.94	58.64	28.72	81.54	26.96	24.40	8.62	45.77	29.35	15.37
91.24	83.26	85.72	82.36	78.46	84.32	69.96	81.19	65.76	86.60	80.91	75.96	80.23	25.87	27.62	29.53	28.54	79.72	66.85	33.38	61.10	57.75	63.75	41.82	38.02	0.56	10.00	0.15	26.93	0.00	23.69	92.32	80.59	67.27	95.26	113.44	128.71	97.21	34.28	26.76	34.95	39.42	63.44	108.37	94.26	94.24	71.95	63.19	86.69	73.25	58.28	77.95	68.96	48.27	99.21	19.71	41.37	31.46	36.30	8.92	31.65
75.36	67.07	71.56	60.14	65.21	69.51	63.33	64.92	58.78	73.60	63.61	52.41	61.75	30.25	25.70	31.64	28.22	59.84	68.65	42.39	37.90	41.32	42.51	39.22	45.34	22.92	29.41	21.66	19.98	20.27	0.00	75.20	68.95	63.97	68.24	99.44	106.14	84.08	43.79	27.89	41.47	44.16	54.15	99.44	70.83	75.35	61.23	47.20	70.10	62.19	33.31	72.71	55.47	50.43	98.18	34.39	41.38	25.81	56.80	33.71	32.87
32.79	34.66	31.68	39.14	26.01	30.79	26.34	27.63	33.93	34.54	28.12	52.28	33.49	70.32	58.69	58.56	64.22	14.69	15.90	65.92	68.42	71.04	76.18	64.75	69.06	80.02	102.76	99.24	64.24	90.86	68.70	0.00	16.99	14.48	27.61	37.86	71.80	36.15	83.74	71.84	58.89	55.03	46.71	18.86	0.35	31.47	23.32	32.17	56.90	27.30	39.41	20.93	17.87	45.59	25.93	77.08	58.70	59.75	105.48	98.44	55.49
37.64	33.56	32.36	34.49	28.15	30.15	25.64	30.35	28.98	35.93	27.07	45.99	31.58	48.24	44.51	43.07	47.25	0.34	0.94	47.70	56.24	59.25	52.92	41.18	47.76	72.22	90.99	79.34	54.49	65.98	66.65	16.55	0.00	0.65	31.27	50.57	68.37	36.44	59.19	49.26	49.06	41.02	36.17	33.14	17.50	31.46	18.59	18.94	45.93	23.32	25.44	14.69	13.85	32.76	41.05	61.39	50.10	51.58	82.48	90.36	46.74
38.51	30.84	36.48	41.08	35.50	32.86	26.52	29.39	24.11	37.84	27.58	43.26	34.33	53.56	44.46	49.27	46.53	0.58	0.19	45.35	54.00	60.15	60.44	41.98	45.59	68.69	79.70	72.41	46.20	70.46	70.06	17.60	0.64	0.00	34.88	44.42	84.65	41.27	58.38	46.38	53.75	45.83	41.62	31.14	17.14	28.20	16.61	18.90	55.92	24.72	27.89	13.82	13.94	27.77	32.25	76.92	48.13	44.36	72.68	78.60	48.42
9.52	6.01	4.10	14.64	0.15	4.51	9.73	0.42	13.89	4.86	15.22	22.08	6.03	59.31	74.20	63.23	62.17	32.81	33.12	66.09	53.31	42.68	52.41	76.39	72.94	85.02	104.41	90.45	59.73	95.02	66.29	33.29	29.30	30.63	0.00	22.79	41.80	9.16	96.09	76.19	76.49	80.65	76.18	25.13	28.97	0.35	14.01	27.10	26.39	9.24	35.35	46.05	17.49	55.67	54.53	101.33	65.74	66.32	95.78	109.94	58.74
20.12	32.44	26.94	34.42	23.87	22.63	29.44	22.34	32.80	23.47	36.39	40.17	25.43	81.14	83.86	95.55	91.50	49.87	51.03	105.61	62.83	73.49	66.13	89.31	92.18	98.82	124.60	100.62	93.42	110.49	101.21	39.25	54.17	47.57	21.31	0.00	32.20	16.08	115.40	95.62	93.97	96.69	88.39	23.15	43.88	23.10	36.32	43.63	41.73	32.96	61.31	55.62	37.77	68.39	54.03	115.18	94.04	100.84	143.17	116.34	77.50
38.97	58.40	41.94	46.96	47.86	49.59	60.65	47.31	53.78	41.77	53.71	56.76	44.25	114.53	115.47	107.25	121.36	71.78	69.90	107.33	82.40	78.07	76.16	127.91	112.64	121.99	150.98	114.42	110.96	119.13	95.95	64.14	80.22	72.08	50.58	26.89	0.00	36.40	119.88	111.95	119.02	131.32	117.98	46.83	68.96	41.29	65.31	73.74	52.88	62.42	82.85	80.93	57.55	110.18	75.92	119.13	109.14	127.90	150.24	132.32	108.99
0.94	13.98	8.92	12.40	9.16	9.16	17.00	9.48	17.97	6.33	22.52	25.49	11.08	83.96	69.17	69.74	79.69	39.50	40.89	72.63	51.68	42.45	43.15	83.43	79.27	90.76	108.95	101.29	78.28	83.66	78.77	34.07	37.13	45.55	8.29	16.46	36.97	0.00	85.15	77.34	80.21	89.76	73.97	27.56	41.60	9.02	21.21	35.04	22.08	18.17	40.62	49.28	28.09	69.90	55.96	94.02	83.44	80.06	106.94	90.15	67.53
87.52	84.01	99.30	90.84	78.84	91.18	90.04	98.76	79.54	80.52	76.81	87.52	88.56	22.89	22.52	20.21	21.07	64.69	65.69	18.73	86.15	82.95	79.92	15.83	16.16	36.84	32.97	36.81	29.87	34.60	51.70	88.93	71.88	59.84	89.27	101.72	124.15	98.22	0.00	18.48	18.36	15.56	36.00	105.17	81.89	93.12	79.34	57.90	105.34	71.21	61.34	60.37	68.86	35.12	86.91	12.35	18.71	26.31	14.37	35.84	26.14
82.90	65.44	63.96	72.70	73.24	70.80	66.90	70.02	55.09	62.54	50.65	60.19	73.86	3.92	3.39	2.67	2.89	48.17	49.00	8.58	61.10	56.72	69.86	10.87	9.10	27.87	38.98	27.60	13.43	31.42	28.47	71.98	50.60	45.05	73.50	99.92	115.05	78.65	19.60	0.00	8.90	9.33	30.77	79.06	65.86	77.44	59.17	50.69	69.93	54.73	33.70	43.07	52.39	22.52	80.73	19.85	9.46	3.24	34.51	34.93	4.64
82.06	63.93	66.55	73.92	73.47	68.76	72.25	75.76	63.94	78.13	60.60	66.87	65.74	11.57	13.07	11.12	13.88	51.88	52.13	0.64	69.07	61.92	71.08	0.25	0.60	36.38	48.00	40.15	22.04	37.59	40.76	64.79	47.72	51.97	72.11	103.20	114.72	74.56	16.68	10.51	0.00	0.35	21.86	87.09	68.21	64.35	63.24	53.81	86.51	66.91	38.72	41.83	60.43	17.55	79.51	25.18	0.58	12.00	32.37	44.27	9.20
72.49	69.09	68.09	76.51	76.36	76.35	64.60	63.60	58.43	71.74	53.43	67.62	69.43	12.95	13.31	14.00	13.13	43.19	53.86	0.41	77.47	62.07	73.88	0.09	0.23	41.69	46.55	38.18	22.76	34.03	41.36	56.45	46.22	44.90	75.49	95.90	131.10	89.88	15.38	9.85	0.37	0.00	19.88	88.18	58.63	80.73	60.41	54.55	70.38	62.25	38.00	48.42	55.16	16.55	68.82	22.57	0.35	12.84	29.44	47.41	9.94
70.55	73.69	71.26	67.28	75.83	75.06	61.03	62.86	59.05	69.80	66.26	69.32	61.50	37.45	34.48	31.06	36.71	43.07	40.52	21.53	71.57	86.72	74.35	22.33	23.17	64.04	70.76	63.28	45.02	65.93	61.00	46.06	44.04	44.93	73.13	88.71	130.64	88.78	36.95	27.24	20.69	23.24	0.00	72.26	46.91	65.00	59.07	52.85	74.90	71.67	54.25	31.37	51.36	20.03	57.67	48.04	24.69	33.89	45.77	62.95	26.17
26.83	29.34	28.05	41.22	27.25	30.31	29.60	24.73	41.67	27.90	37.84	50.58	34.47	82.66	88.80	88.50	85.63	40.73	39.69	88.73	79.45	73.57	73.49	84.16	81.19	112.35	130.77	102.17	82.79	115.30	89.53	22.56	31.92	39.08	27.83	23.71	48.60	32.36	100.31	87.18	91.93	79.05	65.29	0.00	22.19	26.34	30.42	41.94	54.38	32.72	53.80	43.75	27.36	57.32	31.67	93.82	83.34	88.41	118.48	111.63	77.96
37.67	28.93	35.14	37.09	31.46	32.80	33.02	31.64	31.14	34.30	34.74	50.49	37.49	63.90	68.69	59.45	69.78	17.13	15.65	55.25	76.28	76.02	64.72	64.55	58.85	83.00	112.35	96.59	57.63	89.09	69.97	0.35	17.38	17.98	29.20	38.47	70.32	38.75	87.88	60.92	69.00	70.82	51.96	23.42	0.00	28.03	23.44	30.09	52.84	28.09	39.22	19.66	17.79	47.75	23.21	87.70	59.01	70.68	89.03	85.41	59.55
10.58	6.06	4.53	13.97	0.42	4.35	9.08	0.31	14.56	4.93	13.54	21.47	5.10	63.26	72.69	63.29	64.53	35.10	27.74	67.71	53.16	51.21	46.73	69.29	81.08	96.75	95.24	99.69	71.47	90.01	78.45	28.85	33.03	29.69	0.31	20.64	51.45	9.55	97.76	75.84	70.63	65.65	70.79	27.85	29.91	0.00	16.16	26.61	26.02	9.14	36.58	38.94	21.14	61.72	56.75	81.18	72.23	75.08	108.73	91.43	63.41
24.23	11.24	14.46	23.60	14.96	16.06	9.05	15.46	11.72	16.29	10.32	30.30	17.06	55.92	55.43	58.04	48.71	20.32	18.46	64.55	47.21	42.54	46.51	65.31	65.11	78.38	96.94	76.39	58.36	80.18	68.54	18.74	16.94	19.63	13.67	39.65	60.59	22.93	69.64	56.82	57.04	54.04	55.53	31.29	23.59	14.60	0.00	13.44	39.20	8.78	26.74	32.72	5.13	36.74	42.41	82.85	65.88	50.30	102.85	85.70	51.87
28.40	16.73	24.17	27.01	22.50	20.74	14.20	26.52	12.82	27.11	12.88	26.35	19.90	45.94	52.74	40.06	39.61	17.71	19.87	52.05	36.73	38.82	39.20	49.21	47.00	66.46	81.48	70.11	38.82	65.54	44.11	29.60	21.35	18.61	27.35	48.98	78.28	32.27	66.50	50.41	50.02	47.05	48.19	42.70	32.62	24.52	13.65	0.00	38.75	15.01	11.18	28.86	13.80	36.06	50.15	60.52	47.98	47.41	77.27	80.71	38.70
22.36	24.46	23.99	11.43	28.72	25.03	28.48	23.43	24.39	21.07	26.34	12.23	24.28	80.00	70.65	70.70	71.19	49.73	47.46	86.62	24.68	31.00	25.64	88.45	70.04	87.62	87.95	95.28	59.33	79.20	55.56	57.57	51.43	46.11	23.57	41.85	49.27	23.41	97.61	78.12	75.30	83.36	75.48	51.27	56.81	29.59	32.97	35.13	0.00	29.46	41.21	66.64	43.49	73.20	77.26	91.31	81.09	80.39	104.45	103.00	64.66
17.47	3.88	8.80	14.12	10.53	8.18	0.14	8.42	4.39	11.75	4.91	19.13	6.92	60.61	57.89	65.17	61.06	26.51	27.00	61.20	39.74	42.57	47.55	71.75	65.90	79.29	97.36	81.24	50.56	79.70	67.95	30.29	25.61	24.29	9.84	29.33	49.85	14.62	73.82	67.31	59.98	66.03	66.98	29.64	27.14	10.33	9.94	14.38	23.65	0.00	27.04	37.39	14.41	41.67	51.74	90.18	65.37	51.12	90.53	96.77	58.37
43.87	28.96	29.75	27.86	38.61	33.05	22.46	36.45	21.14	37.47	21.25	28.03	34.25	33.44	33.00	39.50	35.57	25.00	26.47	38.87	37.21	34.89	31.87	38.56	44.94	57.61	71.45	57.11	30.82	48.09	36.28	36.23	27.54	30.15	37.37	59.78	80.62	46.49	60.13	38.95	40.62	35.82	51.77	52.62	36.82	34.49	27.18	10.87	43.03	25.84	0.00	32.64	23.71	25.61	67.87	59.11	43.44	32.61	76.95	58.84	36.22
47.83	47.21	47.31	51.21	41.32	46.72	39.94	40.41	43.56	52.96	39.24	58.43	50.68	47.99	50.79	48.89	52.94	12.13	11.77	40.93	77.60	72.41	75.60	38.24	47.25	66.95	85.72	83.13	52.64	67.18	70.48	20.64	12.60	12.71	41.72	53.10	90.94	52.30	64.75	45.07	49.28	39.65	32.01	38.76	22.31	49.55	30.95	29.74	60.71	42.33	33.88	0.00	23.35	23.77	34.97	62.48	44.09	50.08	73.34	84.15	39.21
31.94	17.67	19.22	29.25	19.03	19.67	15.90	16.74	15.57	23.04	17.04	37.09	17.87	58.61	49.46	50.92	55.98	13.88	11.62	55.14	51.84	54.39	52.61	49.25	51.99	69.98	91.40	81.08	48.80	68.45	67.45	16.00	14.04	13.95	17.34	40.61	63.75	31.03	70.81	57.42	59.77	62.49	51.63	32.38	18.29	18.88	4.64	13.82	35.44	15.09	27.27	27.20	0.00	36.68	40.11	83.55	57.30	46.74	90.23	85.58	52.83
63.56	52.43	53.90	61.97	56.23	48.90	45.42	58.05	47.54	62.61	43.37	52.56	53.37	21.85	24.54	20.68	18.68	25.75	27.60	19.30	57.68	60.96	57.17	15.93	15.19	43.21	50.68	48.32	25.55	43.41	47.27	50.25	26.90	27.31	57.68	69.67	108.74	72.43	35.71	21.60	19.93	16.47	18.21	66.07	50.77	58.89	44.56	37.85	60.81	41.84	32.04	27.87	34.89	0.00	67.30	37.77	16.70	20.12	52.24	50.65	14.89
60.88	56.98	56.57	71.44	51.53	53.10	60.47	50.56	62.58	51.80	62.73	81.12	51.88	78.62	91.32	82.59	82.81	34.10	40.23	83.39	89.35	87.64	106.60	85.61	68.89	97.03	122.99	116.32	80.22	117.45	106.16	23.10	36.52	38.07	45.85	51.23	90.97	66.24	93.64	79.42	77.57	77.57	56.65	34.83	23.83	56.39	49.81	54.61	87.94	47.15	63.83	35.36	37.58	62.63	0.00	110.57	78.72	89.62	107.46	120.24	68.15
86.34	75.65	78.49	79.94	88.67	78.24	86.89	81.43	82.76	85.01	72.75	77.38	85.03	21.72	17.53	21.41	20.92	77.52	67.23	21.05	77.75	69.71	75.08	20.82	24.39	20.40	19.87	23.65	29.38	21.09	36.52	92.43	70.24	64.61	89.32	104.23	121.22	85.13	13.04	23.12	25.36	25.44	43.06	101.34	90.31	100.36	87.98	67.35	97.57	79.30	60.70	69.05	70.92	39.59	94.08	0.00	25.34	22.20	18.29	23.84	23.77
88.11	62.75	74.94	67.39	63.14	70.97	62.55	76.68	56.65	65.54	61.21	75.16	78.23	11.25	12.46	11.25	11.72	40.77	46.38	0.14	70.48	70.06	70.04	0.47	0.20	33.34	43.87	34.99	20.02	41.76	39.14	61.43	48.76	41.27	67.48	102.53	106.46	72.48	15.65	9.29	0.63	0.31	21.69	93.05	68.46	75.21	51.37	44.22	77.03	59.43	44.60	43.55	54.33	16.11	75.88	27.30	0.00	13.10	30.70	41.46	8.66
78.26	67.89	70.17	65.54	73.45	72.33	54.90	68.44	54.58	61.49	53.03	66.15	59.73	0.33	3.44	2.18	0.61	48.55	51.42	12.51	55.76	52.86	61.78	12.94	13.68	28.17	33.34	31.89	8.59	31.40	29.50	65.51	46.79	47.00	65.33	95.65	100.20	76.66	22.27	3.22	14.43	13.37	34.93	82.19	60.39	72.56	55.54	48.12	75.88	52.03	33.32	41.41	46.60	21.89	71.10	21.20	13.55	0.00	33.50	37.97	5.61
124.12	107.41	101.28	91.02	116.31	100.31	94.62	103.09	94.69	100.35	89.75	85.93	103.04	34.17	35.17	34.36	38.67	78.12	78.08	28.81	86.46	82.50	95.07	31.90	33.98	42.28	32.42	36.81	45.47	38.77	49.44	87.21	70.52	79.72	117.31	139.98	164.41	122.99	16.47	35.00	36.06	33.45	42.60	107.83	92.49	104.28	81.94	72.48	115.35	91.09	67.34	78.33	96.73	49.48	106.34	16.43	28.96	38.54	0.00	31.66	37.79
104.03	80.10	100.15	93.08	108.62	102.86	76.29	92.92	87.31	94.28	73.14	73.52	96.13	33.02	33.75	29.50	37.81	75.23	74.20	40.46	63.65	70.39	75.16	45.11	44.99	8.44	1.73	8.70	36.92	9.22	27.65	90.95	71.96	73.83	86.80	134.92	128.08	90.65	38.76	36.34	46.92	47.63	62.21	102.56	89.29	87.73	97.60	67.46	95.29	81.59	69.54	92.73	86.30	53.50	126.31	23.26	44.85	39.57	35.03	0.00	37.25
70.75	55.18	60.71	58.58	58.96	61.34	54.95	62.44	54.65	69.59	58.73	67.66	60.15	4.48	7.18	6.21	4.93	39.01	47.20	9.75	63.44	57.95	60.36	8.70	7.78	35.61	36.82	30.24	14.88	30.99	35.69	64.66	45.61	44.51	72.36	79.16	123.81	73.92	25.97	4.55	8.56	8.92	26.59	70.97	67.75	63.57	53.61	40.85	74.24	64.58	36.28	39.21	52.28	16.32	84.55	25.29	9.53	4.88	42.03	34.69	0.00
~
Delivery quantities;
1 1 5 2 5 10 3 0 3 2 1 0 8 6 1 3 4 0 1 4 6 0 1 0 0 4 6 4 2 0 2 1 4 2 2 1 1 4 4 0 4 0 4 1 1 2 2 1 2 2 4 2 2 0 1 2 2 2 1 0 
~
Pick-up quantities;
0 18 36 28 20 32 48 12 18 0 0 54 0 8 24 12 0 12 24 18 0 4 0 12 12 16 18 0 0 4 0 6 0 0 0 0 0 0 0 12 4 12 0 0 0 0 4 4 0 0 6 0 0 12 0 6 0 4 0 6 
~
Vehicle capacity; 
120 120 120 120 120 
~

