Cost matrix;
0.00	89.53	90.04	9.66	18.27	97.79	5.70	19.48	8.11	5.61	16.59	11.91	14.96	12.71	77.14	85.81	84.84	73.26	74.41	79.18	73.16	57.94	54.13	45.74	50.83	24.14	57.63	106.63	113.01	99.60	99.51	69.40	70.72	90.29	22.53	36.59	50.25	17.21	19.03	99.54	94.45	47.79	52.59	56.47	66.03	16.46	117.80	89.63	107.39	82.15	97.94	100.21	44.17	29.43	79.05	33.29	33.74	96.80	105.20	104.75	66.37
113.72	0.00	0.26	92.31	77.73	2.56	89.46	89.22	101.21	107.79	96.85	82.47	80.09	81.23	38.81	36.40	31.69	36.53	32.47	36.66	37.09	56.27	48.75	54.42	58.51	118.62	56.56	2.27	0.34	0.39	8.18	143.37	38.66	37.89	90.04	76.06	76.62	93.60	90.84	24.65	0.19	71.89	156.65	74.88	109.30	113.94	21.92	17.20	1.96	54.12	1.93	0.35	58.23	81.50	36.15	78.32	72.46	20.03	1.08	0.64	30.90
103.57	0.27	0.00	90.66	90.21	2.82	96.32	77.46	88.51	100.47	94.25	93.40	86.40	98.21	35.01	37.24	31.68	31.61	35.11	32.90	36.24	55.91	52.76	50.78	57.80	106.31	55.53	2.92	0.20	0.42	10.16	151.42	41.45	42.00	90.73	64.27	67.25	96.83	98.36	24.10	0.14	64.68	129.77	86.26	114.00	117.14	22.34	16.94	2.26	60.54	1.52	0.28	52.87	74.85	33.89	67.04	74.49	21.80	0.67	0.40	33.46
10.22	84.14	96.15	0.00	8.66	93.64	6.94	9.27	1.68	5.34	8.87	4.72	7.21	2.40	65.82	70.34	71.50	60.24	76.08	59.22	71.40	45.54	42.23	41.31	39.03	28.80	41.20	91.60	102.94	91.86	82.45	59.96	72.16	70.55	21.43	24.55	39.15	8.76	7.89	95.78	84.21	45.55	51.37	49.72	51.89	23.12	97.06	74.60	94.75	84.41	93.75	104.36	35.25	17.65	68.88	19.31	21.79	90.86	100.81	83.94	58.06
17.02	74.41	82.60	9.01	0.00	73.35	12.78	0.59	9.23	15.83	5.34	7.62	3.36	6.85	51.41	53.98	61.84	63.87	53.47	50.17	52.81	28.71	28.66	35.85	36.26	39.87	33.22	88.95	79.49	74.42	72.07	65.41	61.74	69.46	26.67	18.16	39.05	8.94	3.89	89.72	75.09	42.21	61.04	38.50	63.46	29.01	99.60	77.76	74.07	82.79	77.87	90.38	29.06	12.39	69.17	12.74	11.77	68.75	88.40	80.37	62.97
108.86	2.29	2.87	100.26	85.88	0.00	96.16	82.23	104.13	106.14	87.89	83.40	92.25	81.70	30.17	39.04	36.84	34.01	31.42	31.16	30.19	44.60	45.56	48.69	44.39	127.64	50.59	0.13	2.87	3.12	7.06	115.60	37.99	45.70	87.42	73.26	59.64	77.56	74.51	26.18	2.36	73.29	144.87	70.66	117.48	114.38	27.96	11.32	0.61	48.65	4.62	2.39	53.59	69.15	34.34	65.16	63.25	19.31	3.30	3.12	25.81
4.96	101.52	87.34	6.61	13.68	105.77	0.00	13.59	5.41	0.49	15.27	9.90	12.36	7.75	73.84	70.42	77.41	78.55	70.98	67.21	67.16	41.14	47.37	51.51	46.72	30.95	49.74	103.13	101.08	90.17	78.87	72.52	68.00	83.97	18.61	25.92	41.24	9.38	13.46	103.86	91.48	47.91	51.36	49.64	64.76	22.18	102.30	84.23	84.26	96.67	107.95	97.92	48.56	28.14	79.84	27.74	25.73	84.61	101.83	109.80	62.07
18.92	85.56	84.44	10.29	0.70	82.23	16.31	0.00	9.95	13.29	5.62	8.25	3.36	6.78	52.42	56.97	52.33	59.92	53.70	59.41	54.10	32.59	32.60	33.62	32.70	32.72	34.09	76.61	95.53	93.40	71.46	58.05	60.86	56.89	24.78	18.47	44.23	9.41	3.22	81.71	80.64	34.26	60.78	43.29	62.85	25.14	81.01	67.10	91.74	66.65	89.80	77.71	29.73	11.95	70.29	10.84	10.88	82.20	75.06	88.28	63.51
8.01	98.46	93.77	1.64	9.74	97.60	5.08	9.28	0.00	4.93	9.85	4.38	8.80	3.23	58.62	60.69	73.15	70.15	74.14	60.63	57.90	47.69	43.46	42.42	48.05	26.11	42.67	94.30	84.14	85.00	86.94	69.71	78.82	75.23	21.83	27.08	39.08	10.26	7.27	101.63	86.59	42.13	58.40	50.74	51.86	20.95	104.04	74.32	103.87	89.40	99.96	102.90	39.61	21.58	75.69	24.38	21.08	93.32	105.41	99.77	69.71
6.07	101.07	90.86	5.56	13.15	101.32	0.39	15.53	4.99	0.00	15.65	9.20	11.54	8.79	69.92	77.49	70.11	79.66	81.03	78.08	75.57	51.71	40.78	49.38	46.79	29.43	42.77	85.35	93.57	89.96	85.20	75.95	71.97	79.21	19.42	26.45	38.18	11.39	13.63	99.52	91.64	43.19	56.37	54.89	68.34	18.88	108.12	71.51	103.32	94.99	108.23	92.56	46.87	24.30	75.11	25.62	23.34	82.04	106.00	106.95	75.07
16.93	95.50	92.03	9.72	5.16	87.23	17.07	6.09	9.00	13.02	0.00	5.06	2.86	6.29	59.04	62.47	56.46	59.87	57.80	60.88	64.73	33.94	38.11	37.51	31.36	30.52	36.54	84.97	83.69	86.58	84.33	53.82	68.09	63.00	31.63	22.20	39.63	12.16	2.22	88.29	78.30	44.66	56.63	33.32	49.72	22.20	103.84	77.73	81.38	78.72	94.79	98.15	33.93	15.37	68.97	18.01	18.56	82.72	81.13	80.13	63.23
14.32	91.21	99.26	4.30	8.51	96.66	9.73	7.08	5.05	10.30	5.51	0.00	5.02	3.02	59.15	64.08	55.64	70.89	66.29	56.03	66.91	35.81	41.05	36.41	35.93	31.15	43.73	80.31	89.55	81.56	91.44	57.69	74.11	61.89	25.78	29.81	40.26	10.04	4.51	107.24	98.16	49.25	57.08	37.86	53.80	20.92	91.64	80.72	99.21	75.58	105.90	94.41	42.10	17.93	64.89	20.01	19.70	86.95	105.03	92.13	57.46
16.84	98.85	94.51	6.79	3.88	79.08	12.87	3.30	7.10	11.82	2.71	4.26	0.00	5.08	53.93	64.76	55.40	54.22	64.56	52.00	55.55	36.52	34.27	31.67	34.86	34.96	39.71	93.73	99.11	89.19	87.94	71.18	61.46	61.20	27.62	23.16	47.43	9.08	0.42	85.36	80.51	39.92	58.53	40.19	59.86	23.63	98.47	65.06	96.39	80.03	85.22	95.46	37.56	16.87	61.00	15.73	15.25	73.67	91.49	99.34	67.58
13.50	93.41	86.27	2.36	6.19	94.65	9.15	7.67	3.60	8.68	6.25	3.43	4.75	0.00	59.95	66.90	67.54	64.93	65.65	56.21	63.00	40.12	39.68	39.73	41.04	32.84	37.46	81.75	88.39	86.73	86.20	66.57	59.38	70.52	25.08	24.49	42.60	8.05	4.76	91.26	84.15	44.80	60.93	45.16	58.18	21.22	108.44	79.86	89.79	74.35	103.94	101.68	37.16	17.95	75.84	18.82	19.20	86.38	90.68	90.26	64.82
68.62	33.16	39.17	63.29	53.32	29.57	76.70	54.10	69.22	66.49	57.19	69.16	61.04	60.17	0.00	3.08	0.86	3.73	3.57	0.10	0.30	26.08	25.97	21.45	26.13	94.92	25.28	35.25	33.55	38.47	30.26	101.30	12.25	14.28	80.65	41.48	54.87	61.68	60.23	36.19	34.06	56.02	93.98	42.76	71.63	91.19	34.49	21.34	30.78	33.96	40.86	34.04	37.17	47.79	46.88	48.19	40.06	42.49	39.11	35.37	28.19
78.98	34.95	36.89	62.85	62.27	30.91	69.00	53.47	75.76	70.04	60.24	63.29	56.75	71.54	2.77	0.00	2.40	3.83	4.50	2.65	2.80	23.28	26.30	24.83	21.95	83.86	25.66	31.49	32.37	34.03	33.62	94.96	10.52	9.52	73.53	49.78	67.55	63.38	55.98	36.63	41.50	59.09	100.62	42.85	80.36	82.81	39.02	29.96	38.94	27.36	36.96	39.40	37.92	44.07	43.34	44.90	49.53	48.26	40.95	36.27	32.88
80.33	33.05	37.66	58.25	52.63	35.37	64.85	51.16	72.84	67.48	52.81	57.48	58.63	64.36	0.84	2.29	0.00	2.85	3.17	0.77	1.10	27.06	22.01	23.39	21.26	80.50	20.88	36.76	38.58	33.00	26.27	95.76	10.50	13.26	80.18	50.76	53.00	62.60	64.15	36.31	39.17	54.41	95.47	51.82	87.67	80.48	34.70	21.63	30.35	31.78	37.85	33.15	39.72	44.67	43.69	42.76	48.05	42.46	37.65	37.71	27.28
71.88	35.45	30.25	62.91	56.87	29.60	65.43	53.31	76.07	79.66	59.21	73.57	68.80	61.62	3.00	3.84	3.13	0.00	0.25	3.53	4.08	24.40	29.95	26.89	23.42	89.40	24.80	34.27	36.78	32.28	29.68	93.39	11.20	12.61	71.01	45.67	61.56	59.24	57.21	30.35	35.06	53.12	101.30	46.53	75.15	85.15	30.32	24.33	34.67	26.48	36.81	35.60	40.75	48.75	40.86	49.54	45.22	37.23	29.50	34.59	30.06
82.14	32.06	29.76	74.10	62.82	27.79	74.00	62.95	73.57	79.82	59.95	62.16	67.81	60.38	3.10	4.26	3.24	0.27	0.00	3.89	3.92	23.90	26.52	26.82	29.91	81.84	26.54	29.88	31.20	35.34	24.38	89.71	13.55	11.87	82.51	53.58	54.81	65.62	59.77	31.63	36.43	68.69	104.04	47.38	75.27	75.08	37.45	23.03	34.46	28.29	29.75	32.62	35.46	48.50	39.45	50.81	51.26	45.47	30.34	34.33	28.98
82.82	31.18	32.65	66.49	62.05	31.97	75.93	54.14	64.48	65.32	59.09	58.57	63.31	66.46	0.13	2.45	0.87	3.80	3.24	0.00	0.29	25.98	23.37	25.49	26.16	95.41	24.37	36.90	35.28	34.39	32.31	110.28	11.35	12.79	75.11	45.15	61.72	62.90	62.82	36.99	33.30	57.82	97.56	46.33	77.45	75.30	38.51	24.54	35.78	33.64	41.11	34.62	33.82	47.16	46.90	45.36	49.45	37.35	38.34	32.13	29.63
67.24	38.33	39.72	61.38	61.93	29.27	72.72	56.41	61.16	67.41	64.97	55.93	55.65	64.00	0.36	2.72	1.18	3.46	4.09	0.32	0.00	23.51	24.08	24.57	20.76	97.29	21.66	34.46	38.20	37.66	26.76	100.98	12.97	12.29	67.32	43.35	54.74	67.74	57.38	42.10	35.13	50.48	95.43	42.74	76.90	77.02	33.66	26.13	38.13	34.08	36.34	33.32	35.09	50.79	44.26	47.00	48.53	47.71	38.74	39.30	31.51
53.83	58.75	53.32	38.24	34.82	55.89	47.38	30.84	41.51	43.61	38.58	36.57	30.94	40.09	21.85	23.58	23.45	24.75	25.86	26.48	21.70	0.00	0.18	0.23	0.40	68.64	1.03	54.06	57.01	49.29	47.15	84.70	28.00	27.68	51.13	23.19	39.96	39.10	34.00	64.44	49.93	40.21	93.86	34.45	74.19	58.32	68.57	37.94	46.91	47.52	49.07	54.53	18.54	20.28	38.34	20.84	23.67	55.01	61.20	55.57	30.24
48.86	53.65	52.26	40.71	30.58	54.48	40.95	28.31	44.86	51.96	36.06	37.62	37.10	40.26	24.71	21.89	22.43	29.68	30.65	23.46	20.49	0.16	0.00	0.05	0.42	66.27	0.83	57.78	47.28	53.76	49.18	86.23	27.20	28.84	42.76	22.77	37.33	38.42	38.63	56.57	54.38	45.08	81.11	36.53	65.81	64.55	60.39	35.96	53.32	52.80	52.79	50.80	19.01	21.38	44.64	20.13	23.15	52.02	55.27	50.81	28.75
45.65	54.35	53.44	42.73	33.51	52.99	48.45	31.77	39.01	40.59	34.58	41.66	35.98	40.48	24.33	27.38	21.99	26.18	27.36	20.77	24.66	0.23	0.05	0.00	0.45	60.98	0.77	55.81	52.12	47.29	49.02	77.38	28.78	30.80	43.32	27.13	39.20	40.23	37.41	59.94	59.60	39.67	86.34	33.69	68.91	57.61	57.14	37.79	45.43	43.60	49.60	53.20	19.68	23.60	41.38	20.78	19.42	47.06	55.46	57.92	35.21
45.27	55.83	50.84	47.29	32.78	55.11	45.95	36.57	48.05	50.30	38.07	43.35	31.79	41.88	24.16	22.57	23.41	26.21	29.53	24.51	23.09	0.42	0.34	0.41	0.00	63.08	0.70	53.83	52.99	51.25	44.83	77.93	28.31	27.53	46.81	25.87	38.02	38.49	34.14	57.11	60.02	37.22	78.07	33.48	61.35	60.65	54.36	41.34	51.59	45.74	54.51	56.13	19.98	24.24	36.27	19.99	24.95	58.00	57.73	57.96	29.09
25.69	136.30	106.44	31.50	39.87	124.82	31.16	38.43	30.65	26.02	29.37	31.20	30.87	31.52	98.87	97.68	93.47	81.68	99.85	86.53	90.84	75.21	62.23	65.72	73.93	0.00	69.73	108.40	132.54	131.83	109.33	46.46	93.64	93.07	42.66	56.97	74.09	33.92	36.95	138.10	123.90	68.24	27.39	53.24	47.00	9.02	114.56	96.85	116.46	98.79	138.63	114.68	72.90	48.61	94.01	46.35	43.36	121.34	113.79	116.63	97.91
50.04	57.61	50.32	45.08	36.46	56.41	47.86	33.66	46.11	41.21	39.36	37.51	35.89	41.06	21.99	24.06	25.09	23.50	23.77	21.37	22.19	0.91	0.82	0.83	0.73	59.56	0.00	49.54	51.46	55.40	39.13	90.25	32.12	28.29	48.38	27.61	42.58	36.73	40.02	65.71	51.41	45.97	92.83	32.36	69.60	54.12	60.55	35.15	52.19	41.76	61.66	54.89	22.51	25.55	36.39	20.07	22.29	46.69	47.57	48.96	30.74
105.89	2.16	2.39	79.49	74.46	0.13	90.77	72.86	99.19	104.70	95.32	88.35	88.78	96.45	30.92	34.87	29.00	34.61	30.14	37.00	30.77	53.87	51.37	57.06	57.46	129.55	45.39	0.00	3.01	2.66	7.82	130.74	40.41	45.81	92.75	60.46	69.79	74.51	86.77	24.10	2.60	62.21	127.13	72.56	103.32	107.48	22.74	13.14	0.46	50.96	3.95	2.47	49.67	68.41	36.66	72.80	69.99	21.94	3.61	2.90	28.86
108.83	0.34	0.17	92.30	76.75	2.76	110.45	85.12	103.52	88.36	88.96	89.82	89.73	102.27	30.79	33.26	33.83	36.46	30.79	31.29	35.78	56.02	48.82	56.17	47.18	105.68	56.66	2.86	0.00	0.17	9.09	138.24	46.02	37.42	105.01	71.60	69.53	94.40	90.27	25.43	0.20	63.49	151.73	84.62	110.25	118.43	25.41	15.48	2.30	51.27	1.56	0.19	57.68	82.41	35.20	65.64	81.99	22.31	0.78	0.21	29.83
91.12	0.46	0.42	99.75	83.04	2.51	96.69	77.28	98.85	105.81	93.47	81.43	97.96	86.49	33.77	39.55	30.62	31.83	30.06	34.28	36.57	56.58	57.20	58.81	60.20	128.89	56.07	2.66	0.18	0.00	9.22	120.30	46.60	43.32	93.58	66.66	62.80	96.60	80.84	21.59	0.29	64.89	146.72	79.20	129.49	126.48	24.55	14.93	2.49	58.74	1.47	0.13	49.91	66.71	37.57	73.02	65.37	22.78	0.80	0.18	28.58
90.05	8.19	8.82	73.85	75.82	6.20	81.68	76.82	85.86	77.20	82.06	80.08	79.90	82.18	30.65	31.20	25.73	27.88	28.60	27.09	27.57	44.34	43.10	42.36	48.54	123.97	46.66	7.68	10.07	10.47	0.00	110.59	40.71	41.38	93.49	61.85	56.49	86.47	70.23	32.73	10.25	69.03	136.87	67.33	106.20	116.25	28.82	5.52	7.99	45.16	10.52	9.59	43.46	58.72	27.87	59.40	56.27	19.54	10.84	10.95	18.99
64.33	132.84	130.20	59.19	62.46	124.49	61.57	62.77	72.32	72.00	65.38	61.56	58.70	70.31	100.06	95.96	110.76	101.47	91.29	97.83	94.84	80.79	85.63	92.93	77.63	49.30	88.40	122.21	134.37	133.22	136.20	0.00	86.06	101.35	78.71	78.47	118.04	75.50	60.48	145.52	141.95	115.08	30.51	46.18	21.23	44.62	117.33	114.77	129.31	104.20	150.25	122.30	104.46	82.19	115.07	77.63	72.35	152.70	118.28	129.42	125.51
81.03	44.27	43.80	69.48	64.93	41.24	82.77	60.55	77.34	77.71	56.98	75.19	58.59	61.88	12.03	8.86	10.43	12.58	11.46	13.13	12.76	31.20	29.55	33.52	28.50	81.26	26.62	46.10	39.10	45.39	35.84	87.33	0.00	0.55	83.23	51.37	68.77	68.34	61.87	33.33	37.23	68.92	107.52	46.58	70.96	89.39	41.42	36.58	37.57	17.17	44.58	38.08	46.67	50.77	53.30	51.75	53.55	55.77	38.26	46.72	43.13
80.73	43.39	47.72	74.46	62.87	42.45	69.25	68.49	78.29	80.66	69.17	60.99	64.35	71.63	13.36	9.34	11.31	13.19	11.48	11.90	13.57	27.82	29.25	27.64	33.45	83.55	30.95	35.73	42.56	43.46	35.70	84.36	0.53	0.00	79.04	52.36	71.24	63.96	59.68	32.47	44.05	77.74	99.60	42.94	80.55	88.51	36.68	31.35	39.75	16.48	47.59	36.90	42.17	51.15	60.88	57.50	59.40	53.79	38.36	38.38	39.69
20.06	82.23	96.47	21.23	26.73	100.30	17.60	27.49	21.36	17.83	31.24	25.45	25.63	24.68	68.49	71.70	65.27	76.65	78.08	79.20	67.45	49.22	53.57	49.49	45.35	45.58	47.33	101.71	91.19	91.88	83.76	90.88	73.14	75.97	0.00	27.78	25.79	17.84	26.34	96.58	90.85	24.79	61.50	68.74	73.82	39.96	110.09	86.35	95.51	86.30	93.08	83.97	38.85	28.21	65.24	29.58	30.24	75.28	89.18	81.33	70.80
34.91	64.47	70.04	24.71	20.27	60.73	26.45	19.53	30.09	26.97	27.57	25.67	25.17	23.13	50.61	44.92	46.55	44.09	54.87	41.45	50.32	26.02	21.99	23.63	26.31	53.42	27.54	71.69	62.46	75.53	55.09	75.34	49.57	51.28	22.19	0.00	19.97	18.39	23.33	75.10	76.47	23.45	82.80	49.57	74.32	49.11	89.40	48.90	60.85	64.66	65.44	68.06	16.58	10.16	44.75	10.87	8.76	61.04	62.13	70.87	45.71
44.12	69.76	64.38	42.18	39.91	75.55	42.94	38.00	39.80	47.03	42.50	49.09	40.05	38.07	58.97	59.80	53.50	55.87	55.93	65.28	65.78	40.99	44.47	42.49	41.57	77.06	44.47	64.65	77.43	71.78	67.12	114.76	65.41	76.68	31.39	19.94	0.00	31.14	47.32	98.40	76.50	0.31	82.85	62.97	82.12	59.53	89.95	56.44	67.71	95.04	63.58	62.03	23.20	34.98	39.92	29.77	35.94	51.13	74.18	64.43	45.52
16.48	77.28	97.77	8.52	7.13	83.91	11.00	9.54	9.66	10.78	14.02	11.16	9.11	7.75	62.23	53.89	62.23	65.57	66.03	56.45	66.91	37.92	39.62	37.34	41.36	41.44	39.73	74.14	80.77	84.42	78.07	81.28	71.79	72.32	15.19	17.44	38.29	0.00	11.29	88.10	80.27	31.00	60.52	52.62	68.99	31.85	97.94	64.90	81.73	76.17	79.82	88.86	35.81	13.09	57.94	14.33	16.52	80.61	79.24	93.30	58.13
17.36	88.43	79.56	6.84	3.95	85.84	13.87	3.48	8.37	11.98	2.37	5.22	0.46	5.25	55.95	61.81	59.97	59.36	57.04	56.10	63.58	38.06	34.59	35.01	36.74	35.37	34.05	91.35	96.62	93.83	86.46	66.18	63.37	59.24	26.04	20.70	42.85	10.10	0.00	94.98	89.06	47.06	51.11	34.35	55.43	22.02	87.78	66.02	77.06	75.33	86.38	80.50	38.51	15.72	59.83	14.62	15.83	74.24	89.07	97.22	59.24
119.79	23.81	22.61	101.58	94.16	27.43	103.80	82.55	94.09	94.43	88.19	101.09	105.77	108.48	36.23	40.24	33.73	33.03	29.79	36.37	38.90	65.74	60.97	63.44	62.24	139.63	56.04	28.35	27.03	27.15	25.79	141.59	34.85	38.79	118.55	87.10	91.81	97.98	107.62	0.00	23.68	83.38	150.48	80.08	104.70	131.59	0.18	35.88	27.11	45.09	22.42	24.86	62.71	88.11	59.02	77.71	88.18	44.47	25.58	25.32	49.62
89.78	0.17	0.18	85.72	82.04	2.38	86.28	95.45	101.95	92.88	80.20	91.81	89.11	84.96	36.84	39.83	30.94	31.89	30.26	38.67	34.04	50.00	51.49	55.39	53.93	131.33	59.98	2.27	0.20	0.28	9.54	137.69	47.01	40.59	84.36	62.53	74.70	93.17	82.12	21.52	0.00	77.72	152.32	82.54	109.41	111.36	23.87	14.50	2.07	55.90	1.75	0.15	56.65	64.69	39.61	77.15	80.53	24.50	0.91	0.42	27.91
48.47	72.84	76.24	40.24	39.23	64.79	43.07	43.97	48.71	40.19	39.68	44.71	39.01	47.09	57.14	55.15	54.74	67.26	55.68	58.13	54.72	36.42	42.42	37.41	37.91	79.26	42.75	65.93	68.71	79.41	55.44	108.64	75.11	60.87	24.54	24.25	0.36	31.67	45.78	84.33	71.25	0.00	100.16	76.87	95.25	61.87	87.25	60.42	61.55	78.70	81.15	64.51	22.08	30.69	36.73	30.39	34.92	51.21	67.30	79.78	39.92
46.99	154.80	147.33	51.09	64.05	119.65	56.02	56.14	52.63	50.53	59.96	49.97	50.42	52.46	117.04	100.87	113.91	113.62	112.99	115.66	109.96	79.15	97.09	84.71	88.54	27.80	84.11	129.74	123.08	157.32	141.72	33.29	100.51	110.84	62.47	81.11	99.56	56.44	56.53	141.99	157.15	86.44	0.00	60.64	41.24	29.46	135.36	110.11	127.88	115.51	139.68	121.76	86.72	67.39	111.42	71.57	71.31	138.18	124.95	140.52	116.79
48.67	78.70	88.69	47.77	45.12	72.07	54.12	40.92	42.62	52.93	35.19	43.49	37.14	42.12	50.61	51.21	51.19	48.64	56.55	44.88	48.21	34.72	35.83	41.40	36.74	57.34	36.61	73.05	91.65	82.93	67.39	52.86	42.10	43.39	72.29	50.01	65.55	52.58	37.77	79.58	89.05	62.21	58.00	0.00	36.18	47.88	89.26	75.92	82.80	49.14	79.85	77.51	53.04	43.25	83.29	39.16	36.73	96.24	75.15	90.87	61.47
66.19	115.58	119.72	54.56	59.61	112.93	58.61	57.86	56.53	64.99	50.21	54.07	59.51	54.04	70.87	86.90	79.34	76.83	84.38	89.06	78.56	73.98	59.69	63.56	63.90	51.08	61.38	127.61	103.07	123.36	112.46	20.78	71.86	76.77	80.76	70.92	103.35	67.26	55.87	121.11	127.15	102.42	37.36	29.04	0.00	45.35	101.42	116.68	123.02	76.23	108.10	111.37	77.05	67.43	108.63	57.41	68.43	103.72	102.37	116.05	101.25
16.52	106.23	125.91	23.71	25.29	114.77	17.88	28.14	18.74	19.40	26.20	20.82	25.53	19.89	87.19	79.15	77.60	85.34	89.86	91.39	76.30	65.67	55.96	57.12	57.00	7.66	63.39	114.63	99.86	113.38	100.63	55.43	87.94	85.02	32.97	46.75	69.06	26.09	23.42	122.70	120.30	64.57	33.75	51.21	48.91	0.00	116.10	97.31	103.17	92.75	109.49	116.12	64.73	36.91	95.32	39.97	42.70	111.85	128.46	102.02	87.54
117.95	21.52	21.54	95.42	92.93	28.76	93.58	97.63	100.41	103.04	84.51	88.82	90.38	99.29	37.87	39.28	33.07	35.44	34.63	40.24	39.55	54.05	63.68	62.63	58.79	135.10	53.85	26.90	23.54	26.47	28.05	125.80	37.95	33.91	107.48	77.21	87.96	89.39	85.19	0.15	24.72	89.11	146.19	87.47	121.75	106.96	0.00	36.76	24.27	39.69	26.84	24.18	63.55	75.74	54.20	78.09	73.13	47.25	23.78	23.41	54.54
84.45	13.51	16.34	73.81	73.43	12.01	84.32	71.43	73.12	84.74	64.07	72.45	64.89	80.86	23.24	24.85	26.32	23.33	23.22	23.78	23.99	38.04	43.11	40.80	41.86	94.21	42.40	14.46	16.59	16.25	5.91	132.68	33.29	30.81	67.96	60.82	49.25	62.31	80.35	34.21	15.57	56.75	136.83	62.10	111.70	95.69	31.67	0.00	14.45	53.42	15.50	15.96	36.62	60.39	28.30	56.05	53.02	20.06	17.20	17.90	15.68
104.98	1.90	2.15	89.82	85.46	0.57	85.34	86.75	89.87	105.28	86.82	99.94	83.06	94.00	34.92	36.04	36.17	30.71	29.02	36.04	33.91	52.63	55.44	53.18	44.93	110.06	50.84	0.44	2.19	2.37	6.78	140.71	38.29	44.28	81.16	73.72	71.40	76.62	81.25	23.92	2.15	65.54	147.30	81.46	121.31	108.46	23.69	12.05	0.00	57.14	3.87	2.40	56.57	77.47	31.60	66.23	80.15	22.14	3.27	2.26	27.87
95.12	53.09	55.77	83.12	67.84	53.80	92.24	69.10	91.34	97.27	77.50	75.70	78.27	81.32	29.17	31.12	30.39	27.92	30.87	28.10	33.31	45.62	50.39	42.73	45.06	111.72	44.69	56.65	52.47	49.98	55.47	86.94	19.02	18.53	101.73	69.82	78.24	75.93	77.72	38.45	58.09	86.20	103.93	49.99	80.59	93.40	43.16	48.82	56.46	0.00	59.13	55.31	59.82	72.58	67.20	69.41	63.89	64.15	53.91	54.48	52.97
117.94	1.81	1.76	100.57	81.18	3.85	105.61	90.60	85.11	103.53	96.92	105.10	88.75	101.73	33.14	38.73	35.32	34.72	34.62	33.71	41.76	61.65	54.05	55.75	56.13	114.68	51.71	4.10	1.37	1.88	11.62	142.86	46.39	43.05	98.87	78.50	70.75	88.45	82.60	24.58	1.93	74.74	127.15	85.09	118.18	116.25	23.21	18.01	3.95	61.64	0.00	1.95	52.79	80.92	33.91	74.14	65.97	22.53	0.77	1.59	32.02
102.38	0.31	0.27	93.48	78.98	2.47	94.03	79.82	93.59	98.13	87.18	101.40	87.93	82.95	38.41	33.86	30.85	31.75	34.59	34.89	32.19	55.49	56.28	57.35	55.19	122.51	47.96	2.70	0.15	0.14	10.65	133.52	39.25	36.99	94.81	78.34	79.71	86.86	91.88	27.17	0.18	78.85	138.73	89.75	113.40	106.46	27.10	17.56	2.07	47.06	1.96	0.00	61.59	78.00	39.87	66.10	67.55	20.35	0.96	0.32	30.62
47.07	61.57	50.65	40.91	33.20	48.19	41.62	33.61	41.71	42.25	40.76	37.00	35.25	43.45	38.33	40.64	38.57	37.86	41.20	38.46	35.34	19.65	18.21	21.13	18.03	72.63	20.25	47.08	52.33	49.95	48.76	100.31	41.80	53.16	37.71	16.68	21.30	32.92	32.72	75.46	50.46	24.41	85.41	47.38	72.09	63.82	75.24	35.65	56.05	70.62	57.28	62.33	0.00	19.61	27.02	21.51	21.28	47.69	60.86	56.48	24.21
33.98	70.99	64.42	19.76	11.17	76.88	27.28	11.33	19.48	21.78	16.43	18.42	15.39	18.01	45.56	41.20	41.00	54.46	45.79	46.70	44.20	21.97	21.75	20.50	25.33	50.62	23.65	68.06	82.19	71.28	59.54	72.69	53.64	48.78	30.37	10.24	33.91	16.10	15.69	74.22	68.59	35.14	79.17	37.51	54.68	43.58	75.38	61.58	78.50	61.98	80.60	71.79	20.32	0.00	53.80	0.50	0.23	73.77	75.87	72.37	48.05
72.07	32.58	36.20	66.91	58.51	34.97	68.42	68.13	78.86	80.44	74.69	67.05	72.99	66.37	40.58	47.81	47.23	41.61	37.35	45.86	40.41	41.99	41.61	46.35	45.66	101.35	43.55	38.59	39.03	40.03	25.93	128.18	52.30	51.91	69.18	46.78	38.72	67.65	69.54	64.15	37.34	39.99	107.30	70.84	120.06	89.02	54.90	28.46	31.76	77.70	42.36	33.90	32.13	55.93	0.00	44.76	46.56	16.93	34.93	41.42	13.08
29.79	78.10	64.81	20.97	12.45	72.21	25.53	12.27	19.44	26.85	16.01	22.09	13.36	20.86	49.00	49.80	50.60	48.69	50.03	43.11	49.01	19.19	20.70	20.98	20.42	48.23	24.74	73.30	79.78	80.66	60.87	70.54	53.71	51.26	28.05	11.27	35.81	16.82	14.75	79.34	80.64	33.97	64.27	39.42	70.38	41.68	90.98	51.06	67.84	60.34	79.47	75.92	21.42	0.53	54.82	0.00	0.80	57.48	77.78	71.89	50.68
27.98	80.17	73.48	19.62	10.47	67.81	24.16	11.11	24.21	24.94	16.95	18.39	14.85	17.58	47.21	48.22	41.89	54.70	53.98	41.37	49.40	19.40	22.53	22.30	21.73	55.05	23.76	77.76	74.81	78.14	66.42	67.10	48.23	47.46	28.40	9.38	28.74	16.49	17.31	78.29	64.79	34.58	61.41	37.31	56.08	37.58	85.68	56.25	75.79	73.21	83.42	80.58	22.03	0.26	54.92	0.71	0.00	74.10	66.94	72.91	41.73
93.94	19.51	19.61	92.00	87.51	21.46	80.82	85.65	91.95	78.34	80.26	80.01	84.20	84.52	37.75	47.39	47.71	36.44	38.07	37.94	37.72	52.33	48.28	47.28	53.13	119.33	50.24	22.25	22.21	24.97	19.02	134.60	54.34	48.89	84.03	53.13	55.72	84.80	80.75	51.97	21.03	56.07	123.07	86.94	107.83	104.29	52.06	18.17	19.45	77.77	20.29	20.35	40.98	58.30	17.46	65.83	68.60	0.00	20.97	21.01	21.19
107.42	1.01	0.71	103.44	95.66	3.85	88.66	79.99	85.93	91.44	90.89	89.67	87.38	81.78	37.53	41.96	37.64	34.87	31.64	38.73	36.05	50.03	59.74	53.31	57.82	107.67	55.19	3.50	0.77	0.74	10.05	126.55	44.62	43.46	83.65	66.14	65.63	92.29	85.79	21.75	0.84	64.26	155.57	79.04	113.20	105.35	22.27	15.59	3.13	51.16	0.76	0.98	53.86	70.57	40.72	79.77	69.43	24.24	0.00	0.70	31.50
93.68	0.58	0.44	105.12	81.95	2.68	99.04	94.44	90.38	95.34	90.35	82.75	82.52	91.91	33.97	35.86	38.68	35.71	35.90	32.38	31.48	53.14	59.85	52.23	60.14	120.56	50.38	2.90	0.24	0.18	10.50	118.64	45.95	36.94	103.24	76.10	77.66	98.30	79.17	26.63	0.37	71.48	154.18	73.08	123.54	121.23	21.47	14.39	2.51	47.48	1.62	0.32	49.77	64.57	36.58	68.33	77.52	20.59	0.62	0.00	32.11
83.38	29.64	28.67	67.31	59.31	28.32	74.09	63.16	72.51	64.32	62.67	69.96	64.69	59.40	25.95	34.43	30.80	31.55	27.70	30.05	30.25	29.58	33.10	35.37	31.34	90.25	28.15	29.58	33.62	28.71	20.67	129.03	37.52	39.66	55.30	38.29	41.41	60.31	62.92	49.57	34.67	43.08	113.95	70.46	107.57	94.57	48.54	16.93	27.52	54.89	28.49	30.92	27.36	44.31	14.81	46.73	42.41	18.78	34.98	35.00	0.00
~
Delivery quantities;
18 1 18 1 1 14 0 9 0 14 8 1 1 2 1 0 1 8 6 8 4 1 2 0 1 3 1 0 0 2 4 0 8 4 0 1 1 2 0 1 4 2 4 4 1 2 2 4 2 1 1 2 2 2 4 1 1 2 1 2 
~
Pick-up quantities;
0 0 0 0 12 54 18 30 20 20 36 0 0 12 16 16 4 6 8 16 24 0 6 4 0 0 24 16 12 0 4 18 8 6 4 12 0 8 8 0 0 0 0 0 8 6 0 12 6 12 8 8 0 0 8 4 0 0 0 0 
~
Vehicle capacity; 
120 120 120 120 120 
~

