Cost matrix;
0.00	10.27	0.25	13.18	16.88	10.09	9.43	12.20	16.01	16.54	18.48	13.95	10.93	9.39	11.89	13.99	67.27	67.93	81.98	76.25	45.81	44.87	82.62	71.46	66.78	58.28	68.52	77.77	100.45	103.78	96.03	100.55	97.12	103.50	109.62	82.77	78.19	11.81	5.13	14.49	43.51	33.31	62.74	31.78	44.47	27.65	12.50	21.92	19.23	10.65	98.15	124.28	103.28	113.24	30.21	13.83	13.10	16.71	10.96	20.05	99.05
10.04	0.00	8.29	5.65	9.24	1.89	1.02	5.52	11.75	8.76	8.72	4.07	3.35	5.56	6.33	4.41	57.87	66.82	73.24	64.00	35.77	40.63	69.48	57.28	57.75	52.40	52.38	64.05	107.13	94.28	104.90	106.65	98.95	82.56	109.67	91.31	76.58	22.00	4.51	7.55	52.86	29.96	58.15	35.77	33.13	37.02	2.32	32.77	24.76	2.45	83.24	92.95	106.92	95.96	33.57	19.32	3.08	23.52	1.88	10.89	106.84
0.27	9.50	0.00	15.57	18.86	7.99	9.00	13.07	18.41	16.71	17.25	13.26	11.80	9.66	14.55	11.91	79.12	80.40	71.29	71.78	42.93	44.58	79.92	59.94	66.91	61.92	63.73	73.15	116.56	124.41	96.80	124.39	96.28	108.56	108.78	99.00	79.75	14.20	4.62	11.94	39.71	37.38	57.89	31.52	41.50	32.05	10.28	21.45	17.30	10.05	87.89	118.31	117.24	97.19	27.00	12.95	12.95	19.04	9.75	17.86	110.95
14.14	6.11	13.58	0.00	3.41	8.12	6.10	8.70	10.43	2.41	3.16	5.75	2.82	11.97	8.35	3.30	53.86	63.22	68.26	54.60	31.40	40.16	69.72	48.52	56.11	49.11	49.73	63.03	105.83	106.61	82.40	96.74	81.05	90.62	98.81	81.40	76.55	26.53	10.40	5.66	60.03	36.80	55.45	34.04	37.63	35.51	3.78	33.93	28.95	5.45	87.24	102.54	96.40	94.72	33.95	24.85	2.88	33.85	4.18	6.30	102.43
17.59	9.37	19.20	3.38	0.00	8.99	9.20	11.64	13.69	1.19	0.42	8.70	5.20	12.61	11.33	5.19	52.67	65.90	56.14	67.60	37.17	33.65	64.78	53.69	53.88	57.17	57.89	72.67	86.83	85.42	97.88	89.48	88.81	77.69	91.03	88.95	62.79	29.28	10.77	6.18	57.31	37.26	55.78	36.37	30.23	44.37	7.68	34.42	26.07	7.41	72.36	102.12	91.10	72.95	37.19	26.35	6.25	34.69	7.64	6.91	108.98
10.01	1.90	8.11	7.62	10.91	0.00	1.72	4.09	9.46	9.86	9.30	4.61	4.29	4.81	5.22	6.57	69.89	63.72	63.25	58.86	35.69	39.72	66.21	57.24	61.08	50.38	53.35	71.47	89.77	115.33	108.62	114.52	85.48	79.25	116.45	77.96	68.07	23.69	5.69	8.84	53.55	29.33	53.79	33.73	36.90	32.41	3.20	27.65	25.14	2.64	98.93	97.67	110.94	83.72	30.36	22.36	4.44	22.66	3.22	10.15	116.45
10.32	1.03	9.62	4.99	7.98	1.96	0.00	4.83	8.85	8.45	7.89	3.40	3.00	5.88	5.60	4.38	72.53	62.57	69.78	73.81	34.44	38.50	76.81	50.78	49.69	57.60	53.24	70.46	109.51	112.94	93.35	90.24	90.01	82.38	113.01	78.00	70.69	22.93	6.37	8.55	52.78	30.93	60.98	36.70	30.89	34.76	1.53	31.25	22.72	1.59	93.39	107.78	90.95	81.29	29.78	22.41	3.22	28.52	1.28	10.08	122.59
14.49	5.60	11.95	7.51	9.91	4.88	4.95	0.00	5.28	10.01	10.14	3.03	6.33	4.45	0.63	9.35	62.92	62.42	66.93	63.33	28.86	46.73	61.05	55.28	51.93	56.41	51.38	61.07	100.41	106.74	98.52	89.60	77.77	80.04	110.71	76.55	71.80	25.44	10.37	11.93	51.27	27.42	58.33	31.49	32.59	28.87	4.43	26.06	32.11	3.71	94.84	107.04	89.18	88.76	30.59	27.45	7.26	26.41	5.35	6.96	107.75
17.94	10.82	19.08	8.84	10.96	10.59	8.89	5.19	0.00	13.65	13.01	6.11	9.98	9.97	4.85	10.70	51.52	64.86	53.86	54.41	22.20	42.11	65.76	45.27	49.79	43.19	43.99	53.68	100.26	95.45	101.98	85.89	72.56	75.47	86.39	73.47	64.54	26.74	16.46	16.37	61.05	25.84	56.82	27.67	21.21	32.17	8.88	34.54	37.86	6.91	93.19	94.22	101.38	85.70	27.34	31.67	9.03	34.75	8.21	6.28	125.05
15.25	7.33	15.20	2.95	1.36	8.56	8.53	10.21	13.38	0.00	1.44	7.54	4.91	14.99	10.38	3.46	55.87	53.68	64.04	66.15	39.38	30.22	60.53	58.31	51.71	57.83	55.13	67.81	101.87	107.26	98.90	105.77	82.69	84.75	103.10	71.53	66.77	24.48	11.47	4.78	49.91	35.67	55.73	43.36	34.62	42.46	6.32	35.40	28.25	7.25	79.90	95.69	102.89	81.19	41.26	28.91	5.33	37.58	5.84	8.30	106.12
18.25	8.34	15.10	2.87	0.51	9.69	8.39	11.85	13.28	1.44	0.00	7.26	5.35	14.65	11.45	5.39	62.25	51.87	58.30	61.96	38.45	29.95	65.01	52.20	49.81	56.89	46.26	66.86	88.06	93.82	95.61	84.70	80.31	74.60	94.93	83.03	62.20	30.35	10.70	5.65	60.28	34.43	65.85	42.61	30.75	36.89	7.42	38.03	26.36	8.80	76.58	89.22	80.30	78.78	40.06	33.00	5.85	31.07	7.80	7.25	107.51
13.11	4.76	12.53	5.05	9.42	4.01	3.33	3.19	5.57	7.91	8.63	0.00	3.92	6.55	2.84	7.07	65.43	63.17	61.81	67.78	28.96	46.14	62.87	48.50	55.63	53.34	53.70	70.58	109.46	86.57	88.66	111.13	90.20	96.07	88.04	72.83	67.06	24.97	8.71	10.91	52.43	32.93	50.19	33.79	30.56	31.60	2.19	29.62	25.84	1.82	78.00	110.91	92.68	99.93	27.69	22.60	3.69	31.29	2.66	6.63	126.38
12.45	3.26	10.39	3.09	6.39	4.56	3.33	7.84	10.57	5.06	5.53	4.72	0.00	8.10	6.91	2.18	55.85	59.20	68.89	71.29	39.03	41.13	65.22	51.04	57.96	53.57	52.32	59.32	109.04	106.27	96.97	98.33	89.27	87.10	88.07	80.11	67.46	26.53	6.43	5.66	53.26	36.55	51.99	32.35	38.05	38.99	2.16	33.26	23.42	3.30	97.54	111.37	109.85	97.10	29.95	22.63	0.63	31.60	1.95	7.50	111.34
9.02	6.73	8.75	11.85	12.52	3.86	5.38	5.26	9.40	13.24	15.91	6.06	8.98	0.00	5.58	9.47	71.56	71.00	65.22	68.15	30.91	48.81	71.33	51.48	51.16	49.77	62.81	65.72	94.73	94.53	93.32	116.37	100.71	84.22	114.07	84.69	83.67	18.75	8.83	12.46	54.86	31.74	50.79	29.04	36.04	24.22	6.57	22.32	27.69	6.22	101.40	101.90	94.00	93.85	26.38	22.37	8.86	19.97	7.55	11.63	100.59
13.15	6.65	13.36	7.88	12.20	5.14	4.77	0.50	4.40	10.61	11.56	3.31	6.66	5.56	0.00	9.62	57.58	70.27	63.69	70.45	30.33	39.59	74.14	46.37	46.84	50.62	50.42	70.99	97.64	89.05	104.33	95.69	95.54	89.25	103.82	84.10	70.50	27.97	11.96	12.55	56.32	25.74	54.34	29.21	25.27	32.03	5.62	32.28	27.20	4.64	87.77	100.23	87.17	78.78	25.26	28.75	6.11	25.79	5.37	7.16	112.75
11.93	4.59	10.96	3.08	4.96	6.72	5.13	9.67	10.90	3.51	4.70	5.99	1.93	10.81	9.81	0.00	63.83	65.28	62.40	64.58	33.86	38.05	71.02	48.51	57.51	49.84	55.87	60.38	89.22	89.21	104.92	98.97	83.67	92.38	108.13	83.49	68.46	22.21	7.33	3.78	51.91	36.15	61.87	36.60	31.79	39.41	4.06	30.60	24.88	5.64	90.26	97.80	100.23	78.26	38.63	22.94	2.62	28.22	4.29	9.57	96.83
79.86	61.45	74.41	62.94	52.66	67.95	61.53	57.74	54.18	58.56	55.23	55.94	67.21	66.46	56.19	64.44	0.00	0.26	4.60	2.91	42.44	54.31	11.18	18.09	20.97	21.03	20.12	31.79	41.37	36.52	47.63	39.53	25.55	30.07	37.62	29.35	13.22	91.22	69.92	59.91	104.69	63.62	86.17	92.34	45.14	89.37	71.44	93.44	94.91	58.95	30.34	39.78	47.27	32.06	86.46	89.15	59.19	84.14	67.71	53.44	190.46
73.73	71.03	84.16	68.82	66.11	67.01	63.14	71.51	65.25	59.21	52.04	55.80	71.76	76.42	56.15	58.49	0.31	0.00	5.26	2.85	44.69	54.78	13.92	18.38	21.58	21.19	19.42	30.89	46.14	36.46	52.32	39.56	20.47	29.49	36.29	29.74	14.45	92.80	66.97	61.15	116.76	65.61	81.58	89.17	48.14	82.73	68.56	97.85	86.12	70.85	31.58	40.15	46.58	36.14	73.61	78.69	55.10	83.11	64.81	49.61	153.81
78.81	74.07	68.17	64.45	68.70	66.13	74.45	71.44	58.85	57.59	65.53	58.24	60.16	76.27	64.90	65.47	4.60	4.72	0.00	6.54	50.94	58.48	16.88	23.34	27.43	27.22	24.75	35.65	35.18	35.85	49.55	37.03	18.54	27.77	35.86	29.91	8.47	96.37	80.08	65.88	103.20	71.02	84.99	75.89	45.27	91.63	74.99	97.39	82.84	59.42	27.70	33.86	34.47	24.88	91.98	84.57	73.57	98.57	72.33	52.67	183.23
82.78	70.47	73.39	56.87	67.44	64.12	63.54	59.15	61.06	54.96	55.80	56.97	58.86	67.06	61.35	62.58	2.72	2.52	7.88	0.00	45.54	54.57	11.23	19.67	19.10	20.89	20.01	29.51	48.42	38.86	51.99	39.12	22.87	32.80	34.67	27.25	18.32	99.44	77.85	57.91	123.49	70.13	73.30	80.65	46.93	88.96	64.75	88.11	90.50	59.86	38.27	41.02	44.03	36.65	84.83	96.71	71.67	96.76	65.91	49.34	188.84
43.06	35.75	44.37	37.30	31.37	34.96	35.27	30.92	25.91	35.15	32.72	30.16	37.68	32.36	32.13	34.46	48.02	47.67	46.59	45.62	0.00	67.53	45.50	30.40	27.16	28.59	30.34	36.56	99.65	83.93	102.91	85.85	63.85	87.86	88.14	60.58	63.62	53.52	42.87	38.63	84.92	16.65	35.10	33.37	0.47	38.78	34.81	50.23	58.58	34.45	79.62	85.04	78.65	87.70	37.40	55.41	36.94	54.26	37.33	29.17	124.21
49.11	39.79	49.54	40.01	31.03	48.51	37.33	49.52	45.95	33.45	37.25	39.80	34.11	48.47	40.60	39.59	63.08	63.18	55.17	61.54	58.27	0.00	76.71	68.78	56.93	58.77	64.62	86.52	75.94	82.29	63.57	88.87	82.08	68.48	96.74	83.54	51.75	52.49	48.13	29.99	61.66	61.76	100.32	72.31	53.49	80.59	41.22	75.45	47.95	46.71	70.81	77.14	83.89	70.17	71.68	63.13	38.14	69.92	43.82	35.24	116.67
89.31	70.57	89.12	61.98	61.61	77.25	63.63	73.20	58.83	60.59	73.34	72.67	62.97	76.42	73.69	72.93	11.60	13.00	17.52	11.26	47.26	66.80	0.00	15.39	16.46	19.62	16.26	22.44	52.74	40.08	57.37	38.34	25.61	38.44	34.69	19.26	25.78	81.84	66.56	79.43	120.80	56.66	79.43	90.15	43.66	92.62	63.73	90.15	100.88	66.28	44.10	34.60	51.91	43.69	88.86	98.48	76.43	98.77	64.26	62.08	195.18
68.00	60.82	58.55	47.52	50.53	56.10	52.43	58.16	44.12	56.22	45.30	50.85	50.58	49.49	48.16	57.28	19.28	18.74	23.71	18.04	33.29	69.14	18.35	0.00	0.30	0.88	0.19	14.04	68.44	50.78	76.60	54.30	36.63	51.78	48.96	26.95	35.48	86.81	64.03	54.48	116.43	41.04	66.78	71.30	25.98	67.28	47.58	76.80	75.76	54.67	47.87	60.36	54.08	47.92	72.77	72.18	49.68	80.27	57.38	50.02	181.85
63.46	62.88	69.28	51.58	53.67	59.28	59.12	47.39	40.97	51.05	57.83	55.05	54.16	61.03	48.33	60.27	20.08	22.14	22.45	17.83	31.06	54.35	15.18	0.30	0.00	0.51	0.28	17.07	62.06	57.82	71.48	47.66	43.19	59.27	50.98	29.21	36.96	67.39	60.49	53.71	111.09	51.40	55.89	70.63	25.81	63.41	49.48	83.94	74.72	54.85	60.58	57.45	54.16	53.46	74.34	79.35	58.76	70.94	56.63	44.42	157.68
66.70	58.17	64.51	59.66	48.03	59.56	56.86	57.42	46.97	48.93	49.46	57.76	53.17	57.77	55.60	61.27	20.76	20.23	24.63	20.80	27.06	63.22	17.31	0.75	0.57	0.00	0.67	15.01	63.26	59.76	68.78	51.15	40.34	57.73	46.43	27.32	33.70	81.33	56.50	61.62	98.10	46.86	56.79	69.61	30.76	68.96	58.25	75.14	71.42	56.23	51.02	57.69	61.29	59.52	62.62	82.43	57.11	76.01	54.20	41.81	165.13
62.69	61.53	59.30	54.22	46.72	62.40	60.98	54.42	42.58	51.84	46.26	45.39	56.77	56.24	51.04	48.39	20.26	23.16	23.46	18.98	33.13	55.02	16.05	0.20	0.26	0.63	0.00	16.55	64.45	51.91	65.36	51.16	42.24	56.79	44.33	25.11	31.77	79.78	59.54	62.83	98.66	44.15	59.35	67.46	29.77	67.88	56.26	83.36	89.01	56.20	50.49	47.41	61.09	57.40	60.74	83.80	60.86	80.28	55.37	50.62	181.30
85.83	61.26	83.38	57.94	70.49	69.96	70.41	59.82	51.70	69.31	64.96	71.21	66.23	69.18	62.86	64.74	29.96	27.48	35.58	28.65	40.62	76.35	18.74	14.27	14.95	15.67	17.12	0.00	61.97	55.57	75.41	49.33	44.37	71.32	47.43	20.23	40.45	77.35	81.09	64.20	127.76	48.58	63.17	70.03	34.69	78.01	71.36	87.11	89.07	72.71	65.12	52.31	62.36	61.40	74.56	89.62	74.28	95.99	60.98	51.90	199.09
117.28	107.38	106.89	88.39	85.13	108.91	105.68	92.57	91.28	85.47	95.34	97.99	109.51	94.81	109.49	108.30	41.24	45.91	34.23	46.22	99.25	66.69	51.63	61.13	56.86	60.32	67.31	63.21	0.00	14.04	23.23	23.99	24.17	11.38	37.88	54.82	24.82	121.92	113.15	87.57	148.04	103.48	119.42	114.73	95.03	112.24	86.63	113.90	121.81	86.53	9.64	26.62	0.65	9.39	115.18	120.38	95.95	121.09	93.63	94.54	216.95
100.75	108.96	124.09	93.84	99.61	92.86	101.74	94.14	90.08	108.37	83.38	99.07	101.92	114.53	110.69	105.43	40.57	41.56	38.14	40.44	83.52	80.61	37.09	56.15	64.34	53.21	63.02	61.55	16.58	0.00	34.80	10.83	18.97	21.96	22.58	45.79	25.82	109.57	117.12	89.38	139.01	107.96	126.75	114.79	84.87	119.56	109.40	118.35	126.43	90.54	19.94	12.86	14.46	17.22	114.77	113.10	92.90	115.90	91.69	83.10	216.50
109.95	96.61	109.09	89.84	84.21	110.97	96.71	93.38	85.81	83.99	78.61	86.37	92.53	99.43	107.83	91.23	49.55	51.84	46.06	55.83	105.37	69.14	70.38	72.93	69.67	81.14	64.85	93.57	19.83	36.79	0.00	49.30	47.86	20.45	51.53	81.28	40.15	120.99	110.80	105.74	144.53	119.42	138.27	128.13	101.61	112.45	86.62	131.15	106.66	106.88	23.90	53.97	19.56	23.32	122.36	105.21	93.98	118.65	90.31	96.93	175.04
109.33	94.95	99.41	108.96	100.33	108.96	103.97	91.42	97.30	92.35	94.72	103.28	99.34	113.86	93.64	88.75	40.88	39.86	37.59	40.99	86.12	81.43	37.83	56.32	47.88	56.25	58.12	60.71	26.39	11.77	53.56	0.00	16.26	30.21	10.33	41.11	32.10	114.01	108.53	107.90	165.83	106.75	119.13	130.67	91.22	126.23	100.82	115.73	123.58	114.03	30.57	0.59	26.25	25.65	125.14	121.36	104.83	121.00	103.59	105.17	229.59
102.07	80.17	87.48	90.33	87.21	85.01	81.16	88.78	74.50	72.73	78.62	81.99	93.23	98.26	78.05	84.84	23.02	21.77	19.02	21.06	61.35	65.03	22.35	41.44	42.47	41.79	39.09	40.14	28.23	18.28	48.95	15.14	0.00	22.48	19.12	32.75	15.60	123.98	95.30	76.16	135.51	75.03	90.01	111.92	68.96	92.11	87.46	112.16	122.26	78.14	25.82	14.60	28.77	20.06	101.38	115.83	79.63	105.08	75.41	87.80	168.63
109.08	98.88	103.59	73.38	71.12	99.60	91.15	80.71	83.78	76.85	76.35	79.58	79.83	82.88	83.34	84.97	36.16	36.91	25.41	31.71	87.16	58.16	47.06	60.61	59.86	53.59	61.04	69.91	10.35	22.79	20.67	28.01	26.90	0.00	38.04	53.71	20.93	103.89	98.06	93.92	120.71	101.30	110.13	124.85	75.61	113.49	79.03	127.29	94.75	87.23	0.77	29.99	12.00	4.28	120.35	116.70	82.18	110.58	80.61	84.70	163.74
121.14	97.03	119.36	110.61	105.91	104.49	92.81	104.51	90.19	92.63	98.59	102.72	111.78	101.17	106.44	99.49	34.97	41.09	33.17	37.14	76.32	102.28	31.65	51.96	55.93	55.08	47.17	53.70	34.17	24.14	57.95	10.35	18.87	41.32	0.00	32.69	31.65	116.93	99.66	93.54	140.86	97.30	106.08	104.66	75.62	101.32	98.86	130.43	130.65	107.00	42.14	12.92	38.94	39.73	116.23	114.00	96.58	110.55	108.15	84.03	179.94
94.48	89.24	99.46	72.67	73.32	92.56	78.77	84.06	82.35	86.95	81.76	80.61	91.46	89.83	81.85	89.46	28.35	34.15	36.38	28.19	49.75	79.31	15.57	29.82	26.22	24.39	24.61	20.00	65.43	47.72	76.34	40.36	36.43	54.64	30.60	0.00	41.75	111.81	95.85	82.44	147.92	65.70	74.55	78.73	60.49	83.61	89.67	90.46	97.17	80.76	49.17	36.98	57.20	54.42	82.66	104.81	82.35	95.80	86.74	77.77	177.04
78.78	73.83	91.25	71.75	65.62	71.21	76.71	64.47	62.04	76.23	67.72	69.44	68.12	72.52	76.83	80.88	16.36	12.56	10.34	15.07	53.51	56.96	23.26	34.81	33.73	39.20	36.45	39.62	24.53	24.19	40.50	30.47	15.43	21.03	32.39	37.75	0.00	103.17	78.55	69.84	119.58	85.85	92.24	89.81	66.56	103.56	69.92	96.75	85.73	64.38	21.50	30.78	24.70	16.73	91.66	95.01	63.13	90.70	70.37	59.03	155.74
12.19	21.57	13.95	27.67	27.91	19.47	20.56	24.97	33.18	29.49	25.72	27.11	24.23	20.56	22.39	23.35	88.08	79.18	89.20	89.12	48.74	50.15	84.05	70.52	71.45	76.04	78.73	95.38	120.26	114.30	113.68	119.89	98.98	95.57	138.84	106.90	108.36	0.00	15.77	25.01	35.27	43.12	72.40	36.65	52.78	31.23	24.76	18.35	10.97	25.79	124.50	136.26	130.93	100.13	30.76	0.30	25.53	12.13	20.71	34.93	80.33
5.43	5.40	5.56	10.78	12.75	5.41	6.01	9.86	13.29	10.99	10.94	10.42	6.46	9.06	10.81	7.98	77.92	72.31	79.86	78.15	37.11	41.48	73.39	56.73	61.38	53.62	68.40	73.38	92.02	96.96	110.40	111.84	84.70	91.52	94.37	81.22	73.90	16.64	0.00	8.95	48.38	33.12	65.60	36.86	34.21	33.51	6.32	31.10	22.11	7.38	91.57	115.01	109.34	88.61	28.75	18.05	7.71	23.27	6.11	15.55	95.10
11.95	7.69	14.80	5.56	5.84	8.68	7.98	12.51	17.19	4.10	6.07	10.82	5.71	12.36	12.23	3.50	68.62	63.09	62.30	61.56	35.11	37.73	78.97	52.33	62.85	63.37	54.68	69.41	92.57	98.57	92.58	88.44	90.08	82.43	102.45	92.25	67.27	24.80	7.39	0.00	50.35	38.52	63.30	35.84	44.10	40.18	8.04	38.73	23.03	9.61	86.07	99.57	87.27	94.46	42.53	24.50	6.89	34.08	7.48	13.64	104.95
40.37	50.51	41.44	60.19	50.49	47.39	51.02	61.63	55.24	47.02	60.92	49.76	54.25	52.28	58.22	47.87	102.07	109.90	116.32	106.57	73.45	71.83	118.30	97.53	115.30	105.72	109.47	109.94	130.20	163.94	126.10	165.12	148.67	116.91	161.54	145.57	105.26	35.38	43.55	51.97	0.00	80.75	85.85	59.51	87.74	57.76	47.56	51.89	26.70	58.35	132.41	135.54	140.90	121.29	57.44	33.19	49.13	42.81	57.92	56.18	54.89
35.93	32.08	33.08	38.75	34.01	30.19	33.16	27.76	25.01	40.63	37.53	28.16	37.93	32.28	25.68	40.84	64.41	62.42	62.27	57.69	14.94	63.96	61.64	44.25	44.37	46.15	41.64	46.18	115.16	111.97	100.23	96.78	82.23	90.65	102.29	61.89	81.75	47.25	41.27	46.82	79.80	0.00	24.36	19.11	18.25	21.60	31.58	30.77	49.23	32.96	99.56	96.19	96.57	93.93	22.67	42.99	39.30	42.11	36.35	31.30	139.44
54.86	52.71	59.51	60.40	59.55	61.84	53.64	50.49	52.80	70.28	54.85	62.05	51.99	57.06	46.16	63.93	86.73	74.79	95.66	81.67	39.86	97.46	75.07	53.20	60.41	64.65	54.05	53.33	120.87	127.78	143.12	113.81	100.14	126.24	94.27	82.76	107.06	72.42	55.68	73.56	93.62	22.56	0.00	30.83	36.19	30.88	61.82	42.98	66.71	49.97	117.68	99.83	128.29	114.02	41.62	69.69	66.24	54.60	54.08	57.30	135.12
30.43	32.25	32.12	34.52	36.87	32.73	36.64	29.73	34.42	36.80	41.68	35.42	39.01	29.30	27.48	42.60	82.93	86.32	81.20	78.88	34.26	68.57	93.39	61.93	64.59	65.43	65.89	71.79	126.56	110.83	140.42	120.72	107.13	125.53	103.67	95.92	98.14	30.40	31.22	39.97	68.59	19.59	34.83	0.00	33.79	0.49	36.88	16.66	44.24	35.53	113.06	105.37	134.03	104.47	4.46	36.84	37.92	22.81	35.96	40.63	121.61
41.45	37.43	42.09	36.43	37.41	30.90	29.15	30.15	23.83	39.58	36.90	26.23	30.51	34.89	27.61	34.49	44.73	46.75	46.99	41.51	0.54	56.90	42.06	29.39	28.57	29.31	31.65	41.51	95.36	93.26	90.66	80.40	61.01	81.05	70.79	61.17	59.78	54.76	35.86	35.28	84.59	14.67	34.39	38.27	0.00	36.68	31.62	42.87	58.52	32.79	81.66	76.49	81.26	88.34	37.48	55.20	31.32	47.61	33.55	25.30	150.85
31.06	30.16	31.35	36.13	40.60	33.26	32.64	30.94	34.17	38.40	42.08	33.55	38.86	26.37	31.04	38.18	89.53	82.84	88.90	71.38	35.52	81.54	86.47	66.65	65.80	69.59	65.17	73.82	111.60	126.13	124.73	110.41	114.81	107.34	106.91	84.04	92.83	36.92	32.99	43.16	65.76	21.96	33.47	0.41	32.88	0.00	34.80	17.85	39.42	36.64	121.79	104.58	134.34	100.24	4.50	32.36	33.17	26.72	36.43	40.07	112.83
10.27	2.75	11.06	4.07	8.02	3.02	1.35	4.96	7.97	7.54	6.41	2.32	2.16	7.40	4.57	4.37	63.24	69.36	59.09	70.38	36.01	37.85	66.69	51.71	55.37	53.72	54.30	70.59	92.88	98.08	101.94	91.97	80.72	76.15	101.72	88.60	74.84	21.71	6.80	8.72	53.56	30.04	62.53	31.73	33.78	37.90	0.00	29.23	25.84	1.02	81.93	91.76	98.28	92.06	32.48	24.93	1.82	29.83	0.54	7.43	103.09
24.91	29.20	24.09	31.51	34.43	26.62	29.63	30.83	34.39	38.64	35.71	34.08	35.12	26.14	32.66	33.45	89.94	92.24	86.05	91.32	46.49	78.36	90.02	78.53	82.34	81.17	68.14	85.97	139.97	132.05	130.43	132.75	111.59	130.64	127.85	90.62	98.40	17.82	26.33	39.56	49.35	31.46	48.95	17.82	52.09	16.11	28.36	0.00	28.01	34.43	127.50	117.09	113.52	110.60	12.48	20.29	29.63	8.96	29.32	33.37	103.30
18.04	27.07	16.84	26.11	26.21	23.99	27.47	30.06	33.12	28.79	32.09	30.01	29.53	27.02	28.90	25.26	82.99	79.55	83.70	98.96	58.21	45.32	104.89	74.42	86.14	72.42	72.06	87.61	131.58	137.88	123.30	126.42	114.97	112.15	111.60	106.69	100.62	10.84	22.45	25.69	27.29	59.35	72.74	44.01	53.32	45.57	26.49	31.00	0.00	26.47	119.37	114.99	122.43	102.65	41.03	10.53	29.87	19.76	29.39	36.58	93.97
12.51	2.58	11.66	4.82	9.04	2.70	1.32	3.76	7.85	6.87	7.57	1.67	2.85	6.80	4.79	5.70	67.39	69.69	64.41	59.75	35.44	42.75	77.17	47.64	52.28	55.49	60.40	63.47	100.47	110.39	100.15	95.68	96.93	92.14	93.15	85.29	67.36	25.90	6.59	8.01	51.83	31.00	50.91	28.67	36.11	30.08	0.95	32.05	27.31	0.00	92.27	106.74	95.77	86.23	26.32	23.60	2.97	27.35	1.49	7.20	107.35
108.88	90.70	95.56	78.58	91.61	87.96	83.06	91.46	80.30	91.27	80.06	97.37	97.00	88.96	82.08	97.10	32.16	31.84	29.64	38.70	82.50	65.09	47.20	51.38	52.23	56.39	52.17	61.48	9.80	22.75	23.47	31.34	21.87	0.80	43.44	55.34	20.20	124.16	84.91	77.19	142.63	90.27	125.26	110.34	85.69	110.69	89.00	110.70	105.44	81.28	0.00	31.60	10.60	4.14	99.35	112.85	93.30	102.45	98.17	71.23	160.04
124.59	91.13	120.74	105.73	96.83	106.89	97.71	99.03	94.55	100.85	107.76	100.82	97.19	115.22	110.19	112.13	34.73	41.33	33.84	39.90	89.62	85.01	34.96	52.33	58.92	58.11	49.71	56.27	29.26	10.90	54.00	0.62	15.86	27.56	10.21	36.19	28.75	109.17	117.08	99.19	163.51	109.32	103.39	131.33	87.48	106.40	96.03	131.34	137.11	110.64	31.99	0.00	28.39	23.41	113.43	133.16	111.17	132.67	100.13	103.89	193.39
122.22	112.95	113.86	88.09	101.42	109.18	108.07	110.90	82.83	85.51	84.02	98.24	100.23	113.23	99.97	101.04	46.22	43.45	36.21	37.89	97.72	74.48	49.41	60.06	68.02	64.53	62.45	62.32	0.72	12.89	22.63	25.48	23.45	12.00	34.53	56.44	24.56	110.12	111.57	96.79	150.57	102.39	123.60	114.58	78.69	112.38	96.78	120.87	131.14	95.93	11.74	23.07	0.00	9.59	132.64	122.97	108.73	133.37	102.46	86.56	190.16
109.12	92.16	87.96	93.45	91.92	92.02	100.25	81.48	75.51	81.85	77.15	91.34	80.21	97.02	93.31	99.23	30.00	29.64	27.67	35.04	77.32	67.03	42.83	58.14	48.40	56.10	47.11	64.67	9.68	18.47	21.01	26.48	22.88	4.99	33.99	52.59	18.69	108.30	106.02	77.48	140.37	104.68	107.31	121.91	71.74	123.86	80.19	129.20	99.58	97.01	4.02	28.53	8.42	0.00	115.42	117.67	76.81	115.66	91.31	81.44	169.86
27.05	27.84	24.88	39.77	40.00	31.47	33.66	27.81	28.09	33.05	37.87	29.76	35.52	23.37	26.19	34.65	75.24	92.53	83.91	91.17	40.88	64.01	90.84	76.00	60.91	59.88	75.08	74.18	112.02	123.93	124.91	134.55	97.65	97.71	105.17	89.58	85.73	29.13	30.25	37.41	61.77	24.78	36.95	4.91	39.09	5.35	30.32	11.76	42.92	27.40	126.50	123.63	113.77	112.77	0.00	31.71	28.87	18.13	30.62	35.35	124.90
11.51	20.29	12.40	29.88	30.28	19.98	19.96	23.31	31.86	25.24	26.48	27.78	22.18	22.99	26.43	27.26	94.42	86.96	93.37	92.39	59.28	58.00	89.31	68.46	67.75	76.22	75.01	93.60	133.94	119.01	103.73	109.38	105.34	105.85	134.07	111.22	100.25	0.27	17.82	27.52	34.33	48.14	66.66	30.74	54.30	36.17	27.49	17.99	11.20	26.13	102.95	111.07	113.64	125.50	28.54	0.00	26.56	11.84	26.72	30.89	95.48
11.74	3.06	12.37	2.48	5.98	4.17	2.58	7.17	10.42	4.39	5.67	3.50	0.55	8.08	7.65	2.71	69.63	65.64	57.88	64.79	35.41	42.91	65.18	54.44	54.01	60.87	52.20	62.53	87.08	110.17	90.60	102.59	90.31	85.22	108.44	71.30	75.05	27.59	7.18	7.17	55.02	38.24	61.73	31.69	33.96	37.84	1.71	37.13	24.95	2.59	95.37	95.12	98.52	79.08	29.73	25.07	0.00	30.54	1.58	6.79	104.76
17.61	25.52	20.30	35.34	31.38	23.23	23.88	24.47	35.28	30.40	38.07	30.15	31.01	24.66	31.57	34.61	82.95	97.89	100.56	100.70	51.85	58.17	89.68	86.96	72.17	81.53	84.79	92.59	120.00	130.16	130.87	131.50	118.93	118.91	126.05	91.55	92.93	11.11	23.04	29.19	45.55	38.14	55.80	23.03	44.08	23.79	28.30	9.51	21.64	30.76	123.41	123.52	137.19	114.55	19.30	12.58	26.63	0.00	30.82	39.67	104.53
11.99	1.87	10.86	4.71	6.95	3.38	1.23	5.03	8.28	6.08	7.16	2.78	1.91	7.30	6.23	4.55	59.18	60.02	62.83	72.24	33.61	37.14	61.16	51.84	55.03	53.14	57.12	70.93	91.00	106.51	108.66	99.44	92.88	79.51	90.03	77.87	79.20	25.43	6.72	6.92	54.61	29.65	59.10	29.79	29.95	29.79	0.58	31.11	27.63	1.20	89.51	92.70	96.69	88.49	29.32	26.60	1.60	27.21	0.00	7.53	117.54
16.81	9.45	16.90	6.97	7.65	10.93	9.89	8.43	5.11	8.59	6.29	6.68	7.39	11.81	8.52	8.18	55.05	55.46	57.93	62.50	26.26	36.62	62.81	47.59	47.65	42.96	42.95	62.22	90.93	89.37	88.68	93.61	87.69	85.03	103.83	81.93	66.24	28.49	15.43	11.63	58.93	32.39	58.78	33.17	26.95	38.94	7.71	39.35	34.68	8.41	72.75	86.56	99.62	74.68	31.84	29.17	6.63	34.55	7.11	0.00	120.96
107.87	116.97	112.00	119.13	117.22	112.68	107.04	119.95	116.65	97.98	101.60	116.68	109.51	97.13	106.85	105.23	157.76	177.46	158.61	186.90	159.34	106.49	159.73	184.13	152.67	149.10	175.06	179.12	211.53	195.19	195.65	182.59	171.40	189.52	229.58	201.09	187.88	100.20	92.42	115.23	50.98	140.52	169.58	132.63	129.56	124.78	100.00	95.32	75.02	116.94	193.11	214.62	217.61	171.08	120.94	79.48	116.89	105.11	110.46	113.88	0.00
~
Delivery quantities;
0 0 3 3 5 8 0 9 0 10 0 8 9 6 0 6 1 1 1 2 0 8 4 6 2 2 0 0 2 1 1 1 2 2 0 2 2 2 2 1 4 4 2 2 0 2 0 1 1 2 1 2 0 0 2 4 1 4 4 0 
~
Pick-up quantities;
18 24 0 4 20 8 18 32 20 0 4 30 16 48 30 8 0 0 0 0 12 0 16 12 12 0 4 4 0 0 6 0 8 0 8 4 8 0 4 4 12 0 12 8 8 6 8 0 8 4 0 0 4 12 6 6 8 0 6 4 
~
Vehicle capacity; 
120 120 120 120 120 
~

