Cost matrix;
0.00	17.51	19.37	9.90	18.55	106.79	8.13	17.02	10.35	15.85	8.63	9.76	9.99	12.10	11.52	0.85	76.34	72.80	67.72	74.63	72.43	74.50	78.92	62.89	77.95	53.18	50.41	70.12	70.25	96.34	15.31	10.59	26.83	46.17	0.90	12.02	27.70	10.62	12.10	13.50	21.07	15.67	11.50	18.81	11.15	25.20	11.76	36.91	51.74	12.66	18.07	0.81	1.30	36.73	50.39	79.13	45.92	38.15	60.43	95.74	83.01
14.44	0.00	12.05	8.16	1.35	95.09	8.89	13.39	6.02	0.22	9.14	7.39	7.41	6.70	4.35	17.81	60.10	67.07	58.60	53.55	67.57	60.23	68.81	49.34	73.35	38.41	38.40	53.56	74.85	85.53	28.97	6.88	10.08	65.01	18.06	29.61	21.21	7.39	4.53	4.69	8.63	9.05	6.97	11.62	8.62	21.60	7.98	17.69	36.78	6.41	25.71	16.09	15.35	51.82	54.75	57.70	68.09	48.12	58.19	103.03	66.21
17.55	14.03	0.00	9.27	11.09	101.64	9.00	0.85	7.86	13.07	8.25	11.64	8.93	8.01	10.53	20.14	60.01	63.88	54.70	61.73	55.29	56.97	60.49	43.92	58.71	44.91	42.09	45.86	65.27	89.48	25.20	7.03	21.86	52.86	19.78	33.13	11.99	9.86	9.48	10.13	7.26	2.31	9.59	0.48	8.23	11.91	7.38	27.72	30.75	9.06	37.17	17.26	19.39	41.50	46.90	63.07	56.39	45.67	48.38	80.95	59.48
10.24	8.72	9.44	0.00	9.52	113.93	1.99	10.05	1.21	7.46	1.48	0.97	0.65	1.69	2.88	11.23	66.10	73.53	68.29	65.43	69.83	74.55	75.59	48.93	69.37	41.92	41.71	62.49	59.33	81.67	22.91	1.67	17.55	52.10	9.85	25.20	22.92	0.44	3.05	2.66	9.17	7.14	1.72	9.64	0.45	21.80	2.13	27.16	43.15	1.64	23.42	9.57	10.29	42.74	58.70	59.64	53.70	48.96	57.69	100.01	70.27
15.25	1.21	11.08	7.99	0.00	98.89	9.83	11.55	7.82	0.94	8.93	8.01	8.53	7.98	6.37	19.59	52.02	53.11	59.42	63.00	55.43	57.33	54.31	52.68	58.64	32.94	35.92	46.12	60.43	76.84	26.28	7.64	9.92	61.23	17.60	32.25	21.41	8.39	5.54	6.09	8.16	10.46	7.11	13.80	9.35	21.32	8.09	17.85	36.55	7.71	27.79	17.99	15.52	49.48	63.34	60.92	62.55	55.85	59.50	107.36	68.56
126.23	108.22	97.66	102.88	100.55	0.00	92.47	102.86	107.38	109.55	113.44	107.53	115.72	93.98	89.11	123.31	33.88	39.12	31.17	40.06	32.76	33.53	32.65	53.27	32.19	90.46	96.76	51.75	58.50	50.86	105.50	101.54	85.09	136.97	125.91	128.50	99.13	109.36	88.31	99.99	81.16	94.60	102.74	85.40	97.82	97.63	100.38	84.49	54.41	103.03	129.98	119.75	119.32	122.60	126.88	46.74	133.00	140.43	121.93	22.80	34.74
10.07	8.65	9.61	1.69	10.00	105.22	0.00	10.42	3.11	9.63	0.23	1.70	1.61	3.54	4.62	8.96	70.72	70.59	69.23	58.28	76.69	77.51	70.19	59.16	68.95	43.59	45.54	57.12	67.37	77.03	20.42	2.30	20.36	50.68	8.31	23.24	23.24	1.91	4.98	5.17	10.44	7.35	3.48	11.37	1.56	18.40	2.54	24.82	39.32	3.28	24.45	8.72	9.13	43.10	46.83	69.49	48.13	47.05	49.70	99.60	63.20
17.80	12.96	0.80	10.37	12.07	102.86	11.05	0.00	8.60	14.38	11.14	9.97	11.19	9.71	10.99	18.87	51.66	56.96	67.66	62.49	63.15	66.81	62.35	48.84	64.24	45.96	47.76	48.81	55.39	76.41	23.44	9.75	26.35	56.60	18.08	30.27	11.26	10.89	9.88	9.86	7.22	3.72	10.19	0.59	9.52	11.29	9.00	26.99	37.46	8.61	39.30	17.93	18.78	44.06	56.84	68.16	54.07	43.49	50.87	84.15	67.49
10.80	7.40	8.45	1.11	7.53	99.73	2.67	8.92	0.00	6.08	3.24	2.07	2.00	0.55	2.11	9.80	63.72	61.17	61.71	66.76	76.25	63.98	60.11	58.06	62.94	39.48	44.13	58.91	65.53	84.08	22.44	1.22	19.77	60.98	11.27	23.40	21.89	1.23	1.58	2.06	8.09	7.86	0.52	9.63	1.42	22.21	1.67	26.15	43.73	0.60	26.12	11.63	11.68	46.03	52.69	63.89	51.77	50.39	54.95	90.85	66.05
17.70	0.28	13.09	8.12	0.94	87.31	8.93	13.82	7.15	0.00	10.60	9.15	8.64	6.15	4.44	16.85	55.76	63.18	67.78	53.27	71.32	58.69	60.88	53.79	69.28	31.52	34.73	60.01	59.76	79.90	32.10	7.54	10.33	62.56	15.52	26.20	21.72	7.96	4.66	5.21	7.60	9.92	7.34	13.09	7.65	26.54	8.21	16.21	37.68	6.21	32.50	16.88	17.87	47.66	65.63	59.85	55.05	57.25	59.89	84.88	61.97
9.05	9.00	8.63	1.56	10.50	105.89	0.29	10.63	2.99	10.48	0.00	1.68	1.60	2.99	4.69	9.61	73.72	61.18	62.77	73.06	66.04	71.49	73.96	50.32	76.54	44.16	47.09	59.38	69.07	81.56	21.77	2.49	22.51	50.35	8.79	23.36	22.12	1.71	4.17	5.09	11.78	7.42	3.37	10.28	1.32	18.16	2.79	26.17	46.16	3.42	26.42	9.36	7.62	46.59	46.09	66.02	58.75	48.78	57.94	113.74	75.41
8.42	7.80	10.22	1.01	9.52	106.67	1.77	10.95	1.80	8.89	2.12	0.00	0.55	2.70	3.06	8.16	58.56	60.42	77.21	71.60	63.21	64.90	77.20	52.39	66.20	37.44	39.26	60.95	60.38	77.14	22.76	2.75	18.01	56.74	9.35	21.81	19.86	1.63	3.10	3.41	11.87	8.91	2.58	11.19	1.27	19.80	3.27	24.85	44.90	2.65	21.66	9.43	9.02	40.63	54.17	61.67	56.42	44.07	60.43	100.81	75.27
9.89	8.73	10.03	0.74	8.30	106.81	1.26	11.71	1.85	8.06	1.64	0.44	0.00	2.37	3.67	8.26	63.63	73.11	65.21	74.28	65.93	77.91	61.87	51.72	68.36	40.29	40.28	57.34	64.64	88.42	20.35	2.43	18.99	49.87	9.59	19.06	19.14	1.13	3.34	3.60	9.89	8.66	2.06	9.69	0.86	20.74	2.83	28.46	37.38	2.31	26.02	8.24	8.62	47.44	49.70	66.61	49.40	40.75	59.38	93.13	67.83
10.44	6.44	8.08	1.66	7.48	103.56	3.19	8.77	0.64	7.24	3.37	2.50	2.34	0.00	2.53	12.69	59.18	67.73	60.91	69.10	69.40	61.94	68.07	57.89	75.12	43.14	43.93	58.03	58.50	79.62	23.50	0.87	16.38	60.18	11.75	26.13	18.66	1.40	1.91	1.72	9.24	6.69	0.12	9.35	1.84	22.25	1.43	26.52	36.37	0.20	25.32	12.09	11.61	40.21	60.70	58.38	51.06	49.17	59.33	104.03	77.40
12.69	5.04	11.12	3.16	6.05	98.10	5.00	11.07	2.22	5.05	4.47	3.40	3.72	2.23	0.00	10.94	59.10	68.07	72.47	59.54	64.97	62.10	69.36	58.20	62.04	36.93	34.75	54.94	74.87	88.29	24.16	3.45	16.63	58.78	10.59	23.85	22.82	3.05	0.45	0.70	9.64	7.55	1.98	10.70	2.99	22.50	3.56	24.64	43.72	1.92	28.69	11.14	11.49	53.04	54.25	60.90	63.12	46.34	61.20	106.72	62.17
0.76	17.23	18.16	10.02	18.86	120.41	8.88	18.95	12.05	18.51	8.59	9.99	8.37	12.86	11.27	0.00	80.52	81.07	83.34	83.20	87.06	87.35	72.79	57.28	76.43	51.59	42.79	68.17	80.46	100.57	14.34	10.66	27.03	48.35	0.34	13.00	27.41	9.82	12.83	13.64	20.19	15.05	12.89	17.59	10.19	27.05	10.37	37.41	47.44	11.74	17.95	0.56	0.39	34.58	43.15	81.39	49.93	36.98	48.55	96.12	76.46
67.55	58.22	55.20	69.49	52.48	40.21	71.22	65.64	56.80	59.53	63.07	74.33	68.44	66.73	61.91	75.71	0.00	0.12	3.63	0.56	3.48	3.71	4.78	18.96	13.93	52.41	60.22	20.42	27.88	41.80	92.69	67.63	52.50	102.43	68.86	76.45	50.53	69.96	62.59	56.56	55.55	56.13	62.32	59.48	61.37	52.33	60.07	51.65	21.72	66.43	82.47	80.05	74.72	91.43	96.14	31.62	116.29	97.99	75.73	37.66	14.50
79.35	57.34	58.13	59.33	56.11	33.02	68.52	65.23	64.30	66.42	61.13	58.59	71.31	61.13	60.83	72.77	0.10	0.00	3.67	0.62	3.44	2.98	4.24	22.31	11.76	62.87	61.85	21.62	31.82	40.55	84.25	57.70	53.54	109.66	83.47	91.88	51.95	66.23	59.09	66.89	49.05	52.37	60.91	61.14	65.15	53.82	70.33	46.09	21.19	68.07	96.93	69.65	79.41	96.88	112.83	30.23	125.47	91.17	92.99	38.55	13.85
69.98	64.03	60.96	75.75	55.54	31.29	74.26	56.81	72.11	70.71	70.46	60.20	59.95	59.94	66.74	85.60	3.67	3.49	0.00	2.63	2.69	2.73	6.44	17.88	8.47	55.26	59.62	22.00	32.21	43.84	80.18	57.62	66.83	95.55	85.43	83.79	52.32	75.25	68.42	59.97	61.04	63.52	62.62	54.73	61.69	61.27	60.45	53.27	23.31	59.91	90.27	79.60	67.59	92.09	100.85	30.77	118.13	90.91	88.87	31.60	9.30
81.99	66.13	56.05	69.56	56.55	38.77	60.34	52.67	69.81	62.19	62.83	61.42	72.95	60.91	61.88	69.90	0.64	0.64	2.54	0.00	2.79	3.30	5.64	20.88	13.56	56.49	57.51	22.14	29.27	41.80	82.32	66.38	57.39	98.11	70.52	85.93	48.60	69.60	63.07	58.08	60.25	55.73	63.35	50.89	58.14	54.62	70.16	48.84	24.20	71.67	83.78	68.38	82.53	111.59	98.15	31.88	104.50	85.49	86.27	37.10	13.21
87.74	58.88	54.55	68.89	68.69	33.93	78.02	69.64	65.57	65.87	64.59	60.48	63.48	63.50	58.70	72.14	3.18	3.55	2.41	2.73	0.00	0.46	4.28	23.30	10.96	52.89	58.13	22.17	27.74	44.26	79.17	71.68	56.21	117.17	82.19	95.64	57.78	68.44	66.61	58.57	61.83	55.69	67.39	56.86	72.30	54.06	65.52	53.82	27.93	62.26	87.48	83.22	82.80	100.24	97.93	25.77	130.28	95.76	88.76	38.06	10.48
85.27	59.46	62.68	64.33	66.44	29.80	73.81	57.15	59.80	66.30	61.25	67.50	67.93	68.43	65.42	85.21	3.14	3.63	2.88	2.69	0.53	0.00	3.14	20.53	12.88	59.55	58.79	22.79	33.24	37.00	81.31	66.10	67.06	101.04	75.68	94.69	53.00	71.77	59.18	72.31	62.51	65.19	72.02	62.60	61.75	51.24	73.47	45.86	28.47	70.22	85.29	78.50	86.13	105.80	111.40	29.90	130.49	88.77	94.98	32.59	12.73
68.29	71.64	54.57	65.80	56.70	37.54	72.00	68.18	65.60	55.70	68.08	69.67	76.63	75.16	60.76	82.48	4.39	4.97	6.19	5.63	4.26	3.21	0.00	28.63	13.92	63.91	65.46	24.68	33.61	34.94	88.51	74.14	60.22	100.70	87.27	81.18	51.05	68.68	58.16	63.43	62.13	58.42	62.73	60.23	74.78	63.60	75.03	46.70	23.61	70.88	83.99	68.19	72.14	105.01	98.15	25.06	128.62	105.10	98.36	41.22	17.76
60.61	55.23	41.73	57.00	46.07	54.62	60.30	45.63	48.04	49.72	61.43	59.92	51.35	50.02	50.38	64.01	23.26	20.00	20.14	22.75	22.78	23.28	26.08	0.00	19.47	55.53	55.94	0.52	17.20	59.14	72.64	59.07	56.36	99.30	62.27	79.06	43.11	55.23	60.63	55.78	41.90	43.71	50.23	41.61	61.95	42.67	48.00	44.07	20.62	55.15	77.97	63.67	62.97	80.16	90.24	50.60	110.84	71.94	67.06	45.36	16.03
87.61	69.05	60.55	76.82	61.62	33.53	78.67	58.31	75.69	63.03	73.35	76.07	79.03	60.61	61.80	72.96	13.85	11.12	9.84	11.74	13.03	11.54	15.33	16.96	0.00	67.16	72.79	15.42	19.80	60.16	80.07	65.10	61.59	108.29	85.94	103.59	54.36	75.69	67.40	63.13	53.78	69.31	64.00	63.69	68.36	59.56	62.11	49.61	28.62	66.72	98.47	76.32	86.72	109.54	93.25	44.47	124.58	97.29	85.29	27.60	0.75
46.49	37.23	49.81	45.63	33.60	91.87	38.31	43.13	36.54	36.18	48.77	44.43	38.84	41.84	40.75	54.48	55.90	56.42	58.17	55.24	53.13	59.84	63.70	69.24	72.17	0.00	0.59	68.45	80.76	59.43	61.19	39.18	25.77	101.62	51.26	49.97	50.51	41.16	38.30	42.06	33.21	47.54	42.54	44.95	37.85	53.34	42.48	22.98	45.76	38.81	54.30	53.10	54.65	91.16	89.33	44.74	85.24	86.02	105.07	93.53	74.83
46.67	32.57	43.40	42.71	31.30	78.25	39.92	48.12	41.58	37.24	47.08	36.59	46.31	38.24	33.95	43.72	58.56	61.24	59.81	59.80	55.36	62.87	60.69	69.25	62.76	0.59	0.00	59.63	73.26	58.06	61.11	47.37	22.46	95.33	44.36	60.91	51.37	42.05	40.40	38.30	39.81	38.75	42.46	49.70	43.21	54.20	39.03	23.32	45.96	45.50	47.39	53.72	52.42	78.33	87.58	40.45	82.48	91.18	87.02	92.78	62.59
65.48	49.59	46.41	61.57	54.40	55.59	58.27	42.29	47.90	49.03	55.73	55.20	62.40	58.35	49.82	66.78	20.00	18.75	20.05	22.68	23.17	23.49	28.21	0.54	18.99	65.44	55.58	0.00	17.02	63.42	72.67	51.96	52.25	97.04	70.40	86.53	34.43	55.43	52.21	57.32	43.54	41.90	55.22	47.38	57.42	37.52	56.39	41.23	20.80	56.26	74.22	56.15	61.90	74.59	78.44	49.16	93.27	74.06	65.07	40.05	15.98
76.18	68.46	54.15	66.55	65.52	47.45	72.59	55.92	70.05	60.16	66.32	61.60	69.47	59.63	61.14	76.34	28.74	30.33	26.14	28.94	34.23	34.89	38.53	15.12	22.03	78.73	88.08	15.32	0.00	71.94	78.96	72.57	63.75	97.73	77.18	97.53	46.10	71.33	69.55	65.28	60.87	66.58	61.70	52.71	76.28	43.45	66.26	60.69	33.16	61.76	89.68	76.15	67.85	95.50	93.29	52.63	109.76	88.63	63.94	36.43	23.30
94.37	84.18	72.77	90.37	74.54	42.16	97.69	86.65	85.55	74.61	94.44	93.01	90.19	93.53	84.19	88.46	47.02	38.54	42.25	48.18	41.70	42.77	35.07	54.46	56.94	50.60	54.99	66.96	83.12	0.00	110.35	78.84	70.28	135.51	92.72	95.37	90.58	79.33	73.58	78.91	73.44	86.63	86.37	88.34	74.70	88.37	84.96	59.88	58.40	76.56	97.38	103.57	98.35	142.07	126.06	22.00	126.27	128.33	119.48	65.22	58.30
15.90	27.55	21.81	23.53	28.67	132.61	17.96	22.75	20.27	30.81	18.82	20.56	19.70	25.31	26.20	12.69	73.79	87.00	93.16	88.21	96.95	77.95	82.89	64.53	76.07	64.57	59.44	72.91	84.45	98.76	0.00	21.77	34.69	33.03	13.28	17.66	30.11	22.27	22.65	22.63	31.51	23.48	21.66	25.08	23.68	32.70	24.34	48.07	64.86	25.27	27.34	13.25	13.46	20.78	31.33	96.10	35.65	23.78	42.18	112.35	76.33
12.54	7.71	7.90	1.31	8.04	110.17	2.82	9.16	1.40	8.49	2.62	2.45	2.03	0.91	3.62	10.87	67.51	64.93	65.06	63.76	66.08	70.68	68.24	52.04	63.77	38.59	44.69	50.55	73.88	92.48	19.48	0.00	18.90	52.12	10.02	23.59	18.10	1.21	3.16	3.28	9.36	6.71	1.17	9.08	1.27	20.35	0.42	25.73	41.89	1.15	26.23	9.68	11.86	42.80	51.15	66.57	60.44	41.83	49.79	111.23	67.70
23.18	11.36	25.79	19.80	10.16	84.77	21.14	23.96	15.92	12.02	19.16	19.22	16.47	16.55	14.26	26.57	55.80	64.09	57.30	55.12	64.14	55.19	55.81	59.48	67.98	21.76	21.02	54.90	72.33	70.34	43.74	20.14	0.00	64.03	27.18	32.14	29.77	18.56	17.37	15.35	17.29	18.74	18.85	21.01	20.59	34.85	16.94	12.94	35.04	17.69	33.63	24.45	27.17	64.57	68.16	47.72	77.80	67.49	76.34	100.56	72.09
48.61	59.25	51.67	46.86	54.15	153.47	46.70	52.43	49.05	62.15	53.31	58.90	56.71	49.26	49.60	51.10	104.99	103.43	111.81	109.69	102.38	115.92	100.92	91.34	110.73	104.84	97.63	88.69	87.83	146.47	34.52	51.57	79.27	0.00	45.70	47.91	48.73	57.85	60.82	55.29	59.50	54.97	53.56	60.27	46.66	54.39	58.28	79.38	90.96	59.18	52.02	49.03	47.56	10.63	0.50	112.04	19.73	12.46	33.84	147.30	95.15
0.86	14.29	18.10	9.41	15.37	117.21	9.41	19.53	11.07	15.75	7.83	8.56	9.16	11.31	10.67	0.37	66.97	66.05	74.27	79.23	86.53	74.59	71.07	57.35	84.41	46.14	48.24	58.50	66.72	94.45	15.54	11.31	22.11	45.93	0.00	11.33	25.92	10.72	12.60	11.74	18.61	15.45	11.54	17.65	10.65	26.27	11.65	33.57	51.70	12.84	18.45	0.34	0.38	33.99	44.23	80.02	40.49	38.73	55.10	114.44	79.09
13.91	31.41	34.34	20.77	26.24	128.20	20.11	27.93	26.10	31.29	23.64	20.90	21.88	25.29	24.37	12.41	85.00	88.36	89.95	85.94	81.26	87.72	92.18	79.06	99.93	52.64	52.62	68.45	90.80	94.15	17.66	22.59	36.78	49.40	11.29	0.00	41.66	23.45	22.80	26.60	34.79	27.36	22.81	29.67	20.38	39.58	27.23	49.20	65.39	25.64	9.17	14.23	13.72	35.67	46.99	91.41	37.78	43.77	57.55	127.05	84.19
29.18	20.74	11.26	23.12	25.33	90.45	23.38	10.39	21.15	24.00	20.85	19.88	22.53	17.49	23.64	30.65	49.30	56.59	52.50	55.32	59.31	60.46	52.80	36.63	57.87	56.20	58.18	37.66	54.57	78.50	31.65	17.75	35.81	60.94	25.48	38.76	0.00	21.45	18.81	21.19	14.35	15.74	21.52	11.59	20.25	0.28	19.04	29.75	29.69	19.10	42.59	28.20	25.83	42.11	49.78	64.23	64.66	40.87	44.16	76.39	54.01
10.59	8.22	7.94	0.43	8.71	104.25	1.59	9.54	1.08	8.24	1.53	1.50	1.05	1.40	2.97	10.15	58.31	61.70	62.51	59.39	65.96	62.60	71.82	49.99	74.07	39.62	39.55	49.82	74.86	86.01	20.49	1.02	17.60	60.37	10.55	22.58	20.41	0.00	2.57	3.27	9.73	7.04	1.41	9.27	0.23	22.94	1.67	25.80	45.71	1.67	24.72	8.87	10.69	44.26	53.36	71.94	53.45	39.82	59.87	92.52	61.46
12.43	4.59	9.38	2.92	5.68	98.29	4.78	10.12	1.59	4.49	4.10	3.36	3.64	1.89	0.45	12.56	61.85	62.07	64.04	70.18	61.44	60.35	70.86	51.24	71.84	39.32	36.04	57.19	71.66	77.43	24.86	2.71	17.39	63.32	12.81	22.14	24.19	2.66	0.00	0.40	9.49	7.39	1.59	10.49	2.81	20.03	3.04	23.60	42.72	1.58	26.42	11.11	12.76	48.00	62.96	68.77	52.91	43.83	51.60	96.07	73.30
13.29	4.91	9.17	3.16	5.66	102.60	5.06	10.33	1.74	4.46	4.39	3.91	3.97	1.72	0.72	11.63	65.93	63.13	60.68	63.02	69.76	57.78	71.70	47.70	73.57	36.48	35.66	54.48	67.06	82.44	22.97	2.91	16.25	57.89	10.99	27.46	18.46	3.38	0.40	0.00	8.06	6.49	1.64	9.04	3.18	23.97	3.62	23.19	35.98	1.97	26.56	12.38	13.11	49.45	60.50	61.43	50.69	52.10	55.84	95.49	69.29
18.09	8.52	6.64	9.69	8.19	93.98	9.88	6.50	9.86	7.04	12.16	11.89	11.68	7.91	8.40	18.98	48.27	60.57	55.67	51.87	56.86	56.73	60.39	40.90	62.81	42.05	42.01	47.63	57.01	79.67	30.83	7.98	17.39	59.25	18.67	32.19	17.46	9.88	9.27	8.86	0.00	4.52	8.56	6.78	8.85	17.84	8.29	16.37	34.44	8.19	32.19	20.66	21.14	52.46	66.49	59.75	59.40	56.36	61.98	93.90	65.36
18.98	8.82	2.17	7.78	8.80	85.53	7.93	3.31	6.36	8.68	7.31	8.21	7.67	6.26	7.02	18.57	50.99	54.14	66.79	65.51	61.01	57.60	63.33	42.85	56.54	40.91	38.98	54.36	61.73	76.01	23.80	6.32	18.10	55.59	17.70	31.49	14.70	6.71	7.04	7.86	4.13	0.00	6.86	2.55	6.97	14.82	6.29	22.60	37.88	7.02	31.79	17.92	17.94	49.21	54.59	55.31	65.11	48.12	46.84	100.73	68.03
10.53	6.53	8.36	1.69	7.36	97.50	3.53	9.09	0.52	7.60	3.38	2.31	2.34	0.10	2.14	11.39	69.07	70.20	59.22	56.90	65.13	72.90	62.19	47.90	62.51	46.05	45.84	50.09	61.71	84.94	21.40	1.16	16.15	57.44	10.65	22.21	18.79	1.34	1.86	2.10	9.03	6.53	0.00	7.92	1.72	19.07	1.52	22.69	37.77	0.21	24.06	10.01	10.35	48.17	51.85	68.30	60.66	49.39	60.53	94.44	73.53
19.62	14.08	0.55	9.35	12.23	84.41	10.18	0.61	10.67	13.55	10.83	10.72	9.21	9.99	9.57	20.11	54.72	63.12	67.51	54.05	67.41	60.42	65.77	42.35	58.37	42.45	47.37	44.65	51.59	77.21	24.37	8.60	20.35	58.05	20.25	34.57	9.97	9.68	9.72	9.31	6.41	2.64	8.31	0.00	8.60	10.96	8.74	23.30	38.83	8.03	38.71	16.59	15.86	44.82	56.14	62.13	63.50	37.95	53.53	88.60	62.07
9.33	7.19	8.57	0.42	9.71	90.92	1.51	9.46	1.49	8.21	1.45	1.49	0.84	1.59	3.77	9.00	68.36	69.29	63.13	70.63	61.08	71.14	65.65	60.59	61.26	44.89	37.01	51.97	62.85	85.88	23.31	1.11	18.08	58.72	8.82	20.15	21.56	0.27	3.42	3.38	10.97	7.45	1.65	9.27	0.00	18.78	1.58	26.86	45.68	1.94	26.54	9.67	8.94	47.77	51.81	63.54	55.00	41.26	57.55	97.35	77.68
28.93	26.59	10.93	20.79	24.38	92.61	23.71	11.56	18.95	22.26	20.43	24.32	24.19	18.32	24.31	25.35	54.34	48.27	57.38	48.77	49.54	50.43	52.87	36.62	53.15	46.17	53.38	33.85	48.71	90.11	28.67	18.07	34.28	59.65	26.84	40.26	0.27	18.86	21.18	22.36	14.55	14.45	22.36	11.56	21.56	0.00	21.52	31.22	35.84	20.27	46.45	29.82	25.83	42.58	59.19	57.28	64.11	45.14	44.89	78.42	52.16
10.56	8.38	8.15	2.11	8.03	109.61	2.95	7.24	1.95	8.54	2.69	3.19	2.53	1.35	3.35	13.06	71.60	59.62	70.79	59.53	73.08	68.52	66.43	53.68	70.41	38.21	40.15	49.63	57.58	90.45	22.76	0.43	20.77	50.94	11.32	21.70	21.00	1.60	2.97	3.16	7.90	5.01	1.34	7.48	1.61	20.87	0.00	24.50	37.70	1.32	29.94	9.68	12.70	39.72	59.91	64.44	54.81	43.80	49.60	105.09	74.84
33.21	18.58	23.67	25.92	18.07	71.92	28.32	26.79	22.88	16.65	25.43	24.55	28.67	21.14	22.23	33.07	49.67	46.99	43.85	47.41	49.53	50.73	48.94	40.77	56.30	23.52	24.06	40.08	59.08	54.06	51.44	22.72	14.96	68.74	36.35	45.08	28.05	24.47	22.97	19.91	16.50	23.58	21.17	26.16	24.91	31.89	24.65	0.00	24.18	26.68	48.74	32.05	37.21	60.65	79.50	39.87	71.56	76.14	74.84	80.25	50.68
47.58	40.18	36.51	46.57	34.98	65.85	37.31	38.34	41.68	33.29	44.75	43.60	46.11	44.91	39.79	56.60	23.19	21.15	24.29	26.30	28.86	29.21	24.72	20.41	29.07	45.84	38.26	23.46	34.27	57.23	54.48	43.73	34.40	86.22	47.61	58.92	31.11	38.68	40.97	36.04	30.06	38.68	35.88	35.25	42.41	30.22	44.01	22.92	0.00	39.36	68.54	55.65	54.12	85.09	93.27	33.07	82.71	70.18	76.54	57.11	29.56
11.28	5.91	7.27	1.79	8.07	111.55	3.46	8.88	0.63	7.08	3.62	2.89	2.70	0.16	2.42	12.46	65.56	58.56	74.04	60.33	72.00	60.24	72.49	49.03	64.33	38.31	44.72	52.47	67.73	83.39	21.83	1.18	16.69	49.27	12.91	23.31	19.63	1.39	1.73	1.93	7.38	5.91	0.18	8.20	1.63	22.35	1.39	20.81	41.67	0.00	26.36	11.28	11.50	50.20	60.39	58.15	53.00	51.92	56.15	108.06	77.50
16.49	29.10	31.28	22.52	33.12	123.15	26.34	31.95	23.27	28.33	26.41	23.45	27.51	28.83	23.16	17.19	91.22	100.43	101.98	98.80	99.87	99.86	88.46	82.54	103.65	46.34	47.41	84.46	105.35	115.25	22.68	25.41	32.67	59.70	16.88	9.87	49.82	28.86	23.63	30.48	30.76	30.15	29.25	35.90	23.49	42.47	24.58	42.40	69.26	30.65	0.00	18.13	17.93	44.38	53.69	89.02	49.29	54.02	73.36	123.93	91.63
0.77	13.97	15.35	10.76	19.06	124.33	8.93	16.37	9.87	17.14	9.38	8.27	9.18	12.31	10.39	0.59	75.48	72.45	73.62	74.18	86.85	77.40	85.65	66.10	75.78	52.05	43.25	60.63	69.78	90.79	13.01	9.76	23.05	43.35	0.36	14.46	28.97	10.02	11.41	11.25	20.61	14.73	11.64	16.20	8.42	29.52	11.71	30.49	46.78	11.50	18.27	0.00	0.71	35.02	46.75	81.61	44.52	45.13	58.52	104.73	71.00
1.08	16.45	18.43	10.02	15.55	115.83	7.77	16.90	10.99	14.53	7.86	8.95	10.23	10.19	11.29	0.38	78.52	79.24	85.75	74.78	73.41	68.26	78.14	65.41	86.50	46.38	53.44	58.33	80.34	103.05	12.56	11.08	24.96	49.80	0.33	11.96	24.24	9.99	10.68	13.17	21.23	15.52	10.94	20.29	10.56	28.61	10.54	34.24	54.43	12.08	20.49	0.76	0.00	38.49	41.22	74.10	41.65	40.57	47.79	96.36	85.49
43.09	57.46	42.63	41.80	47.92	138.99	42.72	47.25	40.78	46.51	38.27	47.72	38.97	49.08	51.90	40.31	97.47	87.05	94.59	101.12	96.22	109.43	115.72	76.05	111.89	76.29	83.05	83.83	99.66	127.94	25.87	43.93	60.12	8.57	37.63	34.19	48.08	41.60	44.19	52.80	50.00	45.36	50.46	43.73	47.75	42.00	45.08	72.20	83.59	51.82	43.25	34.69	39.48	0.00	9.53	106.11	20.72	12.37	30.96	133.80	95.09
42.29	59.39	54.30	46.70	54.84	138.44	52.81	60.08	52.93	63.80	50.58	54.95	51.72	50.28	54.26	50.83	113.54	100.50	106.40	95.90	101.63	104.05	123.11	90.36	117.16	89.94	97.67	97.62	81.95	121.49	34.10	51.27	75.45	0.48	45.06	47.34	57.47	49.33	49.04	58.63	54.81	54.53	56.93	47.42	57.40	46.94	56.33	85.36	86.39	56.34	54.49	53.20	51.33	10.34	0.00	114.24	22.97	12.57	31.69	140.19	118.74
66.08	55.29	64.48	71.28	50.59	49.52	60.72	54.77	61.76	59.43	58.14	69.58	73.21	60.88	59.40	77.21	29.18	26.58	29.99	30.28	26.35	26.71	28.74	44.85	44.80	41.71	39.56	42.67	53.60	18.82	94.63	59.78	57.85	123.79	75.72	94.67	62.24	65.12	63.09	59.16	55.74	66.60	61.73	62.18	57.48	58.04	71.65	41.26	34.98	56.86	79.52	69.20	71.37	102.07	125.73	0.00	116.33	98.10	106.04	52.36	42.52
41.24	59.75	64.32	49.29	58.25	166.76	53.07	60.30	49.59	55.08	59.17	56.70	49.77	49.84	54.98	47.63	116.30	117.01	118.28	111.25	120.32	112.38	133.01	104.68	117.50	87.01	97.75	95.00	98.14	153.32	36.49	54.31	71.39	21.98	44.51	31.70	56.10	51.60	62.41	57.16	68.22	65.64	53.75	54.87	53.31	68.63	55.07	82.65	101.34	56.62	45.66	40.60	47.59	19.74	23.11	129.52	0.00	32.63	55.16	132.18	131.11
38.48	52.59	45.30	50.62	54.48	144.51	43.13	45.24	44.78	47.15	47.67	50.96	43.35	48.99	52.97	43.02	91.68	92.32	98.34	98.56	107.82	108.91	94.22	66.72	103.10	78.43	83.14	67.50	90.52	138.72	25.83	50.66	60.01	13.49	44.33	42.14	45.76	43.32	41.58	45.64	53.01	46.39	48.09	46.14	43.59	43.54	39.90	66.47	80.00	49.70	55.08	39.61	37.00	10.81	12.27	101.27	33.07	0.00	19.41	133.39	97.53
54.11	62.60	43.42	47.02	66.32	127.61	51.89	42.48	54.46	58.01	46.70	56.16	52.48	50.15	56.87	47.35	76.85	79.52	82.53	79.60	99.97	92.75	88.18	68.78	78.53	86.46	89.55	60.85	65.42	116.65	38.29	58.38	65.86	35.10	47.30	61.52	38.09	50.47	60.40	62.92	57.45	48.40	56.86	43.12	55.73	45.18	57.88	67.02	64.07	52.80	61.49	55.24	53.01	32.19	30.81	112.94	53.25	18.98	0.00	100.60	90.79
98.42	101.95	99.33	90.28	86.78	23.78	93.50	87.34	107.59	89.14	113.59	110.26	106.34	97.29	104.50	103.38	40.19	37.76	33.75	34.32	34.37	30.90	38.83	41.24	31.38	103.94	87.02	44.33	45.32	69.38	110.73	100.14	101.54	139.80	110.11	122.39	92.00	110.02	89.48	86.50	81.80	82.36	98.80	84.51	98.16	88.04	98.64	82.10	55.12	88.56	139.19	101.30	107.89	143.43	124.96	57.47	157.56	114.57	108.10	0.00	27.77
74.95	69.84	67.48	70.68	59.12	35.02	62.95	69.37	79.04	73.20	63.43	75.93	75.34	77.77	74.64	76.50	12.76	14.42	10.59	10.83	12.17	13.89	16.43	19.66	0.78	67.05	70.88	17.97	22.33	53.13	76.24	64.24	71.92	115.74	87.15	98.74	61.50	76.18	71.80	64.07	62.79	64.28	69.62	58.82	79.98	48.79	67.38	55.12	30.23	62.05	108.12	70.19	77.09	96.39	106.26	38.59	106.36	104.42	88.24	31.07	0.00
~
Delivery quantities;
6 7 12 1 18 1 4 14 4 16 9 4 0 1 0 9 4 0 0 1 0 2 6 1 3 8 4 4 2 1 4 2 1 0 2 1 1 1 2 4 0 0 2 0 2 1 2 2 1 4 0 2 4 4 1 0 2 0 2 1 
~
Pick-up quantities;
24 12 12 0 48 0 42 20 0 4 24 0 6 0 12 18 8 6 8 0 24 8 4 0 4 24 0 16 12 0 12 8 0 4 12 4 12 0 4 8 8 8 4 12 12 0 8 6 0 6 6 12 8 8 8 6 8 6 0 0 
~
Vehicle capacity; 
120 120 120 120 120 
~

