Cost matrix;
0.00	13.34	14.24	5.07	0.16	5.43	0.94	9.83	12.63	0.44	9.46	8.97	16.54	15.95	82.75	73.34	68.26	53.02	77.47	109.55	72.79	59.39	65.14	71.01	53.35	115.65	94.67	109.30	22.56	13.28	30.95	40.77	7.96	11.42	99.95	108.27	82.37	123.96	86.15	83.83	79.83	101.52	46.59	39.96	52.18	69.00	64.94	58.98	47.12	45.26	16.57	37.76	16.35	70.05	104.91	77.71	82.01	89.63	48.68	58.06	37.21
11.72	0.00	7.75	6.60	12.25	6.56	13.04	3.37	5.34	10.53	3.31	3.14	8.41	3.10	60.20	55.70	68.70	45.08	64.61	97.94	55.24	50.41	52.22	77.74	38.25	91.35	89.62	92.62	34.67	0.52	39.91	49.88	8.05	2.59	95.31	89.87	76.67	105.17	81.76	64.82	83.27	98.35	61.44	39.65	62.83	60.22	54.80	52.04	49.87	48.58	25.09	47.23	29.10	62.85	86.79	60.56	72.84	77.33	48.71	53.88	30.79
11.32	6.33	0.00	10.41	11.76	6.87	11.67	4.38	11.52	13.02	4.79	6.49	4.89	7.42	71.52	56.70	69.42	40.26	62.07	95.93	47.75	59.14	46.87	60.80	48.68	88.25	85.25	102.36	27.30	6.79	41.75	45.83	4.25	4.62	108.54	97.97	74.31	105.16	78.25	66.68	74.56	95.58	54.95	39.51	49.61	56.65	52.91	44.43	53.02	50.37	32.99	49.18	29.59	62.42	100.74	57.74	78.14	102.06	48.01	53.64	30.05
5.08	6.72	9.36	0.00	5.75	3.17	6.57	5.41	8.15	4.99	6.42	4.46	13.74	9.46	79.70	62.71	60.91	48.47	77.07	95.22	63.31	63.95	59.05	84.40	40.78	111.95	99.54	94.77	31.29	8.09	39.27	40.58	8.69	7.93	116.97	90.16	83.66	106.78	82.11	69.72	86.82	107.06	54.79	43.98	54.52	56.41	61.27	48.17	41.86	41.97	18.35	37.94	20.56	76.82	92.25	72.39	78.97	96.00	57.73	52.80	44.08
0.17	10.61	12.38	6.01	0.00	5.78	0.62	11.02	12.44	0.47	9.56	8.64	16.53	14.73	73.91	76.69	77.27	51.07	83.11	89.01	61.55	63.94	69.37	86.16	43.46	105.28	104.40	114.62	20.88	13.30	26.67	42.49	9.51	11.42	117.27	104.60	90.20	108.87	104.02	84.70	98.17	114.84	41.34	36.21	45.56	68.39	63.65	48.52	41.56	38.52	19.38	37.14	18.49	84.17	109.43	66.65	100.50	103.92	62.07	53.31	39.75
5.64	6.48	7.39	2.87	6.53	0.00	5.86	4.70	10.56	5.29	4.33	3.43	10.11	9.18	73.45	74.65	60.67	50.58	61.92	83.99	58.34	66.18	52.65	68.90	40.30	89.53	88.22	101.11	24.55	6.62	37.24	41.79	5.21	6.04	118.63	105.56	97.49	95.14	94.11	88.76	78.00	113.41	48.70	37.20	51.19	62.89	53.93	55.22	50.77	44.50	23.48	44.94	22.45	60.39	90.41	63.12	94.74	87.80	56.17	54.14	32.56
0.85	12.01	13.24	5.89	0.75	6.24	0.00	9.07	15.54	0.99	9.39	9.45	16.28	14.92	78.31	71.10	72.46	52.78	71.11	107.33	69.09	70.30	63.58	72.10	45.60	116.96	91.93	94.98	22.09	13.45	29.69	39.94	7.97	10.25	104.66	106.08	88.05	122.97	103.75	92.60	79.37	122.35	40.57	34.67	48.98	65.38	63.19	50.21	39.62	47.21	19.60	38.96	18.64	78.92	103.10	66.34	84.56	90.37	59.53	55.53	40.56
8.93	3.16	4.81	6.10	9.61	4.48	11.15	0.00	8.84	8.60	0.51	1.52	6.43	6.55	71.62	69.50	59.52	41.85	70.23	87.55	51.40	60.45	57.51	63.14	47.30	83.77	101.38	92.35	31.22	3.02	39.20	48.88	5.51	1.56	114.95	90.88	73.57	106.68	74.40	81.70	84.20	102.70	60.55	40.57	47.02	63.54	47.84	53.11	48.21	49.01	23.04	42.45	24.83	60.35	87.55	57.56	90.61	91.97	45.27	47.13	36.13
11.97	5.54	12.65	8.65	15.39	8.89	13.07	8.99	0.00	14.45	7.84	7.89	13.77	6.41	70.65	59.36	62.23	47.11	57.96	86.85	61.35	51.17	58.01	66.16	36.54	83.42	90.75	81.65	32.91	6.72	49.11	50.69	14.92	9.07	115.49	92.61	80.18	92.45	82.33	76.49	84.29	86.41	61.38	53.19	55.23	62.03	56.89	51.64	54.39	47.62	24.05	50.06	23.77	68.72	84.38	54.75	72.33	95.15	59.98	70.23	42.10
0.47	12.08	14.08	5.11	0.42	6.05	0.89	10.18	14.95	0.00	8.68	7.59	16.95	15.64	74.27	73.71	68.00	60.32	79.14	95.90	59.43	59.74	69.13	73.17	43.61	91.93	97.63	100.79	23.47	11.42	32.75	43.54	9.10	12.43	108.11	111.86	82.66	103.43	82.84	90.96	87.47	119.67	44.81	32.23	43.18	69.98	57.95	57.10	42.82	45.27	17.33	34.55	18.92	74.47	105.24	65.71	91.73	96.59	62.60	56.45	45.71
10.41	3.30	5.45	6.60	10.72	4.20	10.11	0.46	8.36	10.37	0.00	0.94	6.76	5.39	63.17	64.65	56.69	51.33	65.37	80.63	57.15	58.37	50.10	72.82	40.02	99.21	81.56	86.84	27.26	3.20	40.62	49.33	5.39	1.38	107.85	81.22	81.27	112.93	92.18	78.86	79.05	102.86	56.96	41.34	48.13	60.20	49.68	47.52	48.20	49.84	28.44	41.50	27.89	60.78	79.22	56.65	82.83	92.40	45.71	47.25	35.98
8.63	2.88	5.31	4.89	8.55	3.36	9.27	1.33	8.84	7.71	1.21	0.00	9.38	5.42	66.72	65.88	70.27	48.24	67.80	86.06	56.05	53.21	63.16	63.28	38.73	100.08	91.62	84.14	31.60	3.50	43.78	42.55	5.27	2.29	90.12	92.80	84.10	100.43	81.34	66.53	82.62	88.02	49.85	39.13	51.46	56.84	63.38	52.67	50.35	53.77	22.84	41.16	22.39	61.74	97.63	58.89	86.05	82.85	50.72	49.36	37.17
16.19	7.70	5.29	11.97	18.90	10.03	16.55	7.76	11.49	17.20	6.40	8.12	0.00	7.91	54.78	51.47	60.49	39.63	61.33	83.22	42.77	47.75	49.02	55.31	46.38	86.09	90.99	78.64	32.64	6.61	42.00	54.53	8.85	5.95	89.51	76.04	72.13	106.46	69.72	76.50	76.68	90.98	53.97	39.79	57.95	51.42	52.42	49.43	63.46	56.78	34.67	55.75	33.55	63.55	77.50	55.15	86.98	76.68	49.27	57.32	24.02
14.65	2.90	8.01	8.49	15.39	8.64	16.61	5.85	6.02	13.28	5.69	5.84	6.76	0.00	59.27	58.15	62.61	48.79	67.07	85.67	53.07	47.39	55.07	64.60	35.98	95.65	78.91	98.17	35.66	2.71	42.09	46.94	11.44	4.08	105.02	80.84	88.73	97.79	76.17	66.91	66.80	90.75	66.08	47.93	57.52	50.70	49.88	52.01	50.56	54.35	26.78	43.57	30.74	61.98	86.05	63.45	89.30	95.34	51.39	63.09	37.22
79.04	73.62	65.76	63.41	74.15	67.90	82.63	72.46	65.94	74.01	64.44	70.30	58.85	70.69	0.00	3.47	3.81	44.74	1.44	33.43	22.29	20.96	21.86	32.14	64.46	36.56	32.94	38.78	83.55	72.54	105.68	105.04	72.80	72.95	38.83	25.77	28.00	37.05	31.97	16.46	27.07	38.64	120.92	102.87	97.10	39.56	18.31	56.92	107.11	125.55	85.81	115.86	93.32	33.89	38.00	11.72	31.27	30.65	58.57	85.35	53.33
72.38	61.93	65.77	75.26	68.53	61.93	83.84	62.60	73.09	84.50	67.60	63.88	51.36	57.79	3.22	0.00	4.59	53.22	2.43	34.89	22.80	18.35	18.84	31.61	55.86	39.24	36.01	39.78	89.21	57.00	108.13	121.03	69.38	65.95	41.19	28.94	31.50	42.10	25.59	14.59	27.53	37.36	121.88	87.52	99.78	41.26	21.13	71.37	117.76	102.63	89.95	97.59	82.13	30.89	34.07	10.20	27.37	34.65	63.10	85.16	44.27
77.29	68.56	57.98	71.19	71.68	60.63	77.88	59.67	56.37	77.67	67.87	62.74	58.64	53.21	4.45	4.74	0.00	40.19	3.24	33.41	15.93	14.46	16.41	30.32	56.36	40.21	42.80	42.21	96.76	64.63	105.16	120.21	67.01	62.88	37.75	26.50	29.00	38.22	31.53	20.15	33.27	46.50	121.94	82.65	98.53	43.14	14.70	57.88	106.90	106.79	80.85	123.02	98.16	30.10	39.00	14.75	30.07	37.19	52.71	72.00	39.58
47.38	53.12	44.29	54.42	47.35	46.08	58.63	45.46	49.75	60.01	42.45	48.73	38.82	44.39	49.05	52.10	45.21	0.00	45.79	81.24	29.34	25.82	26.73	31.37	76.96	73.31	76.54	82.13	58.76	48.23	65.86	98.66	47.69	45.01	76.17	58.29	47.10	90.56	79.16	58.14	68.63	89.17	79.91	48.90	60.25	10.29	28.67	15.46	87.23	100.84	70.48	83.20	70.44	64.67	78.00	53.22	82.57	79.48	17.15	43.46	14.05
79.32	67.23	62.63	69.59	67.37	69.64	82.21	71.01	68.71	72.58	62.68	72.80	57.10	69.26	1.81	2.58	3.03	46.34	0.00	36.94	21.39	18.36	17.90	30.63	56.08	35.76	36.79	34.16	82.33	70.12	106.77	118.54	60.12	59.59	39.33	28.50	24.37	41.50	34.54	16.15	27.54	44.36	126.18	98.33	109.34	37.00	20.88	69.71	103.09	118.84	90.58	116.94	101.43	34.14	34.77	13.47	28.89	35.04	69.57	87.32	42.91
100.69	90.36	83.62	107.45	102.91	88.21	93.34	83.14	96.05	89.55	101.36	84.75	86.58	74.50	37.77	37.50	35.72	90.45	34.84	0.00	56.68	58.33	53.16	67.52	72.37	4.62	0.78	5.05	133.24	83.46	142.30	135.53	83.82	86.90	40.34	48.13	47.52	15.11	6.93	19.45	13.12	8.55	160.65	131.24	147.07	85.72	57.56	100.41	131.82	147.85	122.18	148.84	120.17	28.16	0.47	31.96	5.85	0.46	101.35	127.93	78.57
73.42	58.67	50.29	60.44	68.48	64.85	72.35	55.55	56.62	70.25	52.02	51.49	46.38	53.54	22.00	21.07	18.02	30.62	20.18	50.28	0.00	0.28	0.71	17.79	65.10	55.83	57.47	61.92	81.20	50.57	78.27	100.97	61.03	57.92	56.22	38.28	30.28	51.96	47.70	38.84	48.74	64.85	107.95	84.34	80.57	21.47	0.28	46.40	112.90	119.09	86.70	99.44	90.72	41.75	54.10	22.89	47.63	50.94	41.09	71.82	32.23
70.94	52.22	54.15	64.72	56.69	66.33	63.16	55.06	56.10	60.80	50.23	61.75	46.99	47.74	21.85	22.90	14.19	25.53	19.94	55.97	0.30	0.00	0.52	19.70	57.75	60.39	51.98	55.05	83.28	49.93	90.33	91.38	49.77	57.87	51.07	37.64	27.30	51.14	44.36	30.99	41.61	62.07	95.68	67.50	99.96	22.56	0.42	41.91	94.75	103.67	87.47	107.22	73.54	42.61	49.43	26.39	44.88	53.37	38.10	61.59	30.53
58.24	59.54	47.75	69.79	59.96	62.32	58.77	50.71	51.04	71.65	53.13	51.17	43.38	55.70	21.35	19.99	13.88	28.43	17.92	52.83	0.82	0.52	0.00	17.57	67.28	49.69	57.06	54.08	68.37	57.87	95.56	109.53	62.49	58.14	50.79	39.10	26.37	49.69	42.75	36.32	44.65	60.73	100.56	70.90	80.73	24.46	0.89	42.91	94.43	117.29	76.70	89.23	90.32	40.08	51.84	24.99	46.76	55.69	49.36	75.11	26.61
82.41	67.24	63.45	71.77	82.19	68.26	70.27	78.67	81.76	84.90	77.92	75.72	59.35	67.27	34.47	36.46	26.37	30.86	27.98	71.04	21.56	20.81	17.51	0.00	82.43	65.14	64.56	58.92	92.66	67.66	101.38	119.48	71.57	62.73	47.66	27.95	18.40	65.96	62.93	43.24	61.56	67.06	98.33	90.08	87.52	19.13	19.95	41.34	119.82	113.44	108.42	124.94	98.29	56.25	68.06	43.13	63.28	60.35	48.27	60.88	38.76
48.52	40.95	41.49	40.33	52.81	41.98	46.73	37.23	37.54	41.16	36.67	45.59	44.80	37.78	68.66	54.64	62.15	73.61	56.32	70.96	65.47	61.82	71.00	84.42	0.00	72.69	72.12	77.28	69.08	33.87	68.48	76.01	51.79	37.79	103.75	98.38	75.44	86.32	64.17	57.72	59.35	81.20	90.00	75.57	104.51	68.19	57.43	80.67	63.76	74.10	54.68	76.77	46.66	43.93	69.85	44.57	59.61	60.10	83.65	94.84	55.24
94.76	100.40	102.91	92.16	110.94	103.78	98.05	96.92	99.63	113.35	92.84	106.07	94.52	83.33	37.30	35.80	41.49	84.60	41.57	4.22	59.46	63.87	50.47	65.05	80.73	0.00	4.24	0.33	116.75	99.98	147.14	149.92	86.44	103.58	33.37	45.48	56.50	12.87	10.56	22.99	17.69	4.73	161.10	127.26	150.24	72.42	58.56	107.63	131.65	146.23	126.49	147.46	113.59	34.98	3.77	32.79	12.26	3.61	89.83	132.25	84.55
92.59	89.39	83.13	95.76	95.92	103.58	101.16	82.75	98.06	112.99	96.03	91.16	96.07	82.55	32.30	30.70	35.76	86.49	37.08	0.81	54.49	58.91	56.27	69.96	73.64	3.77	0.00	4.21	110.48	79.71	129.96	142.23	90.13	81.89	33.67	50.46	54.71	14.38	7.11	21.12	14.84	8.28	153.29	124.31	150.21	72.17	50.33	96.19	136.86	153.86	117.92	137.10	99.01	30.20	0.44	29.57	7.14	0.26	92.23	132.48	73.06
92.24	95.79	93.98	93.24	114.45	108.95	94.69	106.19	82.04	116.66	102.81	98.99	85.85	88.83	37.34	37.60	44.81	92.26	36.84	4.90	55.90	52.85	51.27	71.56	67.20	0.37	4.56	0.00	114.21	90.07	129.33	127.40	110.11	105.16	30.27	44.40	52.91	12.20	11.78	23.37	18.40	5.11	163.34	120.17	140.70	78.39	58.17	96.14	154.03	158.88	129.11	132.32	124.96	31.99	4.42	32.29	11.09	4.85	90.74	113.03	85.87
21.40	30.05	28.08	29.31	22.13	27.16	21.35	28.74	38.25	23.57	26.62	29.46	32.26	36.69	88.79	90.10	88.96	61.62	87.25	103.08	82.02	69.68	83.08	95.81	72.14	137.65	118.68	122.45	0.00	29.12	15.30	38.10	22.68	35.37	139.90	108.67	94.51	114.45	105.13	104.39	96.06	119.67	22.24	17.36	28.28	69.36	71.51	54.76	47.46	40.46	30.82	30.21	27.22	105.86	133.29	85.52	98.13	119.89	47.66	34.64	42.86
13.68	0.57	6.03	7.29	12.95	6.39	13.29	3.00	6.80	12.26	2.59	3.33	6.90	2.38	68.42	59.45	58.23	43.04	71.46	93.54	51.67	49.84	49.89	64.52	41.78	81.86	77.25	103.78	31.97	0.00	42.23	47.99	8.16	1.85	99.09	89.55	77.84	99.46	91.08	78.65	79.81	93.08	61.14	40.94	60.85	56.06	49.31	54.23	55.89	60.95	26.96	42.02	23.50	56.09	84.64	58.98	80.61	97.08	56.53	49.61	35.63
34.12	46.44	43.08	34.82	26.87	35.63	30.31	43.45	47.90	28.86	41.83	39.50	41.69	48.64	112.41	107.61	101.15	62.41	92.63	145.66	87.39	89.56	87.69	100.83	72.51	145.27	137.36	133.81	12.65	46.50	0.00	22.43	38.91	39.31	141.61	118.12	105.73	148.27	126.50	103.97	123.70	149.69	15.15	28.43	24.40	87.07	87.31	61.31	45.42	30.03	30.68	18.05	30.04	111.13	138.23	93.45	131.94	126.30	63.67	45.49	64.15
42.50	46.17	52.63	47.35	41.80	48.73	35.49	48.56	50.08	43.05	45.27	53.49	62.05	59.34	115.79	104.29	105.79	81.51	128.97	152.47	108.90	97.15	100.93	117.42	69.57	126.82	120.96	132.23	31.42	47.90	23.94	0.00	47.57	48.54	140.47	133.75	144.53	150.88	133.73	115.07	127.47	135.75	28.27	50.91	56.22	102.18	111.75	92.37	17.03	3.55	26.32	7.03	27.06	115.55	151.92	104.24	121.91	124.12	82.87	81.00	80.27
8.91	8.48	4.35	9.07	8.02	4.74	8.01	5.74	12.41	8.59	6.21	6.58	9.70	12.49	77.80	69.00	62.79	43.93	66.62	98.76	52.73	61.59	57.72	71.22	49.53	89.88	102.81	100.96	23.08	7.84	31.86	47.58	0.00	7.09	112.27	88.75	88.46	114.74	98.61	77.88	74.28	111.18	48.02	31.17	50.06	52.04	56.23	46.42	49.96	55.60	27.12	47.12	24.58	68.57	101.84	70.65	96.91	100.17	43.75	46.28	33.60
10.91	2.23	5.05	6.52	10.63	5.18	10.52	1.76	8.42	11.28	1.64	2.76	5.41	4.79	72.42	59.47	70.49	49.40	62.63	93.31	56.54	52.19	52.45	71.54	38.95	83.77	95.40	94.31	30.74	1.94	36.18	51.75	7.76	0.00	98.00	85.11	91.20	93.46	81.16	70.27	79.74	101.58	52.40	37.01	60.66	61.46	60.57	55.30	47.21	59.73	29.05	47.96	28.66	57.96	90.02	64.91	91.66	89.27	53.32	49.04	36.90
108.90	108.92	99.19	94.21	118.93	94.88	100.66	109.47	103.81	119.60	100.93	100.37	88.48	98.19	31.30	36.94	36.94	84.55	33.23	35.21	46.67	55.36	44.31	48.49	95.70	31.40	31.31	36.88	111.04	111.07	130.10	132.84	117.30	91.15	0.00	19.79	32.35	21.03	34.27	29.65	43.49	33.12	158.43	139.32	126.57	71.11	48.89	101.00	168.11	145.01	137.23	164.82	136.08	59.32	38.41	49.05	38.93	36.21	93.88	127.98	77.99
88.29	78.37	95.53	93.91	92.73	82.60	106.54	100.13	93.28	112.22	88.76	89.97	82.77	79.68	30.00	29.39	27.15	54.94	27.55	46.92	32.30	37.12	31.48	30.62	98.66	48.53	50.41	44.91	117.21	83.84	125.40	154.12	101.97	93.50	18.73	0.00	11.79	34.38	49.63	33.07	40.50	43.70	137.43	106.98	135.36	43.06	38.09	63.43	132.64	127.82	102.79	136.34	103.00	63.07	43.72	42.83	41.20	41.58	81.02	103.90	69.80
100.42	76.77	71.61	92.39	80.92	81.21	89.66	75.97	80.03	91.70	93.41	83.65	80.15	83.20	24.46	26.66	25.16	44.71	29.69	53.71	30.60	26.35	29.65	17.30	86.47	48.26	50.98	60.87	103.92	79.17	109.68	133.60	76.65	70.92	34.27	14.03	0.00	42.58	52.73	42.44	52.42	60.46	121.56	107.37	102.65	34.20	28.16	56.79	142.23	146.24	99.07	114.07	109.22	56.83	52.42	44.66	47.52	55.71	62.19	79.86	47.13
116.62	100.14	104.22	98.95	101.73	103.57	115.27	91.96	102.51	119.00	92.79	107.80	91.74	104.00	37.48	33.74	40.27	86.50	37.92	14.91	55.78	50.07	51.13	69.63	93.22	14.75	15.12	11.79	112.31	90.27	127.89	137.09	99.73	102.00	20.20	40.63	50.83	0.00	22.43	27.44	27.74	16.59	141.56	126.70	132.14	72.42	58.02	106.43	163.62	168.55	120.91	136.93	127.37	48.55	17.07	36.16	22.56	17.88	99.94	119.64	81.35
101.94	89.25	89.36	80.59	89.47	96.76	103.38	89.29	80.36	85.36	80.30	75.55	73.35	75.06	28.09	29.14	29.24	84.19	30.30	6.27	48.54	51.62	43.38	66.29	64.96	12.06	8.20	10.27	117.50	70.76	117.79	143.02	87.15	77.99	36.16	45.77	56.52	20.94	0.00	15.62	6.93	15.34	127.39	130.00	126.36	81.29	54.25	86.10	135.79	120.44	101.89	120.99	117.17	22.23	7.77	24.96	0.44	7.79	97.84	128.06	73.35
86.54	81.13	66.53	75.26	76.40	79.38	87.48	74.73	81.59	88.82	71.16	78.49	63.25	70.65	16.88	15.00	20.73	62.14	15.99	20.33	34.25	32.95	33.51	45.73	54.95	19.72	19.79	23.21	92.86	74.22	111.52	119.21	82.95	70.77	32.37	31.06	35.65	23.18	12.97	0.00	10.02	27.79	138.54	106.23	103.80	50.24	34.11	72.55	109.21	126.03	98.81	107.71	103.01	24.80	17.67	12.75	15.36	20.73	86.97	113.09	60.96
81.01	85.16	71.47	74.65	76.10	78.05	93.78	75.55	83.54	88.09	79.52	88.10	64.34	63.74	26.10	23.65	28.28	72.50	29.25	11.78	47.79	41.51	40.95	61.68	60.83	15.80	13.42	19.07	92.68	74.78	109.73	136.69	84.10	70.03	43.29	42.53	45.53	29.30	6.43	10.17	0.00	22.45	142.88	97.10	139.96	68.90	47.92	79.67	130.31	113.04	108.08	126.64	89.42	15.26	12.54	19.99	6.05	14.53	93.81	101.81	74.03
102.96	87.50	110.97	94.89	118.37	98.18	120.17	92.86	107.46	111.42	106.29	88.49	94.46	97.91	40.37	37.40	48.25	87.96	41.66	8.91	69.36	63.84	65.71	66.30	68.65	4.57	7.45	5.36	128.98	89.98	123.44	145.76	97.93	97.17	35.00	51.89	55.94	14.85	14.29	24.05	24.25	0.00	151.62	126.72	146.10	79.98	59.21	92.15	134.01	146.73	117.98	154.95	104.33	31.89	8.94	37.74	16.53	8.79	114.49	125.68	79.84
40.10	53.01	52.17	56.21	40.06	52.74	39.40	47.42	52.76	51.44	58.93	51.05	56.61	55.56	111.47	120.20	105.88	78.04	119.65	153.10	92.73	95.32	93.31	107.73	101.51	131.44	158.81	133.62	23.31	61.56	15.68	33.01	47.87	53.97	158.09	121.92	112.09	140.64	141.42	114.74	147.56	134.25	0.00	25.98	23.63	101.16	88.57	71.63	52.53	31.85	45.11	23.48	47.05	127.17	128.29	106.53	130.32	133.94	68.02	48.51	62.30
35.64	41.00	40.88	36.32	36.76	42.56	33.97	38.12	53.45	40.78	38.66	42.91	46.39	50.16	82.24	86.32	99.77	47.03	88.07	124.70	78.16	68.43	76.09	85.93	84.56	133.39	137.00	126.99	15.62	48.67	28.21	45.54	34.76	43.99	118.21	98.76	101.15	138.30	122.13	113.12	97.54	133.27	30.04	0.00	16.25	56.66	81.94	42.37	58.01	56.83	47.53	39.59	41.38	113.79	134.85	101.60	108.71	117.41	41.20	27.25	48.07
52.31	49.85	56.11	57.41	50.72	47.29	44.19	52.83	67.32	52.78	48.98	58.50	60.15	58.70	97.29	114.75	111.82	60.22	107.72	141.54	97.17	80.09	96.41	95.34	107.06	155.13	130.03	139.28	22.44	57.14	26.13	49.15	46.09	56.41	141.40	119.73	121.84	143.18	145.93	112.40	116.83	150.61	22.61	14.21	0.00	69.14	80.67	55.50	60.95	57.51	48.87	47.20	50.79	115.26	123.12	98.66	132.40	132.09	55.52	34.00	55.82
60.03	61.34	50.69	55.62	56.57	64.79	70.91	61.61	67.90	64.12	56.43	52.10	46.90	63.65	40.31	48.19	34.93	11.99	37.45	78.56	20.83	22.90	23.49	19.72	67.78	89.36	81.81	77.39	62.17	55.56	85.18	110.71	57.76	61.89	60.84	42.92	37.89	77.74	77.59	50.78	59.29	80.12	101.18	59.55	73.09	0.00	24.73	21.11	101.67	94.71	91.99	100.26	83.23	65.73	85.59	48.04	66.96	83.48	21.81	44.65	25.63
70.05	53.22	53.01	58.64	71.20	57.14	64.30	60.62	59.84	63.54	56.38	57.68	46.64	56.40	22.43	22.35	14.61	23.51	18.53	51.26	0.28	0.47	0.95	20.27	61.74	54.03	59.64	55.46	76.44	56.74	95.25	108.83	57.72	48.82	53.47	31.36	26.62	53.95	55.54	35.40	40.90	66.50	108.11	82.56	82.03	24.33	0.00	46.48	99.90	105.10	77.77	98.93	87.57	49.68	54.83	25.90	45.40	60.72	43.18	69.31	29.70
54.09	47.50	44.58	55.28	50.70	56.82	54.91	54.56	63.53	56.44	56.89	47.13	47.10	50.38	69.00	72.42	64.60	15.16	59.42	106.74	40.54	42.59	45.10	47.55	83.06	99.63	95.11	106.47	51.53	50.53	57.20	87.84	41.61	56.19	88.76	74.92	66.23	104.89	86.13	88.02	95.51	114.50	75.13	39.80	49.69	23.59	44.42	0.00	86.50	94.42	63.05	81.12	71.92	72.98	87.26	67.58	90.23	100.80	0.50	25.85	23.31
42.47	47.94	51.56	48.37	44.41	41.64	37.66	46.41	46.04	44.59	48.17	49.00	60.65	55.90	101.25	114.23	108.53	99.94	110.11	148.97	110.49	113.09	102.35	129.55	67.30	152.33	138.84	137.13	49.01	53.90	36.16	20.31	49.27	47.03	149.34	154.24	140.90	128.98	115.04	111.50	131.00	156.94	46.48	57.52	64.27	113.78	104.59	107.44	0.00	21.20	22.65	24.00	23.61	110.17	131.08	118.79	124.31	120.33	91.57	96.02	93.03
45.17	59.15	57.89	44.45	47.95	53.91	39.29	58.04	55.30	47.96	58.30	57.51	60.10	57.17	120.30	104.26	128.05	82.26	132.65	125.14	102.53	99.59	118.81	120.29	79.54	155.33	135.46	139.29	41.94	56.22	29.67	3.83	56.69	51.18	146.01	161.13	147.90	162.30	139.02	133.79	115.73	132.20	32.69	53.44	45.78	107.69	114.15	89.33	21.32	0.00	32.00	10.09	28.66	126.93	150.94	125.94	140.05	135.02	85.08	81.38	81.06
17.01	27.35	29.07	18.22	19.30	24.59	19.10	27.53	25.37	18.98	28.47	23.06	36.36	26.74	93.09	84.55	99.85	64.31	99.33	104.18	80.87	83.32	82.38	94.80	47.13	129.58	101.56	109.14	31.10	23.73	27.07	24.50	24.01	26.00	112.85	103.25	97.07	133.72	107.99	87.13	92.05	111.22	48.30	44.70	57.76	82.75	90.54	68.46	22.53	31.18	0.00	25.14	0.59	80.36	108.91	74.03	116.55	110.19	65.81	63.95	63.61
32.46	50.81	49.80	44.11	38.67	38.84	36.41	45.17	41.26	35.19	41.38	45.84	50.21	53.95	112.04	98.88	119.15	91.64	111.98	126.43	100.84	105.14	105.60	112.71	67.60	132.95	144.54	142.94	29.67	53.05	15.73	6.75	46.77	47.96	163.74	144.31	116.70	153.61	128.63	105.02	136.02	127.22	28.93	43.11	40.57	84.05	103.80	85.60	21.47	10.46	22.41	0.00	23.82	107.35	134.14	98.89	130.70	122.97	87.61	70.59	67.47
15.53	28.19	29.35	19.86	18.90	20.51	16.26	28.14	26.12	17.07	23.66	22.46	35.90	25.25	94.90	88.45	77.41	72.49	90.87	111.68	88.86	84.30	89.61	90.00	45.47	119.36	113.21	128.48	29.93	28.69	30.23	25.66	24.59	29.98	131.74	115.42	113.13	112.77	106.67	98.30	93.64	127.41	43.01	40.43	60.36	87.01	89.31	73.28	28.13	31.46	0.64	23.53	0.00	91.01	119.67	77.30	104.83	98.78	70.02	69.25	57.76
81.14	69.53	59.33	69.49	65.39	61.06	80.40	72.77	62.15	69.59	68.91	73.09	62.59	62.36	29.36	31.48	36.81	72.83	34.81	25.66	41.57	47.23	50.00	59.87	37.24	30.69	27.77	30.27	96.09	68.60	93.05	96.77	72.01	57.56	53.70	58.83	65.57	38.24	22.16	24.82	17.76	32.31	116.09	94.69	104.05	75.28	44.59	75.41	94.55	121.02	82.77	97.79	88.62	0.00	31.35	19.55	19.74	30.33	91.37	90.64	54.89
95.37	94.35	101.95	97.06	96.61	91.36	90.51	99.22	95.43	99.10	82.90	91.60	90.69	84.36	34.76	30.88	33.98	78.92	39.16	0.50	52.45	56.76	59.78	69.54	67.91	3.71	0.43	4.48	107.59	82.57	127.50	151.43	83.44	78.98	33.93	43.60	56.57	14.85	7.94	20.81	13.64	7.85	129.55	127.28	122.70	67.24	56.68	100.76	121.38	159.65	119.07	144.07	97.84	26.79	0.00	31.60	6.87	0.26	102.66	129.82	85.77
63.83	60.96	54.14	68.33	62.65	61.75	80.27	54.59	58.34	71.23	61.04	60.30	55.34	49.87	12.05	10.14	14.45	52.59	12.07	29.29	26.15	26.67	22.81	46.84	47.97	33.98	27.63	33.16	78.74	54.78	102.27	102.13	57.88	55.97	44.28	41.54	41.67	43.19	27.08	14.76	19.78	41.80	122.44	83.00	99.33	54.54	27.61	69.83	104.08	108.22	81.53	93.05	85.78	19.19	33.06	0.00	25.76	28.86	67.69	83.83	54.54
98.35	82.51	78.43	84.81	83.30	97.09	82.13	86.57	71.95	96.14	78.96	76.87	80.48	82.42	25.98	28.66	35.88	75.39	26.97	5.76	44.47	44.34	51.61	54.53	57.46	10.96	7.94	10.54	98.63	89.11	120.08	128.99	98.53	92.71	38.98	49.51	50.40	19.29	0.43	12.86	6.25	13.30	153.53	107.04	134.61	80.86	54.30	88.31	118.14	133.60	97.32	125.65	98.43	19.51	7.46	21.99	0.00	6.54	80.89	109.24	75.70
110.37	79.05	97.33	87.29	92.33	97.93	90.81	87.95	94.62	95.68	79.29	87.05	95.11	89.21	36.58	30.73	37.55	84.97	39.36	0.39	49.53	51.40	50.32	55.37	71.21	3.59	0.27	4.35	105.03	91.76	143.80	129.71	99.35	83.97	39.61	47.85	47.26	15.13	7.39	17.47	13.89	8.95	134.59	139.06	150.75	78.50	56.30	93.50	118.42	136.37	100.73	130.92	115.43	29.39	0.32	28.10	5.99	0.00	106.70	105.12	71.15
62.52	55.83	41.98	49.93	56.95	46.69	48.60	52.57	61.80	59.07	48.66	48.50	49.40	55.82	71.25	64.53	52.97	18.02	60.44	99.60	45.03	47.14	42.15	47.58	74.02	112.07	94.73	108.35	45.35	46.80	72.08	86.04	49.35	45.40	79.15	69.47	54.69	99.35	98.59	80.15	78.62	106.56	70.69	38.39	60.02	26.21	46.90	0.50	99.09	88.98	74.67	69.85	74.74	86.71	108.00	67.34	102.55	89.01	0.00	22.08	26.04
50.47	49.98	43.97	51.80	59.98	55.51	49.40	48.39	55.64	54.31	54.66	52.74	50.95	64.92	91.80	91.58	82.08	36.67	85.22	124.52	72.99	72.85	68.76	62.68	84.23	134.82	109.33	138.80	35.41	53.83	44.69	69.50	53.98	56.59	103.16	104.86	83.18	126.72	117.80	92.43	107.76	133.81	49.65	23.99	35.07	48.72	66.99	24.39	79.09	75.30	65.88	59.61	71.98	93.68	111.76	85.59	107.28	119.30	22.79	0.00	37.68
43.53	33.93	32.79	34.52	43.56	33.70	39.91	30.09	42.71	36.47	35.09	31.80	23.70	33.58	43.18	48.57	47.82	12.15	44.22	76.77	27.35	32.33	33.49	34.82	63.72	92.93	72.35	93.87	43.09	35.26	58.32	72.29	30.47	31.50	87.51	70.71	47.95	95.99	64.24	55.74	66.58	96.23	71.18	42.12	60.93	20.68	32.62	20.55	92.12	90.00	57.59	78.32	51.69	64.19	75.63	50.63	71.46	73.12	24.28	39.94	0.00
~
Delivery quantities;
10 0 1 14 9 0 1 16 6 4 2 7 10 2 8 1 1 0 2 1 10 4 4 0 0 0 3 0 6 4 1 2 4 2 0 6 0 6 0 2 2 3 1 1 6 2 3 2 2 0 0 4 1 4 3 1 1 1 0 1 
~
Pick-up quantities;
0 16 16 8 0 48 0 40 12 66 12 6 12 0 18 0 0 20 0 0 16 0 0 6 18 30 0 18 6 12 0 12 12 12 12 12 12 0 4 4 8 4 0 18 12 0 12 12 12 6 8 4 0 0 0 0 0 0 18 0 
~
Vehicle capacity; 
100 100 100 100 100 100 
~

