Cost matrix;
0.00	12.90	19.86	0.77	11.22	14.50	11.17	16.55	12.27	6.01	43.42	12.38	16.64	5.02	12.44	5.98	76.24	71.51	78.70	69.02	62.14	49.60	69.68	70.19	78.19	76.12	86.30	44.46	43.21	58.71	44.10	43.52	38.01	55.87	49.43	18.17	10.92	21.51	40.80	38.00	47.26	39.30	40.27	23.78	30.11	41.13	46.03	54.44	36.02	51.55	33.43	84.80	106.16	106.33	104.40	69.85	84.71	32.72	42.52	0.40	41.68
12.35	0.00	33.41	13.19	19.92	29.96	26.06	26.24	24.86	20.45	39.87	24.49	34.32	16.08	23.37	18.83	79.02	86.90	81.62	83.96	63.60	46.79	88.66	96.14	81.60	85.64	103.98	61.05	53.66	59.12	53.11	46.39	48.68	62.66	34.74	10.59	0.33	20.39	41.89	24.20	38.40	46.12	39.23	18.56	37.68	43.69	41.08	61.15	32.35	38.34	36.66	114.80	123.35	122.66	100.15	81.22	86.70	21.64	33.06	12.21	35.46
17.63	35.07	0.00	19.89	10.46	6.32	9.42	4.11	7.17	13.62	64.80	9.91	1.02	16.99	8.28	13.25	49.23	51.21	48.20	62.53	71.06	63.91	52.75	59.94	62.80	63.03	63.25	37.89	40.88	72.62	25.88	26.11	27.17	32.62	63.35	35.05	35.81	36.13	52.85	54.46	68.78	49.46	55.91	38.18	34.07	55.23	53.06	60.07	45.20	63.36	50.54	82.41	84.35	91.16	79.55	51.18	58.89	42.93	56.84	19.48	69.82
0.76	11.73	19.90	0.00	10.60	16.18	10.25	16.70	13.29	5.92	45.15	12.98	20.74	5.55	12.51	6.08	65.84	75.68	74.20	72.84	52.34	52.46	79.32	86.54	79.52	82.10	74.93	51.86	42.38	54.69	44.53	42.88	38.18	49.14	49.77	16.63	13.28	24.77	39.72	32.80	49.02	36.78	40.14	24.95	27.82	36.81	38.35	50.16	40.20	47.29	36.09	85.59	124.36	113.04	89.82	69.54	70.73	33.93	37.59	0.68	45.84
9.52	24.87	9.72	8.79	0.00	5.73	1.11	6.44	1.72	4.43	54.92	4.45	7.90	5.97	1.83	6.25	68.01	66.33	71.58	71.45	66.23	47.64	72.22	65.30	69.70	64.23	62.16	41.14	41.38	59.33	33.18	37.63	36.95	46.68	56.90	26.11	22.04	28.12	40.00	40.07	48.32	49.28	43.36	28.99	33.25	41.96	47.49	68.31	43.14	61.56	43.66	75.01	91.39	93.88	85.78	61.53	68.28	43.06	49.90	8.82	59.58
12.89	26.88	7.01	14.39	5.08	0.00	4.92	7.08	4.52	9.61	58.83	7.85	5.95	9.53	5.96	9.62	59.27	68.16	54.55	55.42	67.65	65.23	63.79	61.69	60.18	59.02	68.21	33.84	40.47	66.31	36.72	30.29	35.79	41.95	53.08	34.45	27.32	34.63	51.98	49.11	60.42	47.29	55.54	39.11	35.74	52.19	56.41	66.00	50.14	55.61	43.24	84.26	85.45	91.34	81.14	53.61	71.99	41.28	47.92	14.87	57.99
10.41	23.27	8.38	10.54	1.27	5.72	0.00	5.20	0.59	5.09	50.13	3.32	8.11	7.86	0.52	6.68	69.94	62.21	69.59	58.15	60.48	48.28	64.27	70.08	65.90	72.18	64.19	37.66	44.56	65.63	33.53	29.48	30.73	35.65	53.93	30.42	25.37	33.08	40.65	40.13	57.42	48.33	41.37	31.79	29.10	43.69	40.12	59.73	43.48	49.46	36.69	93.48	105.46	99.50	82.76	67.29	72.83	45.39	46.54	10.15	60.34
18.45	28.30	4.95	16.20	6.35	6.39	5.45	0.00	5.00	12.55	57.43	4.69	3.83	14.37	5.71	13.16	65.72	64.53	59.49	66.70	66.73	58.13	59.36	65.77	56.29	60.38	57.57	46.43	45.76	67.21	25.05	27.83	28.60	35.84	65.40	33.23	31.15	37.98	43.60	51.85	56.97	41.26	49.68	30.39	33.08	46.63	44.19	66.70	40.05	66.07	46.53	83.17	95.60	94.42	72.80	62.40	70.04	39.32	46.54	17.98	52.59
10.81	23.43	7.17	11.88	1.97	5.26	0.59	5.54	0.00	6.13	50.65	4.02	7.18	8.03	0.33	7.44	60.24	68.40	58.62	62.17	65.06	56.99	58.74	65.14	67.60	60.35	68.45	45.02	36.99	64.15	35.40	27.77	31.82	35.51	53.72	28.61	21.73	33.16	49.90	42.61	51.76	44.28	40.83	34.69	35.28	48.36	39.96	53.68	43.80	56.28	43.08	73.86	105.38	90.64	85.97	67.34	65.97	41.35	44.80	10.46	56.11
5.23	17.77	15.54	6.04	3.93	9.63	6.17	11.38	5.72	0.00	51.38	7.53	11.85	2.72	6.27	2.66	67.39	64.66	73.57	77.20	55.65	45.14	61.78	67.87	81.18	79.21	77.13	48.42	43.08	53.33	31.79	41.09	39.46	45.38	48.26	21.32	16.83	23.92	41.15	40.48	46.80	43.17	39.30	28.52	34.36	47.29	43.61	62.91	39.96	57.07	41.50	81.50	111.77	105.05	96.17	59.63	67.46	31.57	42.77	5.87	46.80
49.44	38.73	66.73	46.90	54.38	62.08	57.52	63.13	48.58	56.58	0.00	53.82	56.61	49.74	50.53	50.49	110.35	114.46	108.94	111.63	38.99	21.37	121.92	121.07	95.48	116.54	124.72	102.88	99.38	37.06	66.19	71.78	64.55	100.64	0.23	24.20	35.50	26.22	31.21	27.13	0.27	34.80	31.92	24.08	35.57	30.32	32.83	37.99	28.68	8.74	32.66	122.42	165.96	134.69	134.85	110.78	107.12	17.03	19.60	51.16	0.58
12.02	24.60	8.98	13.97	4.56	7.32	4.05	4.74	3.96	6.59	47.26	0.00	8.52	9.24	3.82	10.08	68.37	71.27	61.82	65.99	58.24	51.23	61.38	71.23	75.28	65.63	61.10	46.00	46.07	56.72	29.10	25.65	27.41	42.40	59.94	30.62	27.75	25.27	37.65	47.39	48.20	45.16	39.01	27.37	26.50	44.76	38.09	61.20	38.10	52.83	36.52	77.49	109.75	89.73	76.20	60.97	66.79	36.08	47.72	11.44	57.06
20.64	29.80	0.89	17.57	9.74	5.60	7.45	3.35	7.61	13.45	60.11	7.86	0.00	13.08	7.87	15.10	51.28	63.55	57.92	51.99	63.51	53.34	58.29	62.62	70.51	61.76	64.73	41.67	35.60	72.57	24.96	30.28	28.74	32.18	56.32	35.77	33.27	36.22	51.06	52.14	66.28	43.47	52.21	36.15	37.37	43.96	51.35	68.40	47.45	62.92	43.75	72.18	92.15	90.19	72.74	52.89	58.41	51.51	49.58	16.72	61.70
5.83	16.31	15.60	5.65	5.64	9.01	6.59	11.74	8.61	2.87	52.04	11.07	15.99	0.00	7.94	0.41	69.82	82.16	77.65	72.32	68.80	55.57	64.99	82.01	83.61	68.03	82.87	40.13	39.57	61.88	40.49	37.70	39.25	40.94	47.40	26.19	16.81	26.48	41.58	41.29	44.42	41.94	47.85	28.89	36.98	41.66	48.40	59.03	42.70	50.28	38.38	96.22	106.08	105.77	96.28	76.12	82.59	40.53	43.44	5.73	52.01
10.86	21.95	9.32	11.21	1.65	4.67	0.45	5.60	0.39	5.99	60.65	3.05	8.28	7.71	0.00	7.84	64.05	64.60	66.71	69.52	55.96	53.10	63.93	74.45	76.14	62.93	66.59	39.76	45.08	53.50	31.47	30.38	31.04	38.92	57.77	32.06	27.03	32.72	48.15	51.92	51.16	48.57	46.11	27.71	33.60	39.55	50.47	68.73	36.43	63.02	45.76	87.19	100.94	92.63	97.98	68.72	67.31	36.44	46.27	10.29	50.92
5.70	18.38	13.58	5.86	5.45	8.91	6.44	11.97	6.64	2.90	55.41	9.36	13.87	0.38	7.12	0.00	79.29	72.81	73.38	75.82	60.38	54.20	62.98	69.70	73.72	80.67	80.62	45.44	38.18	66.32	34.03	43.96	43.17	42.04	50.65	22.04	17.18	29.39	42.33	43.58	53.92	45.11	41.11	25.67	35.68	51.93	45.71	65.35	43.49	55.22	38.62	88.28	107.09	105.66	83.30	73.23	82.24	36.41	48.10	5.75	47.25
79.68	77.33	57.37	72.65	64.46	65.66	59.82	60.74	59.50	61.26	110.05	57.09	49.73	78.87	57.85	78.02	0.00	3.37	0.36	3.90	94.84	110.27	2.75	28.70	32.40	29.11	13.48	57.00	56.38	99.23	52.34	49.39	43.07	22.17	108.47	93.30	89.91	81.82	87.87	97.83	118.48	96.71	88.22	85.00	83.17	99.15	98.86	117.39	93.82	114.49	95.87	44.19	32.29	31.53	31.38	5.45	12.69	108.13	99.76	75.78	116.19
69.47	90.49	58.25	83.73	59.81	59.41	67.41	58.56	57.70	66.74	121.09	66.34	65.68	76.87	64.26	68.54	3.72	0.00	3.11	0.16	112.55	104.98	2.07	32.22	27.94	30.57	9.72	54.65	58.39	108.19	45.03	45.32	51.11	28.93	108.78	93.45	89.55	88.66	102.07	102.53	129.05	104.18	101.34	81.60	79.17	103.03	92.14	101.99	87.78	121.66	95.62	49.12	35.87	40.44	28.59	4.20	10.18	111.24	98.74	74.81	129.98
75.67	78.20	58.10	73.78	59.54	64.09	70.59	62.88	57.14	68.78	113.62	60.96	55.16	76.64	54.99	65.20	0.36	3.14	0.00	3.43	104.79	99.84	2.70	36.16	29.63	34.70	13.67	63.20	61.82	114.61	48.94	46.49	45.41	25.85	108.49	81.65	90.53	90.62	92.83	107.27	119.02	94.49	101.79	94.61	87.27	90.93	83.72	103.07	103.06	122.06	86.35	48.40	35.68	36.31	33.82	4.48	11.87	107.47	97.48	69.25	101.19
81.81	85.89	61.62	86.85	70.40	56.64	74.08	57.07	69.72	80.29	109.24	68.31	59.84	64.42	58.40	80.02	3.55	0.16	3.26	0.00	98.37	94.33	1.73	27.73	31.42	30.36	10.25	58.15	65.50	103.88	44.71	41.98	54.23	25.06	130.98	100.01	91.59	90.63	99.11	122.49	104.58	91.55	97.58	96.13	74.16	88.10	83.60	102.13	88.92	127.67	87.65	42.11	33.60	37.86	29.26	4.00	9.57	100.49	100.57	81.91	102.73
57.12	62.30	64.32	62.53	67.41	64.83	59.44	61.18	67.04	60.96	39.55	54.15	70.23	65.14	54.85	69.61	104.65	95.22	109.35	99.82	0.00	15.76	104.65	87.68	83.61	86.69	104.90	96.34	102.46	0.68	55.80	52.30	52.58	84.03	42.26	40.33	62.93	38.61	17.98	54.69	40.48	18.62	15.46	40.20	31.41	15.03	14.84	0.48	20.39	25.35	20.48	143.37	123.00	127.60	115.87	89.89	101.06	45.05	21.28	55.52	38.84
51.73	47.64	61.44	47.73	60.16	63.17	48.34	52.18	52.90	53.37	24.16	47.61	63.10	49.54	60.59	46.94	104.54	119.23	108.99	106.72	15.66	0.00	106.13	97.50	100.20	104.90	102.82	96.23	89.82	18.15	64.69	53.18	63.46	81.09	23.16	29.50	46.36	23.32	12.87	47.01	23.48	11.65	14.68	27.27	26.25	14.64	15.04	15.58	13.12	11.59	15.28	151.72	127.58	123.71	131.75	115.71	116.67	29.69	10.07	45.09	19.32
83.61	98.48	54.41	78.20	66.71	68.87	63.07	57.22	57.46	70.41	125.83	67.73	60.73	66.87	67.40	72.90	2.50	1.72	2.42	1.95	97.89	109.69	0.00	28.02	31.10	25.88	10.77	55.76	64.36	110.97	42.00	48.17	41.21	26.90	104.97	95.16	79.66	79.17	85.76	98.32	114.41	94.77	100.73	90.57	90.68	97.42	81.43	103.98	86.30	110.36	81.74	45.05	41.92	38.92	24.81	2.65	11.22	93.41	100.48	77.97	126.68
88.09	96.24	63.07	88.05	75.54	65.83	63.98	63.79	65.18	76.83	100.48	67.28	55.59	74.05	66.30	69.83	32.78	33.77	29.23	30.30	100.80	105.28	28.02	0.00	0.66	2.22	20.09	82.71	73.46	81.25	40.77	41.57	34.47	42.14	111.59	92.90	87.24	79.49	75.01	120.84	115.09	90.51	74.02	93.66	81.71	76.05	87.70	78.89	81.31	116.67	91.08	79.56	57.92	62.84	26.48	30.33	21.93	88.52	91.05	81.82	113.81
85.53	100.88	57.24	76.83	76.06	64.96	75.53	63.76	75.67	68.32	114.07	71.60	58.66	67.88	60.62	81.74	33.56	30.22	31.39	29.38	98.87	103.15	30.85	0.57	0.00	2.55	22.95	73.83	81.47	97.57	35.34	42.11	40.24	41.69	100.53	93.08	80.52	90.37	77.66	114.31	113.43	87.01	86.77	76.17	65.66	81.40	76.02	85.83	81.49	93.75	77.10	70.16	57.52	57.99	26.67	26.92	21.60	100.83	100.71	73.54	109.80
85.26	96.92	53.38	83.55	76.28	65.83	70.23	55.53	69.24	79.99	115.26	67.18	53.63	79.39	69.11	67.63	34.38	25.92	28.50	26.35	87.10	100.06	24.94	2.61	2.75	0.00	19.59	76.70	70.13	77.64	41.54	34.98	39.40	37.03	121.42	79.52	91.68	78.44	83.92	101.72	96.88	87.53	85.01	74.68	66.37	90.47	89.14	77.08	82.08	92.68	80.47	80.05	56.86	57.86	29.95	24.36	18.28	87.34	82.78	80.25	120.05
85.46	93.06	64.39	77.68	78.61	74.59	77.79	70.49	74.99	75.73	122.54	75.32	56.48	81.82	65.34	73.37	12.40	10.46	13.41	10.36	110.73	113.82	10.80	19.50	22.13	20.68	0.00	61.71	74.16	103.89	43.95	45.25	42.68	34.61	108.02	93.30	104.13	80.48	88.78	119.23	119.42	93.83	91.86	89.00	76.55	101.67	82.14	106.58	96.75	120.41	100.07	54.95	37.44	42.67	18.53	7.63	0.43	93.34	104.27	80.21	114.35
53.16	53.83	37.68	46.80	37.91	33.77	41.11	43.36	40.49	41.99	92.12	43.83	41.47	47.74	41.66	40.23	57.52	59.94	61.31	63.15	109.64	98.39	52.62	87.39	89.10	84.49	74.11	0.00	0.32	109.14	65.72	65.76	56.32	43.20	85.82	68.36	62.26	62.21	88.18	73.28	81.23	78.08	91.21	73.50	70.61	76.72	89.09	103.33	82.09	99.86	78.41	61.07	95.28	69.79	85.23	63.41	72.32	69.47	76.42	42.53	82.94
47.89	62.02	33.28	48.66	39.29	39.18	38.18	39.57	42.11	46.59	81.35	43.74	38.90	37.95	43.80	42.20	66.11	57.16	59.46	70.14	115.09	84.52	67.18	79.75	76.39	76.91	73.31	0.32	0.00	112.60	53.50	53.91	63.74	40.28	97.43	72.04	59.54	77.89	78.43	69.03	86.53	80.90	84.97	65.28	82.46	82.37	92.87	95.75	80.81	95.41	76.20	53.68	82.29	78.90	91.50	59.01	74.57	68.59	78.08	52.74	91.79
55.28	52.61	64.00	57.05	61.86	58.47	60.41	64.02	69.95	64.83	43.88	55.59	64.14	57.72	67.97	62.71	92.99	93.11	116.64	110.76	0.82	18.45	115.00	82.53	93.65	96.17	97.45	109.93	110.12	0.00	50.93	58.73	64.89	85.37	38.76	49.52	63.93	38.69	18.98	53.16	41.95	16.84	17.59	34.85	30.35	17.50	17.82	0.57	22.94	32.71	23.41	130.21	153.58	126.67	128.58	114.64	115.61	47.51	22.68	65.91	35.80
36.35	50.24	25.19	38.06	34.97	30.07	31.58	29.44	28.11	37.28	73.73	26.13	27.38	43.33	32.20	41.40	49.28	48.06	50.18	45.02	56.91	64.37	48.30	37.71	44.29	41.12	41.77	54.67	57.86	52.13	0.00	0.86	0.51	27.79	67.08	50.64	48.99	44.68	51.26	67.36	71.44	43.64	50.97	50.71	30.78	50.79	47.58	55.68	42.86	67.26	49.01	81.05	78.13	91.24	66.99	50.15	50.79	59.83	55.90	37.41	61.08
43.98	57.91	24.11	43.25	29.93	34.72	34.88	28.17	33.95	32.39	63.04	29.22	27.66	41.10	27.94	40.26	52.05	44.76	50.66	50.32	54.74	54.21	47.86	36.85	44.11	37.13	49.52	56.11	59.44	63.29	0.74	0.00	0.53	34.64	67.77	47.38	54.84	42.83	43.76	63.95	70.24	47.69	50.03	48.93	37.77	49.32	41.78	54.61	45.75	70.81	49.50	81.41	91.84	72.45	68.72	39.54	45.02	57.05	55.22	46.13	77.69
40.44	52.65	24.69	39.10	36.95	29.68	36.35	24.75	28.70	34.14	76.89	32.68	25.45	35.10	28.30	36.67	47.60	43.41	47.62	47.24	64.99	54.82	42.36	36.47	40.36	36.48	42.60	58.84	68.54	51.92	0.51	0.52	0.00	33.65	74.93	50.49	55.16	44.41	48.47	65.04	76.12	51.23	51.44	41.98	34.53	48.74	45.14	63.32	40.58	72.16	45.67	89.33	94.11	77.30	66.79	48.02	51.84	60.79	50.64	45.79	75.67
50.24	56.37	29.86	57.69	37.21	37.14	35.80	35.52	42.12	46.51	102.91	44.40	32.35	41.04	39.80	48.36	26.40	25.15	24.58	23.20	88.78	84.68	22.52	37.28	41.73	38.70	28.37	46.15	44.38	77.44	27.66	31.02	27.84	0.00	87.51	68.15	69.77	66.32	67.21	76.00	85.56	77.30	72.84	63.76	64.17	82.91	83.23	77.24	69.44	80.77	64.71	50.74	59.50	50.82	55.98	21.24	33.84	69.70	85.48	54.03	88.85
48.27	35.33	60.73	44.05	48.21	60.74	51.53	58.03	48.43	50.17	0.27	48.41	60.28	44.88	55.97	54.68	101.39	116.93	108.99	117.87	39.02	21.31	107.77	123.03	124.05	95.00	132.32	100.20	100.10	35.75	72.93	79.72	71.58	84.00	0.00	28.13	39.45	22.88	32.05	27.26	0.54	29.91	30.68	25.06	39.98	29.68	28.21	38.83	31.58	10.24	29.43	153.24	157.93	148.39	148.58	114.73	110.18	13.34	21.14	46.24	0.55
19.63	10.57	36.77	18.43	27.30	32.79	28.61	30.33	26.19	20.61	30.16	25.55	34.38	25.64	30.42	25.75	100.70	103.48	87.74	89.92	47.32	35.17	90.39	98.48	87.87	77.44	86.79	70.06	73.06	45.98	47.88	51.02	47.12	61.69	29.18	0.00	11.95	8.91	26.57	25.19	29.51	29.34	27.99	8.40	21.12	26.65	29.82	42.61	22.44	31.80	26.22	106.68	133.82	110.10	108.63	89.77	83.13	11.52	24.37	19.86	24.95
13.92	0.27	33.68	13.39	24.84	23.63	25.71	26.92	25.95	18.66	36.26	26.55	34.65	15.99	27.05	17.54	85.33	94.95	80.94	99.76	60.03	40.30	81.63	90.51	95.04	80.66	100.05	57.12	61.65	60.03	53.73	46.72	49.74	67.70	36.76	12.90	0.00	17.76	43.84	23.45	37.34	38.35	37.02	18.50	30.06	38.43	40.07	58.84	40.42	41.66	32.18	93.79	134.48	105.77	115.92	96.73	90.75	23.82	35.71	13.72	34.30
21.07	22.73	35.78	21.80	33.00	36.73	31.78	30.27	33.72	28.57	27.83	32.55	35.67	25.83	31.84	25.24	78.31	89.89	95.98	86.20	38.03	26.41	97.74	84.75	87.09	77.95	93.78	63.58	76.00	40.59	40.61	48.28	49.85	75.50	26.72	9.55	17.85	0.00	21.73	27.24	23.06	23.76	22.88	0.26	14.36	19.56	18.92	40.02	17.58	25.00	18.15	105.59	131.82	132.16	121.04	82.19	90.58	14.23	17.22	26.02	23.30
42.02	43.96	45.36	44.50	40.21	51.58	40.64	41.92	49.27	39.79	30.12	41.15	54.25	46.02	44.19	48.94	92.02	105.10	100.96	94.72	14.98	13.91	85.88	71.33	78.12	71.47	90.81	87.70	78.95	16.31	48.44	42.78	45.10	75.82	34.25	31.94	44.49	22.35	0.00	44.16	29.10	0.33	0.39	19.28	12.75	0.46	0.17	17.10	4.68	26.52	5.36	129.72	143.59	113.60	105.21	91.19	86.90	31.93	11.60	45.81	32.25
36.33	20.58	53.05	31.13	44.99	50.48	44.64	48.41	48.53	40.77	24.06	51.00	59.86	40.72	48.06	38.27	124.18	116.43	96.38	122.97	64.64	46.28	101.42	117.19	125.67	113.66	100.60	77.30	77.64	66.47	80.70	70.48	71.17	88.17	22.70	24.39	24.04	27.46	53.52	0.00	24.35	47.00	44.02	27.72	48.83	45.79	46.61	65.50	41.24	37.26	43.90	110.30	157.38	153.00	125.35	103.90	104.76	16.59	41.22	31.50	25.31
46.94	37.07	62.83	46.31	60.35	52.73	55.53	64.32	61.67	53.72	0.26	60.40	56.85	53.89	55.02	51.35	112.04	110.49	120.89	125.22	40.83	23.91	102.69	113.91	102.07	96.97	112.94	83.74	101.77	39.56	76.53	65.35	73.45	93.03	0.60	23.69	38.99	25.59	34.57	24.97	0.00	34.07	28.92	24.12	31.91	34.03	32.63	37.65	29.96	9.60	28.33	134.67	152.94	130.52	121.50	123.45	114.16	14.32	18.32	42.72	0.41
45.09	41.66	50.10	40.17	42.58	48.31	47.91	40.91	49.79	45.23	29.99	45.00	47.77	44.98	41.38	42.37	102.23	94.24	101.47	95.31	16.40	11.61	86.57	82.58	89.99	75.43	90.08	77.47	84.91	15.70	50.89	42.28	44.89	79.26	32.26	26.31	45.28	22.76	0.34	51.84	29.95	0.00	0.41	18.65	13.05	0.49	0.53	17.50	5.19	21.19	5.18	124.09	145.44	143.72	106.29	102.44	83.17	27.20	11.62	45.59	30.30
40.15	40.87	53.86	36.95	41.53	54.59	45.09	51.30	50.26	46.60	32.72	37.02	44.29	44.31	41.93	42.12	93.79	91.40	99.36	87.10	16.00	12.49	82.79	91.38	85.54	86.50	84.60	86.60	76.72	18.44	43.40	52.98	49.02	68.74	34.79	29.98	36.85	19.44	0.39	52.96	31.77	0.36	0.00	19.43	12.27	0.06	0.35	16.41	5.29	21.66	5.19	130.06	136.93	124.82	98.52	102.44	83.09	32.89	11.20	46.13	31.74
25.00	18.95	40.39	24.32	30.06	33.64	28.36	31.72	29.65	24.58	23.22	31.31	39.53	29.94	28.65	24.86	91.79	83.58	86.37	84.49	38.46	24.98	94.71	93.86	94.72	86.34	85.90	74.85	74.73	33.37	49.35	50.99	45.88	68.54	26.29	9.11	22.97	0.30	22.18	31.58	27.67	22.87	20.56	0.00	15.48	21.14	22.92	36.35	16.16	26.75	14.22	128.28	135.15	109.74	116.87	93.87	100.47	15.18	15.17	21.57	23.89
32.79	36.84	40.62	26.45	34.78	40.76	34.34	33.92	34.59	32.16	35.40	32.09	36.86	36.60	32.17	30.69	87.09	81.07	91.98	79.62	32.49	24.14	80.65	69.22	77.52	66.20	76.55	81.07	73.45	30.78	33.37	37.56	34.13	54.51	34.16	25.82	31.29	15.41	12.62	49.95	34.43	11.35	12.66	14.32	0.00	11.73	14.00	30.98	10.65	29.33	10.69	125.67	122.95	103.52	109.65	71.39	76.92	32.20	17.82	30.74	39.36
40.72	46.44	49.48	36.11	47.83	56.20	44.20	50.25	39.73	42.77	32.04	47.13	47.40	43.24	40.78	43.03	82.17	95.18	91.14	82.96	16.56	11.87	102.37	86.78	78.36	90.71	88.50	83.83	84.27	18.14	45.14	50.18	51.81	71.17	33.18	27.49	36.92	24.33	0.37	48.18	27.52	0.41	0.07	20.54	14.37	0.00	0.29	17.24	5.65	24.17	4.93	140.45	145.27	124.38	95.72	85.51	102.65	28.30	10.78	42.08	28.41
43.89	46.70	49.01	41.69	46.33	54.46	40.36	47.93	45.60	44.71	27.60	37.51	54.78	40.05	40.36	48.26	105.71	97.47	93.91	87.70	16.83	14.89	89.31	87.38	77.15	82.55	104.68	92.95	94.29	17.10	49.41	51.96	40.70	69.98	29.08	29.88	36.93	21.46	0.20	47.77	31.46	0.53	0.37	18.99	12.12	0.29	0.00	15.37	5.81	26.92	5.11	134.32	132.99	113.23	108.05	80.60	101.25	28.20	11.54	40.67	29.96
56.02	61.72	63.93	60.74	55.49	63.68	61.63	57.70	61.45	56.91	36.54	53.94	63.33	65.17	56.49	65.81	118.31	104.95	103.81	104.09	0.43	14.73	105.17	94.15	97.56	86.31	92.99	92.55	103.82	0.45	59.09	57.55	57.50	78.86	41.86	51.28	55.31	38.04	15.54	65.25	40.46	17.45	14.64	37.05	26.39	15.77	16.08	0.00	23.18	25.54	19.09	134.00	139.18	153.10	118.72	95.75	95.51	48.21	23.63	51.90	42.53
33.60	39.76	52.01	34.81	40.06	47.45	43.52	40.15	38.78	42.70	28.18	34.73	42.63	43.71	40.60	43.37	83.59	92.63	99.28	94.30	19.95	13.67	92.33	85.68	89.51	80.87	103.24	78.68	80.97	20.08	40.47	42.57	42.49	69.76	30.93	27.45	31.98	15.62	5.75	39.73	26.10	5.70	5.23	15.17	9.90	5.09	5.45	19.90	0.00	20.95	0.61	107.87	119.51	129.67	99.08	90.69	87.42	23.47	9.36	37.78	30.57
49.20	37.76	66.19	51.37	57.88	65.49	49.54	60.85	55.67	45.36	9.40	50.60	58.00	58.08	56.11	57.22	106.78	116.43	110.93	116.69	25.74	13.21	102.92	100.30	100.08	114.65	128.13	88.78	105.40	30.69	58.89	69.57	59.64	96.56	10.42	32.38	45.17	25.18	25.16	38.76	8.84	24.88	21.95	23.52	33.82	23.08	21.70	32.62	21.13	0.00	25.30	123.23	148.11	146.32	135.52	99.20	120.00	22.36	12.83	50.46	8.75
40.53	37.16	42.73	34.42	41.73	48.24	44.14	46.67	41.80	43.47	25.61	40.71	45.60	44.70	36.87	45.67	103.45	84.47	81.16	91.11	20.23	13.10	83.51	75.72	91.15	90.40	90.58	79.54	88.15	21.76	42.01	51.02	49.73	65.71	27.48	26.95	35.58	14.98	4.32	42.09	32.12	4.35	5.19	15.66	9.58	4.80	5.37	22.74	0.53	23.01	0.00	116.05	131.59	110.51	98.37	81.80	95.57	22.93	9.21	37.71	27.47
83.32	117.59	78.28	100.25	83.03	86.92	80.50	74.64	75.88	95.20	133.82	90.89	71.55	95.25	77.74	94.72	39.91	48.22	47.55	41.10	126.24	149.49	39.86	83.83	68.71	70.20	47.92	55.74	59.13	154.63	91.45	77.65	73.09	51.32	141.05	111.91	95.37	111.11	113.46	138.74	124.87	121.93	133.80	115.13	124.56	111.11	115.75	122.10	114.51	150.71	128.97	0.00	48.18	20.41	70.19	44.67	51.16	138.32	138.68	90.29	121.78
106.58	111.55	88.49	98.20	88.81	102.84	107.23	100.34	111.24	110.76	171.43	90.94	87.61	120.55	109.91	93.67	33.35	31.16	41.02	37.65	143.05	156.69	41.82	50.46	57.31	61.28	38.41	93.85	86.13	129.11	73.36	82.69	78.33	60.61	167.48	140.30	126.26	136.96	128.18	135.55	142.42	143.44	134.44	120.05	117.13	113.52	122.05	143.82	131.87	155.96	142.05	44.56	0.00	22.86	30.49	35.72	37.92	129.09	119.66	109.13	132.86
95.16	109.22	82.54	95.51	100.96	82.17	87.53	79.00	101.49	102.10	155.44	99.82	81.20	91.40	92.39	99.36	32.48	41.08	39.66	35.11	125.67	122.98	35.70	67.14	65.62	63.45	39.39	66.30	79.24	150.43	84.24	80.67	77.47	61.35	164.11	120.78	116.50	122.12	129.10	128.78	148.13	133.10	118.17	111.53	119.46	144.79	115.87	133.89	125.73	144.73	121.59	25.24	23.96	0.00	42.64	36.47	46.00	125.48	123.35	111.28	135.14
108.87	118.40	79.41	88.78	83.54	76.86	93.03	84.70	80.86	101.81	151.25	79.74	76.26	85.13	80.43	88.89	29.04	24.18	34.37	30.24	109.76	119.27	27.95	26.31	30.71	27.14	18.77	83.49	84.53	107.33	61.30	67.79	62.78	47.73	127.02	115.30	123.72	121.58	112.11	130.30	119.04	99.60	120.23	118.56	94.43	114.82	110.84	104.99	114.42	137.63	111.21	62.41	30.46	44.06	0.00	32.04	18.48	120.53	120.05	96.83	148.55
74.75	80.48	59.00	66.90	67.89	68.08	68.77	61.62	61.46	66.35	124.54	66.23	49.13	73.69	61.54	72.28	5.22	4.05	4.57	4.77	98.14	110.79	3.06	23.60	31.24	28.49	7.70	64.66	60.04	102.07	50.23	42.28	46.32	25.73	109.28	85.58	97.86	84.94	86.08	105.07	117.74	97.02	101.70	96.08	74.44	91.64	97.69	103.80	97.04	97.38	85.77	51.50	35.95	44.49	30.35	0.00	8.88	92.37	96.76	65.73	118.35
73.55	94.90	64.12	77.96	75.11	59.32	77.04	69.04	72.73	69.17	117.01	67.00	64.39	67.36	65.14	72.45	12.33	10.30	14.61	9.34	104.82	119.90	11.30	23.32	21.13	19.64	0.55	65.92	73.50	101.29	44.61	46.19	49.92	27.72	105.40	105.48	89.48	90.71	101.74	114.64	117.44	86.36	99.61	93.28	80.67	98.18	97.71	105.75	101.18	112.28	97.87	50.32	32.19	37.82	22.35	8.79	0.00	102.85	108.21	75.78	118.26
26.95	23.02	45.27	27.34	35.83	42.61	41.05	43.62	42.33	36.31	16.64	40.98	51.44	38.20	45.28	36.81	98.52	97.91	101.53	114.86	47.06	28.96	104.18	108.28	106.65	88.04	100.90	71.06	82.20	42.30	63.56	63.84	65.00	83.04	16.02	12.32	18.92	14.94	26.08	17.65	14.56	32.26	27.66	13.49	26.17	33.31	29.24	41.16	22.46	21.06	25.53	132.69	144.09	131.73	136.92	89.34	95.44	0.00	21.04	32.23	14.25
40.94	31.14	50.95	34.63	47.79	52.13	50.65	46.24	44.12	39.00	18.82	38.15	55.95	47.01	40.73	42.71	87.68	98.26	90.73	94.48	21.32	9.52	95.19	96.64	80.65	78.76	104.45	94.49	88.86	25.49	47.66	50.48	50.19	76.01	18.86	24.67	30.74	14.84	12.90	35.92	20.01	10.67	12.01	13.90	16.07	11.83	12.56	25.24	9.54	13.86	8.27	133.90	129.72	117.77	126.09	86.96	92.26	21.36	0.00	37.89	20.35
0.36	13.21	19.13	0.68	9.53	16.20	11.10	16.29	11.70	6.01	42.88	13.66	18.00	5.34	12.57	4.98	77.53	68.38	70.48	68.15	56.92	44.85	67.13	71.03	76.24	86.34	83.10	52.56	45.01	52.63	36.27	36.23	41.54	57.38	41.81	18.94	13.50	23.91	41.01	30.52	44.49	43.64	39.91	25.60	32.63	43.10	40.87	59.79	34.03	48.30	39.93	99.80	112.02	93.95	91.31	81.58	77.80	34.37	38.93	0.00	39.92
48.61	40.51	63.83	42.27	51.37	61.93	58.48	60.42	52.54	55.06	0.56	48.43	56.98	54.72	60.75	53.59	108.89	123.01	110.37	129.27	37.19	18.93	115.50	109.72	106.42	97.60	108.39	86.62	98.75	34.67	68.66	72.00	76.26	103.59	0.64	25.06	32.37	26.35	30.49	24.39	0.53	33.86	33.47	22.34	37.94	33.07	33.86	34.55	26.54	9.05	30.96	130.80	156.62	161.69	146.28	112.58	121.01	16.86	19.42	41.16	0.00
~
Delivery quantities;
0 16 7 6 0 18 1 8 0 1 12 6 5 1 2 8 0 6 6 2 1 1 2 0 8 2 0 4 6 3 0 6 1 2 6 2 2 1 2 3 0 0 2 0 4 4 0 6 0 0 1 1 1 0 1 0 0 1 0 4 
~
Pick-up quantities;
6 36 0 0 32 0 0 0 12 0 12 54 24 0 0 16 12 0 12 0 0 0 0 8 16 12 12 0 16 0 12 12 0 18 8 18 6 8 6 12 8 18 0 12 12 18 8 12 4 18 0 0 0 12 0 4 4 8 8 8 
~
Vehicle capacity; 
100 100 100 100 100 100 
~

