Cost matrix;
0.00	8.93	14.32	10.41	8.94	19.15	20.96	11.32	16.77	15.47	9.10	9.25	10.60	77.79	67.86	74.44	84.65	76.19	53.54	43.85	51.14	86.80	84.08	85.16	47.52	45.71	62.96	67.63	85.51	51.94	49.22	33.03	10.07	30.01	29.60	22.62	12.69	41.30	34.80	14.47	35.32	9.88	12.27	10.52	12.79	16.15	18.63	14.80	73.69	52.10	84.39	47.93	50.52	35.90	47.27	28.17	46.90	5.64	66.91	36.85	41.96
11.19	0.00	8.56	0.41	3.63	9.44	7.98	1.32	9.51	6.70	0.44	0.65	2.74	57.32	67.38	68.56	76.68	65.86	36.71	40.27	44.69	62.79	66.65	72.67	47.29	45.24	57.01	57.71	86.60	39.05	52.95	25.54	6.24	20.15	31.92	23.27	2.78	56.03	41.35	8.87	26.71	1.64	2.40	1.63	1.67	5.39	8.50	20.61	70.16	43.06	77.84	44.68	35.56	25.37	41.52	27.49	43.20	4.50	69.61	48.17	57.05
14.29	8.91	0.00	8.67	10.58	6.29	10.67	8.79	18.95	13.94	8.94	9.65	5.62	68.12	61.89	66.66	66.98	68.26	32.46	36.19	33.12	74.38	64.50	64.57	36.72	30.51	52.24	64.93	80.07	36.32	59.76	18.87	13.39	20.25	19.96	15.15	5.49	52.75	27.51	0.39	20.05	8.66	9.47	9.64	7.58	6.64	5.19	25.12	64.41	39.69	81.19	36.82	33.27	18.73	45.83	16.27	35.06	8.85	81.39	52.75	50.44
10.11	0.41	7.39	0.00	3.22	8.50	8.26	0.81	9.50	6.15	0.58	0.65	3.04	70.40	60.23	70.06	74.44	73.29	44.61	40.19	44.93	72.81	62.03	78.75	46.17	39.46	52.07	58.14	84.92	37.94	60.31	28.19	5.93	18.90	31.98	27.06	2.73	51.84	37.21	9.69	21.78	2.06	2.24	1.10	1.18	5.49	7.47	22.04	59.29	41.34	76.45	42.40	41.69	26.32	45.48	22.70	42.46	4.79	84.72	48.27	51.70
8.76	3.14	10.29	3.82	0.00	12.99	11.51	4.41	8.14	8.33	2.57	3.09	6.83	62.88	60.80	67.33	68.25	57.81	40.97	40.98	46.10	66.10	68.28	78.51	41.27	40.20	55.58	61.47	82.76	46.84	51.15	24.64	2.62	21.75	28.15	31.16	6.61	51.19	43.50	12.20	28.71	2.09	3.76	2.94	4.26	9.42	12.86	18.89	58.69	47.20	72.99	41.04	46.32	26.06	37.54	25.76	48.75	4.72	73.84	44.64	48.26
17.99	9.12	6.34	7.94	12.88	0.00	8.08	6.71	12.41	10.39	7.82	9.03	6.10	58.58	57.07	53.19	61.29	58.17	34.50	35.85	37.02	70.67	71.20	72.63	30.29	29.64	48.22	50.87	72.80	32.64	65.66	16.38	15.35	12.94	27.79	20.77	6.41	57.39	39.22	5.71	17.25	9.53	9.06	8.07	6.99	2.94	0.10	29.29	59.58	36.00	66.54	36.35	28.36	15.65	35.43	18.40	35.89	12.07	77.56	57.74	53.96
19.81	8.10	11.58	8.87	10.76	7.19	0.00	7.71	7.43	3.15	8.74	9.32	8.24	63.80	61.03	49.99	61.61	57.72	37.12	35.40	35.98	68.90	70.02	65.66	34.21	36.03	47.90	51.39	66.35	37.04	68.69	18.52	13.21	11.88	32.71	28.10	7.38	59.83	37.76	11.73	19.07	9.60	5.99	6.81	8.17	5.49	6.91	25.47	59.42	31.28	72.93	36.55	29.03	20.75	35.26	28.37	43.80	12.75	92.25	51.95	58.43
10.41	1.22	6.92	1.03	3.74	6.94	8.66	0.00	10.70	5.88	1.64	1.28	1.98	62.95	65.60	57.53	67.30	66.98	42.58	36.48	40.42	63.42	61.78	67.59	45.61	44.38	59.77	48.26	79.38	36.20	55.16	21.78	7.24	19.25	31.36	27.55	1.99	62.37	36.54	7.84	21.63	2.88	2.02	1.31	0.53	4.61	6.89	22.15	63.39	41.76	84.40	35.26	42.55	25.87	45.31	24.65	42.22	4.86	79.31	52.07	53.72
18.65	9.99	16.72	10.31	10.29	13.38	6.18	9.26	0.00	4.06	9.18	8.80	11.39	51.16	57.08	59.28	60.40	60.21	50.60	43.60	47.38	68.54	68.33	62.88	40.61	47.22	44.30	49.70	87.37	43.99	53.42	22.33	11.52	15.93	40.34	33.93	11.00	62.54	50.16	16.50	25.78	9.93	6.98	7.97	9.91	9.85	12.86	26.11	70.16	35.54	65.11	36.20	37.43	23.60	32.00	33.47	41.91	14.56	81.08	64.69	65.20
16.40	6.62	13.88	6.56	6.81	8.47	3.80	7.14	3.97	0.00	7.59	7.59	6.78	55.37	62.55	51.42	56.37	62.28	39.31	41.35	38.44	58.53	71.69	66.56	40.13	43.11	41.98	41.99	84.88	38.59	55.38	20.41	9.45	16.23	37.63	30.28	8.46	63.74	41.40	13.29	20.10	7.25	4.60	5.99	6.01	7.03	8.35	24.82	60.66	33.57	70.68	33.56	36.39	24.40	34.53	28.16	39.69	9.87	83.04	58.37	63.66
9.11	0.53	10.02	0.61	2.87	8.70	8.70	1.62	8.47	7.69	0.00	0.24	3.77	65.25	71.59	65.26	69.47	70.09	40.00	39.71	36.61	73.57	62.21	78.65	43.33	41.29	59.73	49.40	82.54	42.54	53.04	26.35	5.03	18.01	29.80	28.37	3.41	50.26	40.14	9.21	26.07	1.57	2.13	1.35	1.76	5.23	9.03	20.09	61.78	45.22	73.57	42.02	38.93	24.08	45.67	25.88	40.35	4.36	71.58	51.51	48.26
11.49	0.68	9.16	0.60	2.67	8.35	9.50	1.48	10.15	7.18	0.22	0.00	3.01	65.83	66.58	68.08	60.75	71.50	47.51	39.10	42.01	68.51	69.35	75.96	43.23	37.21	60.01	54.70	88.18	42.53	54.07	23.48	5.42	22.41	30.77	29.35	3.13	56.19	39.00	8.86	25.77	1.63	2.01	1.13	1.33	5.83	7.92	23.58	69.83	41.48	80.39	45.38	39.61	23.51	39.09	28.74	46.08	4.58	75.24	42.99	53.83
12.62	3.05	6.43	3.02	5.50	5.85	7.34	2.18	10.51	7.45	3.60	3.64	0.00	72.27	65.26	66.76	62.35	62.08	36.37	33.92	35.11	61.42	75.12	72.29	37.96	38.59	56.29	61.35	80.20	36.39	56.50	23.92	8.14	18.64	26.75	23.49	0.05	57.50	33.16	5.34	23.73	4.64	4.03	3.11	2.28	2.61	6.20	21.13	65.45	39.79	75.56	38.05	41.23	25.47	38.39	22.48	36.44	6.62	75.80	52.67	51.49
75.76	73.13	62.84	67.95	72.69	67.02	58.32	57.11	58.77	62.92	58.75	60.89	57.28	0.00	2.17	3.00	4.18	2.37	67.64	61.79	60.64	9.45	9.95	11.12	66.69	53.27	17.90	18.96	28.11	61.14	104.00	53.27	71.67	44.45	86.34	81.26	69.37	112.33	81.20	59.48	45.84	63.66	66.40	72.75	68.19	55.88	64.70	79.79	31.04	26.70	24.10	23.60	34.69	45.98	26.34	66.96	54.48	70.09	126.71	103.81	116.35
66.31	69.58	69.45	61.13	65.33	62.14	55.93	60.07	59.41	54.17	70.38	66.75	68.30	2.43	0.00	0.73	3.02	0.22	54.38	56.41	58.53	12.48	11.69	13.43	61.07	64.11	21.14	22.27	29.80	63.73	104.49	45.30	68.21	45.24	84.27	78.09	65.65	113.43	77.18	73.13	48.45	72.11	58.39	56.35	56.29	64.24	62.20	90.98	26.49	23.57	26.06	26.70	39.97	43.90	23.58	75.98	66.13	68.46	143.22	119.78	103.26
68.16	64.10	72.81	69.91	67.54	59.53	62.85	63.93	60.10	58.40	60.37	59.45	66.97	2.81	0.75	0.00	3.62	0.44	57.01	55.29	61.45	11.35	13.74	13.03	50.69	55.91	21.29	21.81	30.02	55.55	102.43	52.60	61.89	40.68	78.09	69.29	58.20	108.25	83.06	68.72	50.47	72.64	65.02	57.87	62.10	64.91	64.37	82.47	30.39	23.34	26.73	24.12	31.66	49.57	23.98	65.01	56.68	74.89	150.22	109.50	129.41
72.78	75.21	69.66	67.80	72.99	68.91	63.39	69.95	55.22	55.15	59.80	75.43	58.30	4.12	3.20	3.68	0.00	3.73	57.31	58.55	68.33	10.46	13.47	12.40	55.02	64.68	23.00	21.71	26.03	54.23	113.71	56.58	66.18	52.01	79.50	83.15	72.71	114.27	95.29	74.63	54.90	68.13	72.65	70.01	71.07	70.69	69.94	85.82	29.93	26.31	25.27	28.18	38.98	53.15	29.65	76.07	65.78	65.28	155.06	129.32	131.85
75.72	68.69	64.77	57.03	66.76	65.31	58.26	61.62	59.91	61.06	72.36	57.92	65.24	2.07	0.20	0.46	3.53	0.00	61.36	60.20	54.35	10.80	13.63	13.47	59.87	57.48	17.89	19.21	27.09	58.73	106.32	51.36	68.36	48.55	70.12	69.47	61.00	117.34	97.01	64.00	43.31	64.49	58.70	70.50	68.34	57.32	66.63	90.22	30.10	24.93	27.91	27.10	38.04	50.13	23.48	65.48	63.08	69.87	150.59	125.49	114.18
47.45	37.02	35.20	36.40	47.44	30.63	38.78	42.91	44.46	44.78	37.42	38.98	34.62	64.12	57.18	56.18	54.51	64.69	0.00	0.62	0.12	71.17	62.91	60.70	0.05	0.39	57.08	56.07	59.35	1.21	91.50	23.11	51.22	31.12	29.81	23.62	36.42	90.52	39.71	38.34	21.09	38.70	41.54	46.62	37.62	40.70	31.09	62.18	39.75	40.41	50.10	42.24	23.13	19.93	46.50	23.68	0.25	40.28	117.30	73.13	87.54
44.33	37.83	37.47	46.75	48.74	35.44	41.45	43.91	45.52	42.21	42.99	47.28	34.87	63.35	54.27	61.96	60.88	59.12	0.56	0.00	0.60	62.18	68.85	60.92	0.60	0.34	65.72	67.48	60.64	0.53	100.62	24.29	50.24	30.84	31.48	23.64	40.62	100.42	34.71	36.39	23.08	39.25	45.00	46.50	39.28	40.49	35.21	65.90	41.82	37.39	48.55	43.70	20.11	25.01	36.86	27.62	0.39	40.28	102.55	68.19	77.41
52.73	45.05	31.48	40.36	41.48	35.79	40.64	37.43	43.89	44.60	43.91	45.55	40.25	56.75	60.68	51.61	65.00	53.99	0.14	0.66	0.00	65.80	75.70	68.66	0.13	0.37	66.79	61.57	61.24	1.13	81.34	24.38	46.99	32.78	25.33	23.11	42.63	80.25	37.86	37.81	22.82	44.42	42.22	40.47	37.92	32.94	31.84	60.28	41.44	40.39	52.19	41.59	25.67	22.08	44.19	28.40	0.24	46.31	114.36	70.12	73.75
71.86	78.02	66.92	77.85	75.60	68.09	58.91	66.87	66.24	70.74	78.64	64.54	62.09	10.40	13.47	14.07	11.00	13.31	62.83	69.04	65.50	0.00	0.25	0.53	67.34	70.05	16.37	19.25	41.03	64.10	120.50	51.11	81.09	46.81	90.79	90.46	65.65	103.12	91.08	70.43	55.24	76.23	68.31	60.77	60.31	72.27	71.43	78.68	43.40	29.13	33.71	29.66	47.53	56.60	33.50	75.62	74.70	84.32	133.78	130.65	125.17
78.42	63.02	66.59	76.94	69.08	71.62	64.41	70.30	61.64	61.00	78.56	64.39	76.48	10.79	12.54	14.51	11.33	13.27	73.50	67.65	78.55	0.23	0.00	0.68	73.84	70.78	18.78	17.55	35.81	72.02	120.80	62.90	64.91	48.08	82.02	82.73	74.47	107.51	97.77	78.69	50.22	80.89	62.44	66.40	76.41	62.28	67.13	75.96	44.34	32.25	38.75	29.79	46.88	49.67	31.64	81.44	77.45	70.02	161.09	129.83	128.99
87.31	67.10	70.34	68.27	61.87	60.85	59.98	76.77	66.10	62.48	65.60	78.52	67.16	9.31	12.77	11.25	13.15	13.65	71.78	71.02	70.35	0.46	0.80	0.00	67.97	62.65	16.87	15.14	36.03	76.44	117.90	51.24	63.05	54.42	82.97	83.46	77.09	126.70	107.42	78.79	48.84	74.72	71.12	68.39	68.65	59.11	71.46	93.18	43.71	31.19	32.23	31.30	52.27	48.77	33.83	82.13	67.53	80.52	128.52	128.59	109.78
49.26	40.36	34.17	42.36	41.91	37.36	42.31	44.24	40.89	39.28	42.72	41.83	41.16	65.61	58.84	54.63	63.98	63.38	0.05	0.53	0.15	72.01	72.97	73.35	0.00	0.33	55.84	64.72	66.98	0.96	89.20	19.57	43.01	36.00	26.57	29.69	37.74	91.36	40.56	38.37	21.76	39.06	39.04	42.12	42.47	40.36	30.60	61.60	36.74	46.22	62.61	45.52	20.62	20.14	39.08	29.69	0.21	39.78	95.56	73.62	79.70
42.30	44.06	35.85	43.22	45.44	33.19	43.25	44.78	39.41	42.59	46.11	37.49	42.59	65.77	65.15	57.37	58.29	52.65	0.33	0.31	0.34	76.59	77.42	60.41	0.27	0.00	63.25	63.07	59.55	0.68	88.80	22.14	52.85	35.52	28.34	28.44	41.44	85.93	34.29	32.36	24.63	40.65	38.50	37.17	37.39	40.85	35.89	61.12	36.24	40.11	49.07	37.12	24.53	22.61	40.85	25.83	0.09	49.30	102.65	71.57	78.34
72.59	59.30	62.08	53.08	58.83	47.65	49.06	48.36	40.75	54.16	61.30	54.79	52.54	18.31	22.45	21.50	22.06	19.83	57.00	68.49	64.22	18.83	18.35	18.06	67.99	55.67	0.00	0.43	54.41	54.44	99.86	40.54	52.68	37.86	72.89	75.57	56.04	98.70	91.43	63.19	43.29	59.50	48.47	55.21	59.01	52.36	49.58	65.76	39.28	19.67	41.66	22.97	38.54	41.90	20.84	72.80	59.66	65.00	120.66	109.12	96.14
60.80	48.71	65.18	59.93	49.60	46.83	42.77	51.96	50.32	51.78	55.59	55.48	49.77	18.31	18.79	20.11	20.68	19.04	56.00	70.04	60.85	15.57	17.52	15.24	64.64	62.98	0.56	0.00	49.04	60.06	96.60	48.23	60.87	34.65	67.74	74.59	53.16	112.35	78.29	56.59	40.51	56.66	48.24	55.47	50.13	47.23	53.27	61.00	39.79	20.29	41.70	22.46	45.13	44.18	19.39	69.05	55.26	60.99	118.46	99.48	98.14
97.71	79.87	72.29	78.14	78.61	76.26	78.96	83.79	71.33	83.82	78.25	77.28	90.69	32.08	31.49	26.16	26.80	25.86	60.80	58.51	65.69	34.95	37.67	35.48	54.46	56.84	48.52	52.47	0.00	62.00	131.44	64.16	77.18	68.04	96.76	89.07	78.65	130.63	85.91	70.97	63.08	83.11	86.58	80.52	76.06	71.17	80.81	101.78	24.13	40.84	6.03	45.12	47.60	53.57	39.92	84.99	63.04	88.20	162.36	125.20	145.47
43.38	40.37	34.77	39.58	50.45	36.08	38.85	38.21	47.86	40.72	42.07	46.57	40.65	57.95	52.37	52.95	64.40	55.78	0.98	0.44	0.99	61.96	68.37	61.31	1.03	0.85	58.77	68.96	60.71	0.00	94.37	23.40	42.53	32.92	26.50	28.41	40.91	87.57	38.08	34.15	18.89	41.20	40.37	37.30	36.95	36.25	33.08	67.60	41.74	40.58	57.56	40.00	21.47	23.81	40.60	28.32	0.90	43.58	98.22	70.26	70.03
51.02	48.96	62.87	53.14	45.48	54.55	69.68	49.46	53.03	61.15	48.34	60.45	49.51	124.25	117.88	118.57	124.99	116.37	90.30	87.22	102.56	121.19	119.69	108.90	102.58	88.13	103.20	87.79	144.43	89.82	0.00	83.44	51.26	79.15	75.72	68.06	55.04	0.26	73.63	60.92	82.53	52.56	49.31	56.22	59.72	63.73	61.74	29.68	131.37	94.07	128.58	102.76	99.42	88.68	80.70	62.05	84.67	46.04	34.49	34.23	35.90
32.92	25.34	23.01	26.84	31.00	16.83	20.80	24.08	26.62	20.19	26.14	23.82	22.84	51.84	46.55	42.52	52.36	41.98	24.37	22.96	22.15	58.21	59.32	59.18	21.64	22.85	39.29	41.70	53.50	22.61	86.60	0.00	33.96	9.75	26.40	23.22	24.61	71.48	46.57	21.63	0.17	24.49	24.85	24.70	26.87	17.90	18.02	49.87	44.38	27.82	48.43	27.02	15.22	0.65	24.55	25.72	20.23	25.44	91.25	75.26	71.58
8.99	6.66	12.83	5.37	2.69	14.20	13.65	6.93	9.36	9.91	5.25	6.07	8.70	76.59	75.78	59.30	64.16	70.07	53.12	53.86	44.06	72.42	80.04	79.96	50.97	51.86	59.76	51.31	77.97	45.12	47.20	32.52	0.00	26.88	34.29	33.66	9.07	53.37	43.91	14.31	34.31	4.02	7.01	6.24	7.55	11.74	13.90	15.08	64.43	45.97	78.96	45.17	40.86	32.50	45.41	33.21	42.98	4.87	71.58	53.15	52.75
32.51	20.44	18.88	21.02	19.76	13.98	12.10	17.02	16.11	15.95	21.11	21.95	19.92	43.40	43.32	49.70	43.35	49.48	29.87	35.85	34.03	54.87	54.40	53.05	34.65	34.71	43.79	36.79	68.53	32.99	70.38	11.19	22.82	0.00	36.93	28.69	19.96	64.50	43.68	20.33	10.41	23.90	17.77	16.80	16.75	13.62	14.04	39.74	47.54	20.73	53.00	20.22	23.04	9.77	21.92	33.60	31.93	27.06	92.39	59.40	73.45
27.84	27.63	19.65	25.52	27.76	26.43	29.75	27.20	35.16	30.31	30.18	29.15	26.03	72.58	74.20	67.94	82.13	86.03	28.50	26.06	27.58	96.93	75.74	89.61	29.58	27.47	71.64	78.48	78.37	30.05	75.82	33.51	36.15	35.37	0.00	3.85	25.73	68.08	12.86	19.28	26.75	32.06	33.92	32.16	30.08	28.67	22.85	44.42	68.59	57.83	75.62	54.21	44.59	28.22	51.63	3.85	29.46	29.84	87.97	51.42	45.04
28.22	28.41	15.27	25.65	25.32	19.42	29.19	23.25	35.77	27.39	25.53	27.77	21.65	83.64	81.04	69.87	70.27	66.88	29.25	27.22	25.89	88.15	83.12	77.66	25.72	26.13	76.02	65.03	75.19	23.80	71.41	28.57	31.55	28.50	3.35	0.00	23.42	61.71	13.53	19.11	26.12	27.16	24.74	27.41	24.93	23.14	20.77	41.35	62.92	48.87	77.88	46.53	38.15	29.44	46.46	0.54	26.04	25.35	74.53	48.40	47.46
12.85	2.83	6.06	2.59	6.18	5.00	8.19	2.15	11.98	7.99	3.50	2.87	0.05	59.01	70.16	64.46	60.06	68.73	34.56	34.03	38.56	63.17	69.43	72.18	39.36	36.81	49.87	50.34	80.30	42.86	62.33	21.96	9.81	20.19	24.97	22.35	0.00	62.77	39.21	6.08	24.69	4.58	4.10	2.93	2.10	2.64	5.55	27.01	68.72	37.98	67.70	43.45	41.37	22.44	40.62	24.65	34.93	6.73	70.15	52.66	58.18
48.76	48.98	61.17	58.99	51.44	67.79	66.95	60.89	62.34	64.46	47.36	53.00	61.15	115.57	118.94	108.47	110.39	117.40	81.33	80.33	89.41	125.66	106.45	132.37	97.89	97.62	109.11	107.46	122.99	85.07	0.23	71.42	51.14	81.75	62.61	67.51	57.47	0.00	67.67	58.08	82.00	58.93	53.29	57.72	50.82	62.37	70.37	29.72	120.36	102.26	138.09	91.13	104.77	86.11	85.13	67.28	96.47	56.72	28.35	30.33	33.58
38.39	34.39	29.48	35.43	39.66	37.03	39.40	34.33	46.45	45.41	37.40	38.25	34.14	84.61	99.08	89.83	99.27	85.65	32.42	36.83	31.55	92.21	87.02	87.84	40.09	36.63	88.98	82.52	94.66	34.20	63.50	44.61	36.20	41.90	11.13	13.08	38.53	64.72	0.00	30.97	43.64	39.80	43.97	38.29	40.17	33.07	38.56	51.45	71.94	59.97	84.04	60.65	49.45	43.19	65.34	14.26	36.79	32.33	64.97	48.13	44.17
15.70	9.42	0.44	9.12	11.28	5.58	11.56	8.20	17.27	12.55	9.09	9.44	6.19	65.80	56.87	71.94	73.01	70.32	31.73	33.65	35.86	71.15	79.87	65.34	31.34	29.54	55.86	63.20	84.21	37.91	52.14	20.11	16.07	20.77	18.92	19.35	6.26	60.84	33.93	0.00	20.46	11.12	9.94	8.57	8.86	5.54	5.14	24.95	56.00	42.82	69.59	44.52	36.09	23.27	42.74	17.40	30.84	11.49	86.15	51.47	51.65
36.85	22.22	19.98	24.80	24.49	18.21	18.46	22.29	22.87	20.69	25.10	23.09	24.30	48.79	46.01	42.25	48.77	42.86	23.05	22.03	21.36	53.12	51.86	60.36	20.51	23.96	47.69	47.71	53.85	19.24	83.09	0.14	26.80	9.67	27.54	29.35	24.24	77.31	36.25	21.44	0.00	24.90	21.86	26.81	24.81	22.23	18.70	45.02	36.79	21.50	47.56	22.69	13.20	0.44	25.64	25.65	21.29	25.72	102.20	79.02	74.60
8.90	1.87	8.65	1.97	2.15	10.14	11.26	2.68	11.42	8.45	1.67	1.81	4.54	66.22	64.21	63.67	63.16	67.60	45.82	46.38	47.58	74.16	77.83	64.50	40.95	40.23	48.99	55.20	93.89	40.97	48.33	27.77	4.20	20.18	27.66	27.23	4.39	46.17	41.34	9.54	26.40	0.00	3.76	2.90	2.90	7.94	9.56	21.72	62.45	47.87	81.99	45.94	41.80	28.28	38.68	28.53	45.15	2.81	71.09	50.31	47.11
13.73	2.97	9.01	2.52	3.69	7.84	5.86	2.13	7.69	4.32	2.44	2.03	3.43	55.57	64.15	57.65	72.92	56.66	38.28	43.42	40.64	71.13	60.77	68.45	43.61	47.07	54.23	57.89	89.90	41.98	51.19	25.11	7.19	16.52	30.87	25.81	3.80	57.81	36.62	10.15	24.13	3.57	0.00	1.19	1.46	5.29	7.85	20.63	55.73	43.56	84.78	43.12	33.73	26.16	44.40	29.93	39.25	7.40	75.07	48.59	54.76
9.94	1.33	8.76	1.03	3.73	8.90	6.69	1.21	9.28	5.71	1.14	0.96	3.43	72.20	65.82	64.61	75.45	72.07	41.46	46.53	45.69	72.98	72.46	72.29	38.47	40.77	54.15	53.35	84.11	41.09	55.93	26.65	6.20	19.85	32.38	24.39	3.17	50.99	43.69	10.27	21.96	2.34	1.20	0.00	0.83	5.74	7.77	19.98	56.29	38.66	72.96	37.17	37.42	23.72	41.14	24.25	44.04	5.75	72.68	46.55	54.90
11.59	1.75	8.28	1.01	4.03	8.11	7.35	0.58	9.01	6.03	1.43	1.33	2.63	65.82	59.16	66.25	63.68	58.79	38.74	39.38	45.44	64.75	73.83	69.07	36.19	39.88	55.89	50.45	90.61	41.00	49.95	21.09	6.09	19.28	31.84	27.05	2.19	51.19	37.31	7.61	22.70	3.02	1.80	0.94	0.00	4.23	7.14	19.87	58.29	42.35	66.73	40.51	41.61	25.01	35.74	26.39	35.91	6.22	73.40	52.37	57.89
16.59	5.31	5.28	5.77	8.84	3.04	6.34	4.42	10.42	7.26	5.27	5.16	3.13	60.01	61.81	56.38	58.04	69.03	39.56	35.66	33.11	68.48	68.40	61.50	37.73	34.33	56.64	56.51	74.87	38.04	61.92	18.66	10.06	14.93	29.10	20.90	2.55	52.71	32.59	5.95	20.70	7.08	5.38	4.95	4.24	0.00	3.50	27.13	66.98	37.42	64.91	34.02	36.36	19.48	36.14	21.66	41.19	10.43	73.73	57.50	56.95
18.24	7.79	5.21	9.03	10.67	0.08	6.85	6.71	11.97	9.45	7.93	8.44	5.83	62.85	61.33	63.61	59.05	59.03	36.71	37.28	33.17	72.31	71.43	64.88	36.30	33.28	50.84	57.80	78.91	29.29	67.73	15.51	13.39	13.84	26.32	19.99	6.44	64.11	33.66	5.08	15.69	9.62	9.03	8.18	7.66	3.36	0.00	32.46	60.52	40.14	66.44	33.41	28.96	15.69	32.96	18.33	37.14	11.88	84.62	56.91	51.01
13.51	20.16	25.20	21.20	17.81	27.84	27.18	23.76	22.78	22.66	23.73	20.33	21.35	89.25	89.32	71.83	81.38	84.28	63.07	54.98	65.22	96.32	97.13	91.94	63.63	59.86	70.96	65.90	116.68	59.95	35.66	43.59	16.03	45.35	42.70	44.03	24.38	31.83	52.72	29.07	44.53	17.56	24.57	21.10	20.32	24.37	27.02	0.00	96.76	65.55	99.83	58.68	67.50	43.67	52.29	41.02	58.37	19.67	59.25	39.55	42.70
73.41	61.33	68.30	68.86	75.75	51.61	56.66	57.14	62.85	64.62	61.34	67.19	67.06	30.31	30.83	27.73	28.29	26.20	42.06	43.72	39.62	43.00	42.70	41.72	36.31	35.48	47.59	47.36	22.34	40.66	129.33	38.51	69.89	51.51	71.29	66.86	64.40	109.60	71.23	53.55	39.67	63.47	63.35	69.61	57.99	61.66	50.93	89.96	0.00	28.00	15.23	35.41	26.46	35.62	28.54	59.07	36.43	75.81	150.61	105.39	122.61
46.40	46.47	39.62	45.69	37.97	32.37	32.51	38.95	35.51	34.93	46.46	44.07	42.15	25.63	22.17	21.98	27.00	26.87	36.33	36.76	39.25	34.86	30.63	31.87	41.68	41.85	20.83	20.21	43.66	38.98	91.44	21.95	42.71	19.38	52.52	56.75	39.52	92.62	61.08	37.94	25.04	41.77	36.71	42.01	40.57	33.01	35.24	63.92	29.86	0.00	34.62	0.18	18.27	21.66	0.44	50.25	45.25	40.62	106.12	78.58	87.33
81.95	83.39	67.57	68.48	77.27	71.80	63.01	70.28	82.10	79.17	74.39	85.09	76.35	27.17	24.43	22.02	22.54	23.28	63.31	62.76	53.20	33.43	36.33	36.66	56.75	61.77	44.78	41.37	5.88	56.80	132.29	58.33	76.45	62.57	76.26	74.71	83.99	124.39	98.39	66.34	55.81	82.71	79.41	86.36	75.58	78.94	72.35	91.83	15.11	34.99	0.00	35.56	35.28	52.21	36.59	69.01	58.50	75.16	153.89	109.91	114.63
56.07	40.16	36.28	40.34	45.15	35.86	35.87	39.37	38.41	34.70	41.00	37.47	39.80	27.25	26.93	21.12	28.74	23.55	46.05	42.85	42.54	31.05	30.19	29.09	44.04	43.61	24.04	22.97	42.07	44.01	85.13	23.64	40.82	23.98	56.91	57.31	36.34	100.58	71.61	41.07	25.83	39.43	38.91	45.18	44.27	35.73	34.99	61.63	29.09	0.14	39.03	0.00	17.02	26.40	0.52	53.99	40.76	46.97	109.89	96.88	84.24
49.19	38.79	38.91	37.01	41.99	31.35	31.98	35.28	33.53	38.79	35.06	44.02	35.31	37.94	34.50	36.35	43.82	40.53	24.16	21.66	23.96	51.21	51.46	41.32	22.47	22.88	39.11	37.25	46.54	19.88	83.20	15.55	50.76	19.27	40.17	37.20	41.00	101.03	57.36	38.58	15.29	43.46	36.64	35.36	38.35	36.69	28.61	59.93	22.88	20.59	44.68	17.10	0.00	13.56	17.77	35.10	21.08	47.51	111.33	86.03	92.46
32.10	24.98	22.15	26.80	25.20	16.05	19.12	25.39	22.34	20.66	23.73	23.66	22.04	50.69	52.41	41.88	46.77	44.28	24.78	20.03	20.24	60.86	52.66	59.48	20.01	24.56	39.59	46.92	54.96	19.46	76.93	0.60	31.84	8.72	27.41	24.06	24.27	74.57	38.78	21.48	0.40	28.89	25.40	24.06	23.94	21.15	15.78	52.43	35.26	26.02	50.21	26.25	15.87	0.00	24.15	23.98	23.05	27.09	96.20	72.52	71.42
56.30	37.35	40.42	43.95	43.42	37.04	30.72	35.84	33.84	39.64	40.49	42.04	36.38	23.47	22.14	25.78	26.36	21.69	37.73	44.20	41.82	31.36	29.47	30.89	39.34	39.51	22.15	20.61	45.00	43.85	90.03	28.08	41.49	20.12	51.00	55.49	44.77	83.80	63.31	37.23	26.43	47.77	36.01	40.26	39.91	33.28	39.14	52.92	28.11	0.36	38.56	0.49	20.95	23.53	0.00	50.74	44.35	49.83	131.28	94.15	97.62
24.69	25.91	17.75	25.31	28.38	21.28	25.31	25.04	33.54	29.12	23.79	22.33	22.78	78.29	77.33	77.16	77.63	80.25	28.84	26.05	23.85	82.16	72.91	77.60	24.21	26.48	73.10	68.31	85.91	28.48	71.04	28.63	32.82	33.05	4.50	0.49	22.96	68.29	14.63	14.79	23.96	23.01	26.94	25.09	25.92	23.55	23.07	45.33	59.44	46.67	80.33	52.66	37.06	28.33	48.84	0.00	27.29	26.96	82.88	52.26	49.88
52.46	42.99	29.91	42.32	41.01	35.77	36.37	42.14	42.96	39.53	47.05	38.19	35.82	56.98	60.86	56.49	56.43	65.06	0.30	0.42	0.27	69.81	68.27	69.25	0.22	0.08	58.17	60.23	55.10	0.83	89.34	21.91	42.53	34.49	26.46	27.79	41.44	90.84	34.53	36.52	24.19	39.03	45.75	38.64	38.11	34.89	31.90	57.29	42.89	35.97	50.58	45.34	22.91	20.86	45.23	26.94	0.00	41.91	96.80	81.60	86.85
5.96	4.65	10.90	4.74	4.01	12.75	14.06	5.73	12.11	10.41	4.56	4.40	6.32	76.78	66.41	61.15	70.96	61.27	46.95	41.92	42.93	82.73	65.26	71.12	38.90	43.83	56.91	57.28	78.34	40.98	55.63	31.79	4.82	26.64	28.55	22.73	6.57	44.03	33.30	11.51	30.56	3.33	6.43	5.18	5.32	8.72	13.35	19.64	76.44	44.26	80.10	42.77	47.73	32.40	45.23	26.00	45.48	0.00	74.37	47.67	54.65
57.47	68.99	87.13	72.73	77.11	92.99	90.78	76.18	80.38	88.29	75.79	78.10	77.99	157.33	157.69	143.93	142.76	136.67	96.43	93.36	92.36	151.79	129.80	151.07	115.81	110.33	121.45	112.40	158.78	101.58	30.94	97.01	74.98	96.68	82.06	70.14	81.62	26.70	77.50	71.60	109.95	74.97	81.98	75.62	86.98	86.45	90.00	65.60	129.58	120.32	158.44	113.40	113.81	94.45	127.73	85.02	115.64	66.31	0.00	29.50	25.45
35.80	43.93	45.72	55.58	52.50	55.70	60.24	52.22	53.40	54.97	44.82	51.65	44.00	127.55	102.34	116.16	128.89	118.15	82.86	78.67	80.22	117.35	116.32	104.15	66.14	85.07	111.86	100.81	137.95	75.23	31.43	74.03	41.15	68.18	47.61	54.87	49.81	29.68	47.84	46.20	73.07	50.46	52.17	53.84	51.67	56.40	56.44	32.75	102.76	85.63	129.35	79.31	85.11	78.52	98.25	45.18	83.51	39.49	33.39	0.00	4.16
38.97	46.26	52.06	49.93	57.14	57.16	57.61	48.19	67.88	53.49	51.88	52.05	47.65	108.76	126.26	123.85	105.52	107.59	71.86	84.62	81.78	125.58	114.67	129.73	72.13	70.96	120.73	97.21	145.44	85.64	30.38	73.12	53.43	78.18	57.23	54.26	49.57	34.90	40.61	51.05	75.59	47.68	55.97	50.96	52.01	59.36	56.48	41.73	125.24	102.30	131.16	96.85	84.82	72.45	87.06	46.61	81.09	44.98	26.58	4.09	0.00
~
Delivery quantities;
0 2 11 3 8 10 0 0 20 1 10 10 1 2 0 0 5 3 1 1 1 0 4 8 6 0 2 1 4 1 1 0 2 2 3 0 3 2 1 0 2 2 0 6 3 1 6 3 3 1 1 6 1 0 6 4 2 0 4 3 
~
Pick-up quantities;
42 20 0 28 44 12 4 36 24 0 4 36 0 16 8 20 12 0 0 12 0 20 12 6 0 24 0 0 8 0 0 6 6 4 0 12 0 18 0 8 4 8 6 4 12 0 8 0 12 0 0 12 0 8 0 4 0 12 12 4 
~
Vehicle capacity; 
100 100 100 100 100 100 
~

