Cost matrix;
0.00	15.33	17.01	8.30	9.79	13.91	9.99	18.24	0.83	0.88	14.99	16.03	12.11	68.70	71.83	70.90	70.00	80.91	55.07	92.30	70.23	81.19	83.38	76.49	90.20	38.90	37.39	40.41	35.00	44.02	13.77	13.07	14.42	32.99	25.34	9.11	11.21	9.08	27.77	20.03	33.01	13.33	45.60	35.80	41.09	42.26	60.73	18.52	13.15	5.61	14.25	12.95	61.96	41.51	53.10	33.41	39.37	43.64	105.78	97.41	94.00
15.62	0.00	0.51	8.62	9.76	4.23	7.41	4.05	18.47	18.16	12.75	0.77	5.95	50.76	59.03	64.73	63.99	60.12	34.48	65.25	66.66	64.65	63.60	57.47	70.28	25.13	30.60	23.52	23.05	46.94	8.40	12.98	7.28	22.42	32.66	9.33	6.68	7.51	20.71	31.21	45.02	3.97	57.78	37.55	53.55	40.51	68.76	33.70	6.25	14.82	13.40	29.29	45.38	23.55	45.19	30.75	23.40	30.05	83.75	90.51	77.18
15.47	0.51	0.00	10.03	8.91	4.63	7.61	3.29	18.09	18.44	12.29	0.45	5.87	51.87	65.04	66.07	67.80	63.98	38.19	78.25	60.83	62.89	59.52	68.86	58.71	27.17	25.49	23.44	25.65	43.49	9.06	13.35	7.52	21.70	27.21	9.93	7.32	8.20	22.28	34.11	46.42	4.69	65.37	46.00	54.19	50.84	67.04	28.70	5.58	12.35	13.78	32.05	44.68	24.62	44.84	28.14	27.57	24.58	103.25	92.91	81.08
8.84	9.44	10.46	0.00	0.66	4.98	5.98	11.40	8.08	8.04	13.75	9.34	6.07	60.80	77.51	69.67	72.97	64.99	42.66	75.78	72.81	74.00	80.30	66.32	72.79	35.40	28.97	31.43	27.34	43.80	11.14	13.86	11.18	32.81	31.76	0.47	6.32	5.71	26.98	20.92	33.43	6.27	56.40	37.76	46.85	37.34	57.90	24.19	6.55	8.65	14.16	23.24	46.35	34.53	43.10	31.71	30.58	36.11	102.30	96.09	73.98
8.69	9.17	9.13	0.59	0.00	4.21	6.95	8.55	9.09	8.43	14.93	8.35	5.66	61.53	66.47	69.05	75.43	64.82	40.93	87.10	62.79	64.02	79.47	79.64	65.98	31.42	32.53	31.37	31.22	50.81	10.20	13.32	11.54	28.07	26.68	0.51	6.06	6.21	24.16	25.25	37.99	6.43	47.71	35.23	47.12	41.08	52.24	25.39	6.01	7.99	14.49	22.05	48.08	27.57	46.64	26.62	29.42	29.63	90.69	87.60	71.19
12.71	4.67	4.12	4.22	3.91	0.00	5.94	5.81	14.12	12.44	13.45	4.76	3.52	69.35	64.07	67.85	66.54	68.76	37.54	75.15	68.53	71.24	68.89	74.67	68.20	28.95	27.36	27.34	26.90	43.84	9.25	14.65	9.45	25.14	26.49	5.04	4.61	4.58	21.15	24.88	37.23	2.72	55.57	40.67	50.80	46.52	59.74	25.05	5.37	10.43	12.07	23.37	41.74	30.37	42.65	25.63	29.99	27.37	102.67	92.84	86.65
8.78	8.94	7.69	5.56	5.66	5.78	0.00	11.15	8.69	7.90	7.60	7.98	2.47	68.31	74.29	70.81	78.58	59.58	40.65	79.77	73.57	66.55	81.07	81.38	75.44	38.88	39.12	36.66	29.17	45.43	4.84	8.97	6.37	23.02	25.92	5.84	2.27	0.66	18.33	28.43	45.46	4.58	61.50	43.58	57.77	44.19	59.83	27.93	2.23	5.07	9.53	22.73	46.90	34.22	56.85	37.30	33.96	37.59	98.57	98.25	87.57
20.16	3.95	3.14	10.68	8.62	5.51	10.68	0.00	17.72	16.76	17.29	2.67	9.31	63.29	63.25	56.54	57.97	53.71	34.12	73.29	59.60	60.70	62.15	62.49	65.21	24.94	22.12	24.59	28.31	43.05	11.80	18.72	11.04	22.00	35.67	8.93	10.40	9.86	26.24	29.44	41.23	6.36	58.56	36.11	59.76	45.21	54.64	30.78	8.86	14.15	16.16	31.34	44.50	24.55	43.83	22.63	24.55	22.69	95.69	78.76	82.94
0.83	15.40	18.18	9.34	9.02	13.48	9.67	19.64	0.00	0.26	14.28	17.42	12.52	71.84	67.40	78.74	81.33	78.14	54.41	98.39	69.32	74.62	75.61	83.00	81.22	40.30	39.05	41.42	37.93	44.03	13.85	14.50	15.14	33.87	29.09	7.65	10.58	9.05	28.66	18.54	35.35	12.10	49.54	36.55	40.81	46.16	50.19	16.28	10.88	5.38	15.73	12.68	58.94	36.29	51.57	40.45	40.84	39.35	109.76	93.31	95.08
0.93	16.08	18.00	7.86	7.75	10.79	9.19	20.33	0.24	0.00	14.40	17.70	11.14	68.11	86.18	81.84	82.42	70.77	52.50	76.53	81.88	80.31	85.22	69.24	80.73	45.65	44.68	43.42	38.64	49.23	11.18	14.16	15.41	35.56	25.87	9.34	11.53	9.56	24.16	20.11	40.39	11.49	48.25	37.13	47.21	38.66	58.83	19.93	10.69	6.20	14.30	13.68	47.87	45.28	51.43	34.10	39.71	43.93	109.77	101.44	98.59
12.47	12.53	13.14	12.65	14.76	12.12	7.67	14.71	12.78	12.93	0.00	15.52	8.81	71.96	66.71	59.80	71.31	64.16	36.93	78.59	69.28	79.82	80.30	74.94	67.15	38.82	39.80	42.07	18.93	33.74	3.72	0.37	6.78	23.17	17.68	16.14	7.36	8.28	10.81	29.73	50.19	11.62	63.28	47.67	53.19	49.90	61.58	35.41	7.54	7.88	0.88	27.20	54.08	43.28	50.54	38.05	40.17	38.54	83.91	89.60	74.61
16.91	0.80	0.51	11.04	9.82	5.33	8.08	2.79	17.91	16.43	13.02	0.00	7.11	55.78	54.43	65.74	55.43	59.25	34.25	79.09	55.96	62.46	64.22	64.09	57.15	27.66	23.04	26.59	21.85	37.41	9.81	14.67	7.29	22.51	28.69	9.10	6.08	7.71	18.51	30.22	46.34	4.95	58.89	38.72	61.35	51.20	62.40	32.54	6.79	14.03	14.45	30.68	49.51	23.16	44.96	28.79	27.05	28.98	90.76	100.31	68.08
11.62	5.17	6.54	5.85	6.55	3.79	2.30	7.95	10.30	10.69	9.58	6.82	0.00	60.68	72.01	58.00	68.23	60.26	38.09	82.56	60.00	61.90	64.98	71.90	71.44	35.58	29.57	34.45	27.14	38.37	4.70	9.66	5.02	25.88	27.99	6.95	1.07	1.95	19.06	30.53	41.41	1.85	54.35	37.09	48.03	39.47	55.70	29.02	1.03	7.81	9.79	27.12	49.37	33.09	46.54	36.43	33.17	36.00	105.78	104.05	73.79
80.30	51.10	59.21	65.54	61.56	56.66	61.86	55.44	65.69	72.95	71.17	56.32	68.55	0.00	3.03	3.29	3.57	2.83	25.33	24.13	27.96	35.74	37.04	37.26	11.10	43.42	47.14	45.20	52.61	62.96	59.96	61.53	62.49	42.45	63.81	75.89	55.66	63.44	56.82	88.02	81.08	62.12	108.71	84.11	118.62	105.89	116.64	89.78	60.53	69.83	67.14	78.85	61.83	51.36	36.77	62.40	51.94	46.24	48.32	37.95	25.30
86.72	63.45	64.54	77.53	65.45	59.99	70.22	56.48	77.69	68.29	64.46	61.71	59.51	2.99	0.00	5.29	3.53	5.52	27.64	22.84	32.01	39.02	35.37	34.97	16.84	47.05	47.89	53.53	51.52	64.43	70.00	60.41	58.10	51.80	69.12	68.92	64.71	64.80	67.34	87.64	102.23	64.61	114.52	99.92	109.89	98.85	102.54	97.96	64.48	77.93	71.58	90.65	73.19	48.85	36.74	66.24	49.47	48.16	44.32	29.92	23.27
83.32	56.82	67.14	70.70	77.23	61.72	70.09	58.26	68.57	83.90	66.25	58.97	62.39	3.41	5.99	0.00	2.34	1.70	28.53	24.39	26.37	32.25	34.77	34.46	9.08	48.30	48.92	49.28	45.60	63.09	69.15	59.11	57.15	44.58	81.96	72.29	70.73	75.47	60.09	86.79	98.04	65.41	113.37	95.58	109.16	94.64	99.90	86.21	58.94	65.58	71.27	96.54	59.69	46.80	33.44	58.52	48.15	54.83	54.35	35.42	23.95
70.21	57.64	55.76	65.62	63.07	61.53	71.90	63.03	73.38	83.63	66.14	69.55	69.35	3.89	3.17	2.56	0.00	4.41	26.90	21.14	35.12	31.42	38.30	31.86	11.56	50.84	55.17	48.13	55.36	62.02	58.99	62.92	67.57	47.47	86.63	64.42	73.84	66.03	69.11	98.49	85.63	62.02	115.74	90.62	109.42	108.30	94.61	99.33	63.64	67.51	61.92	92.71	58.49	50.54	38.12	66.88	56.58	53.64	53.48	33.85	22.63
70.45	53.23	60.90	61.64	63.33	67.81	69.78	58.28	85.22	81.72	66.26	64.33	59.07	2.43	5.57	1.82	4.26	0.00	25.64	26.24	31.40	31.64	34.39	27.10	11.08	47.62	43.51	47.00	49.82	55.78	66.41	73.58	56.33	45.56	71.82	69.48	72.33	66.78	58.74	101.91	85.21	65.33	107.92	98.68	120.86	90.00	96.43	81.52	60.35	72.47	58.01	77.06	60.69	47.35	35.20	62.45	50.16	42.22	62.41	41.27	26.66
50.25	36.44	36.96	41.78	44.21	41.52	46.74	31.37	54.92	49.75	39.30	37.73	41.21	20.76	23.12	27.05	27.64	27.41	0.00	42.38	42.21	42.80	45.73	45.05	33.55	29.63	31.33	31.06	21.79	43.71	39.86	42.23	33.02	22.71	49.16	41.27	42.64	40.51	39.75	58.66	72.90	35.03	80.78	72.24	98.80	73.11	89.24	62.69	34.42	42.46	42.12	56.73	58.79	28.28	34.04	50.27	32.25	27.75	71.58	56.71	42.29
82.40	67.27	68.53	89.25	70.87	84.59	84.89	82.72	81.85	79.45	81.79	64.03	74.83	21.97	20.47	27.63	22.60	27.78	41.15	0.00	56.73	50.17	55.93	60.34	38.90	69.01	65.83	72.38	55.98	57.62	75.72	74.23	67.25	57.73	87.22	72.59	69.49	70.87	71.63	97.24	108.16	67.73	115.39	107.23	129.80	110.22	129.61	99.88	76.46	72.52	70.95	88.52	80.29	60.84	57.16	89.42	72.35	72.77	28.13	15.97	0.34
79.73	61.28	57.88	75.35	60.59	55.73	73.04	64.49	73.98	70.75	66.89	60.44	74.30	32.57	30.97	29.33	32.69	28.46	35.69	62.02	0.00	3.17	3.34	4.02	18.30	34.63	39.16	41.28	60.04	82.92	76.63	62.82	67.10	61.75	85.41	65.99	72.49	65.16	70.62	77.35	75.64	66.59	91.88	74.52	104.13	89.91	85.00	93.88	59.56	66.80	63.89	93.60	45.03	33.37	17.57	55.77	35.15	39.44	76.19	66.85	59.92
76.74	56.52	58.19	65.42	71.97	71.77	76.06	67.29	78.51	70.70	70.95	60.86	62.17	33.67	37.93	30.29	29.81	28.60	36.80	55.84	3.58	0.00	0.35	0.54	21.17	42.14	43.98	39.47	57.92	73.68	65.30	72.28	71.87	61.17	82.95	66.38	73.09	66.51	76.49	80.13	78.99	65.00	98.31	78.51	103.27	90.03	83.46	80.23	68.93	73.19	78.18	86.85	43.79	41.31	20.05	59.02	36.16	38.52	89.09	57.36	61.65
80.04	65.54	66.69	76.83	72.21	72.38	66.54	64.49	72.48	70.52	83.42	66.53	71.42	32.54	37.05	32.65	37.48	32.43	45.39	54.41	3.77	0.39	0.00	0.23	22.51	40.53	36.11	40.57	62.91	78.29	65.49	75.99	70.73	66.08	83.34	77.76	62.64	75.66	74.02	86.24	76.30	60.56	108.82	85.28	106.14	79.96	85.22	85.28	61.10	79.69	84.02	81.77	42.45	39.74	20.80	57.74	42.08	44.67	88.26	72.06	53.42
69.97	60.36	69.05	66.26	69.56	67.01	64.46	68.46	86.66	84.27	68.39	57.00	61.67	35.37	37.95	32.58	35.11	29.94	46.24	57.46	3.48	0.59	0.26	0.00	24.94	41.99	40.50	38.78	69.33	91.74	75.39	78.52	74.69	61.61	96.73	75.65	61.09	74.09	82.75	84.16	84.02	75.02	94.00	81.03	105.10	87.22	88.96	98.39	75.42	83.24	73.37	88.84	47.28	42.22	23.65	49.58	39.11	40.00	77.33	58.69	60.87
80.89	56.01	71.21	77.89	73.87	65.08	78.66	63.37	87.29	77.85	67.77	64.76	64.51	13.28	13.80	10.07	12.28	11.33	34.77	33.47	20.34	20.73	22.26	21.23	0.00	42.13	52.28	44.55	59.76	70.36	78.68	67.42	66.74	48.49	73.19	70.03	72.23	69.28	71.68	90.52	95.03	59.43	110.51	80.46	132.61	92.26	94.13	104.19	66.14	79.50	61.96	94.08	53.74	50.51	30.95	62.61	49.27	42.70	69.30	49.08	36.86
39.43	27.49	26.20	30.30	34.22	30.42	32.27	23.04	43.69	43.09	42.75	26.48	28.32	48.45	49.42	48.91	45.45	40.73	29.56	74.95	36.27	41.94	38.16	36.03	44.40	0.00	0.17	0.91	35.64	53.67	33.11	43.78	36.31	37.44	50.10	35.16	36.76	36.71	40.95	46.51	50.41	33.16	63.27	42.92	77.87	46.93	62.39	45.73	35.74	38.59	41.50	51.82	24.23	0.68	15.63	17.18	0.44	0.41	85.45	83.12	67.38
41.24	23.81	29.45	34.32	34.71	25.74	36.95	24.43	44.57	44.88	38.07	23.38	31.03	51.33	48.09	44.02	43.67	46.52	29.95	64.17	40.29	38.83	40.46	36.24	45.84	0.21	0.00	1.17	37.70	52.67	36.71	35.26	32.19	33.84	51.48	30.20	31.73	36.01	39.55	47.10	44.81	34.44	69.18	43.35	69.31	45.43	56.73	51.90	28.95	43.10	40.00	46.83	22.81	0.96	16.18	16.77	0.63	0.64	84.35	90.68	67.60
37.73	28.76	27.44	30.85	27.59	31.47	37.68	22.40	44.19	45.13	42.22	22.97	29.36	52.26	49.96	51.70	50.16	42.70	33.36	75.55	35.40	42.90	39.42	44.56	48.88	0.81	1.08	0.00	40.28	65.34	34.50	37.94	32.87	38.71	51.45	34.42	36.28	33.49	42.92	45.16	43.20	26.71	71.84	49.15	68.50	45.23	55.52	50.50	31.95	38.98	36.18	46.37	22.21	0.59	16.88	14.76	0.84	0.49	106.27	94.61	60.24
31.69	21.55	23.46	29.38	33.15	25.85	26.34	24.52	33.34	33.49	23.29	20.74	26.93	43.02	44.85	43.54	53.09	43.87	24.39	58.13	66.16	66.83	61.17	59.18	55.18	34.78	41.25	41.46	0.00	22.83	22.92	19.26	21.61	0.49	27.63	33.60	21.94	23.21	13.58	51.43	70.45	26.87	73.96	70.28	85.89	60.20	85.95	49.71	27.02	28.59	19.91	41.22	62.65	40.24	42.14	45.74	35.43	39.45	81.14	76.29	49.24
49.01	44.71	37.15	44.58	50.47	46.85	37.44	42.50	45.52	47.22	35.11	46.32	45.96	60.19	56.81	66.43	62.62	55.18	41.59	60.29	72.48	86.72	88.52	87.01	63.16	54.38	58.61	66.56	19.73	0.00	37.85	30.58	38.19	24.57	26.03	49.06	36.30	44.30	22.98	62.01	72.79	45.94	89.48	84.19	97.51	90.38	100.30	61.02	37.67	40.87	35.31	53.87	79.44	53.01	77.02	74.59	66.31	65.89	74.81	75.04	54.52
13.16	9.96	8.64	10.01	10.97	8.74	4.26	13.43	13.89	13.03	3.65	10.08	5.60	68.68	58.51	73.84	64.99	65.33	36.36	72.72	76.57	75.70	67.97	69.67	72.59	39.63	35.90	33.53	23.59	39.29	0.00	4.22	3.25	20.10	18.83	11.69	4.57	4.96	15.78	29.14	45.26	5.98	58.31	40.36	51.61	55.70	65.89	29.60	3.99	7.36	4.42	21.55	50.60	40.33	45.93	33.39	38.75	35.71	102.13	93.21	69.25
12.82	14.50	13.38	13.25	16.19	14.46	9.19	17.25	14.41	13.23	0.37	14.41	10.05	67.07	59.90	71.14	73.77	73.42	42.43	66.31	72.55	66.32	77.69	72.35	66.43	39.50	43.09	43.65	20.79	37.15	4.02	0.00	6.17	20.87	16.26	15.23	8.89	9.17	10.82	33.89	49.24	11.21	54.29	54.26	59.82	60.34	77.82	34.20	8.19	9.74	0.44	24.71	52.17	43.50	54.59	38.02	42.34	41.56	86.81	87.90	70.47
16.55	8.09	6.74	11.51	10.22	9.03	5.28	10.38	13.97	14.12	5.85	8.13	5.03	56.56	58.07	59.38	57.26	63.32	32.35	71.44	61.73	68.31	68.66	63.01	66.65	34.28	29.72	30.40	17.78	34.53	2.92	6.16	0.00	22.28	24.81	12.34	4.76	6.57	13.23	33.69	42.92	5.47	54.53	47.57	54.39	48.52	64.11	31.12	4.71	8.53	6.39	30.60	48.73	35.71	54.05	40.26	33.10	35.64	98.14	93.61	74.84
33.81	25.27	24.28	30.55	30.38	26.09	26.82	25.87	30.17	34.27	19.66	25.14	22.86	42.16	41.31	47.26	52.71	52.99	24.69	59.60	55.06	59.82	65.23	66.80	58.66	33.39	42.16	34.48	0.50	24.54	21.67	20.74	17.55	0.00	30.06	30.82	22.55	26.65	12.26	57.31	71.75	23.43	81.99	70.58	87.81	75.16	80.15	53.84	23.37	27.80	17.97	46.19	67.13	33.87	46.33	41.96	38.69	33.95	81.91	64.35	60.99
25.03	26.23	31.50	26.42	31.69	28.92	23.00	37.76	29.52	29.89	17.49	32.32	24.89	82.28	81.07	76.41	72.61	70.06	47.72	85.57	94.41	78.40	86.15	97.01	87.23	50.57	61.33	61.66	25.63	29.83	21.86	16.57	23.19	30.51	0.00	27.39	24.47	23.29	15.19	46.72	62.04	31.21	71.47	56.89	59.46	73.91	88.45	46.43	22.47	19.94	15.05	29.21	83.33	57.66	70.21	61.48	54.97	51.91	98.25	100.82	79.64
9.33	9.16	9.50	0.50	0.43	5.09	6.67	9.35	8.28	9.36	13.61	9.77	5.87	64.13	70.66	64.74	80.69	75.16	44.80	72.24	59.34	66.28	63.40	68.73	75.50	34.33	36.16	35.20	34.74	47.92	10.17	15.16	10.42	34.16	31.97	0.00	6.51	5.25	24.61	20.63	35.78	7.23	44.92	30.66	54.70	34.78	51.57	23.02	7.92	8.72	15.18	21.03	51.10	28.31	50.51	26.67	33.87	32.44	106.24	86.89	80.85
10.27	6.64	6.95	6.19	6.96	4.26	2.51	9.84	10.95	12.03	8.53	7.85	0.94	66.17	57.09	70.09	74.56	57.38	42.78	69.15	69.27	66.28	65.53	67.80	62.04	32.43	34.91	33.52	23.36	45.18	4.49	8.66	4.38	21.03	27.54	7.05	0.00	2.14	16.27	30.23	37.56	2.28	57.69	46.68	51.00	46.51	54.57	28.73	0.09	7.13	9.14	23.90	55.79	34.15	44.20	33.22	31.16	35.35	102.51	103.21	74.54
9.04	7.35	7.37	5.38	6.03	5.74	0.62	10.43	8.47	8.53	8.24	9.53	1.91	70.94	59.01	66.49	70.04	64.17	36.54	80.47	64.28	62.64	79.32	62.49	77.06	37.43	33.82	30.77	27.99	42.24	4.92	9.25	5.41	26.60	25.68	6.74	2.15	0.00	19.62	26.81	37.65	3.99	50.64	37.58	60.16	44.84	54.33	25.34	2.24	4.88	9.39	21.32	53.05	31.41	47.51	33.46	32.68	33.16	105.33	93.81	69.01
28.42	19.75	21.98	24.95	26.87	22.13	17.83	26.35	28.00	26.67	11.66	18.63	19.89	51.88	64.66	67.47	63.85	53.97	33.73	65.08	73.13	71.25	78.77	66.87	66.78	44.95	46.33	44.66	12.89	24.72	14.48	11.63	13.25	12.25	13.22	23.97	17.29	20.68	0.00	45.12	64.75	20.55	81.36	61.19	62.39	66.63	88.80	45.77	20.16	18.34	10.46	39.43	72.99	41.87	56.27	53.93	46.42	42.78	76.00	90.10	68.78
18.87	28.79	33.36	23.10	25.30	28.51	26.82	33.21	19.09	18.16	35.30	30.57	31.17	82.48	98.03	81.92	91.08	96.51	63.93	99.15	79.63	83.59	78.44	97.56	101.40	52.82	44.44	51.86	45.90	66.21	27.41	32.43	36.69	50.74	36.53	25.23	31.34	28.24	41.33	0.00	23.46	29.56	28.69	23.63	23.98	28.09	44.64	0.35	26.91	24.76	33.85	12.10	60.97	44.44	68.32	42.57	44.36	48.45	129.72	123.48	93.68
38.77	38.32	36.94	32.01	31.47	42.19	45.82	35.46	37.64	34.60	53.58	36.45	35.91	98.83	105.64	81.50	90.67	96.38	65.65	96.67	84.07	87.51	89.96	89.22	98.65	50.63	46.19	46.00	66.36	79.85	43.80	53.60	45.76	69.46	64.17	37.96	37.07	37.66	64.05	21.68	0.00	38.05	25.62	0.47	26.48	5.42	21.88	26.45	46.17	40.85	49.79	31.96	46.60	50.53	58.11	30.76	47.03	45.51	140.11	120.16	112.57
14.58	4.39	4.76	6.53	6.99	2.92	3.87	7.70	14.19	14.11	10.84	5.01	1.67	65.72	55.91	66.48	72.35	63.34	33.81	67.88	66.10	64.97	59.36	69.98	65.43	27.16	30.35	28.91	23.75	39.17	6.25	10.99	5.80	22.59	24.82	7.39	2.53	3.98	21.11	28.64	43.29	0.00	56.21	36.25	61.35	48.85	63.06	31.93	2.59	9.90	11.86	22.53	44.22	31.18	40.89	34.99	33.92	26.83	91.50	82.59	67.28
42.15	54.75	54.69	50.22	49.87	61.68	49.88	52.62	41.86	41.54	56.23	65.17	61.79	109.13	109.06	118.15	125.90	118.50	81.29	126.33	109.84	116.19	116.00	113.88	111.76	67.69	61.87	71.25	91.26	86.05	54.68	59.48	55.52	77.85	67.69	48.14	59.80	51.68	75.90	33.79	21.47	54.66	0.00	20.65	10.45	26.13	25.96	26.59	57.30	53.55	59.94	46.12	63.11	63.55	87.51	57.44	73.39	64.36	139.59	135.05	133.49
38.08	38.42	44.13	31.42	36.23	37.40	36.97	38.53	33.34	39.75	43.92	41.31	39.71	92.18	93.19	81.94	84.10	86.06	78.77	113.54	76.63	77.71	84.80	88.16	92.54	49.47	49.46	46.73	67.89	80.67	49.60	42.79	51.53	61.13	70.49	38.12	39.21	42.40	60.71	23.16	0.41	39.51	25.43	0.00	30.27	5.07	24.18	22.11	36.44	41.78	43.74	36.11	39.33	41.61	58.46	32.64	48.23	46.04	117.94	115.37	113.03
48.48	61.51	55.08	55.53	47.64	52.41	52.78	58.41	42.61	50.50	60.82	63.17	51.97	116.86	115.17	107.68	133.28	102.10	91.27	134.82	98.06	108.73	118.10	109.80	114.01	73.60	69.44	62.22	84.75	84.03	59.11	62.54	63.19	70.06	65.91	48.62	57.98	52.59	63.11	30.30	26.15	50.04	9.57	26.64	0.00	29.36	35.62	24.90	53.01	56.01	53.37	38.85	78.33	65.48	98.95	51.61	70.23	74.51	145.39	144.80	132.24
46.84	44.77	40.77	40.91	43.34	39.39	48.93	37.99	41.32	44.51	55.94	43.59	50.19	86.68	90.29	85.12	108.78	96.04	81.37	128.02	90.38	83.86	85.24	86.58	88.54	42.62	42.23	43.86	61.63	91.81	52.50	49.12	43.91	62.33	73.48	42.24	48.59	49.48	62.36	26.79	4.83	50.45	26.74	5.51	32.76	0.00	15.15	30.84	47.06	40.28	50.56	40.73	39.48	43.08	53.53	33.72	44.46	41.68	150.82	119.16	101.13
56.32	66.02	59.88	60.50	50.92	59.28	61.30	63.71	61.43	54.70	75.50	58.00	53.96	111.32	117.36	110.33	97.62	113.64	78.40	137.55	86.82	79.19	93.37	96.63	91.08	64.61	52.80	54.63	76.60	110.34	64.74	76.92	59.03	89.93	76.98	58.61	56.16	63.21	72.12	46.35	19.64	55.59	26.83	24.53	37.49	14.43	0.00	46.84	60.36	63.39	75.80	60.64	45.37	54.75	70.23	46.42	55.14	62.23	151.28	150.51	112.08
16.19	30.23	28.73	23.56	20.58	26.36	28.66	29.20	15.43	15.76	27.94	32.53	28.85	85.71	95.13	88.50	94.84	99.00	58.79	99.43	83.74	83.15	83.38	96.74	83.99	52.92	56.28	54.89	52.59	72.16	27.16	32.05	34.37	58.87	39.22	23.83	31.77	26.63	42.77	0.37	22.86	29.50	27.06	24.28	27.31	26.65	42.40	0.00	31.52	22.42	32.26	11.98	58.81	47.99	60.47	41.68	48.28	48.22	124.59	106.51	92.27
10.22	6.63	7.23	7.20	7.69	4.18	2.24	7.99	10.71	12.66	7.47	7.08	1.07	59.82	70.38	64.68	64.59	68.74	41.37	81.80	64.12	68.34	73.09	63.87	76.02	29.85	36.40	36.06	22.62	42.68	4.82	9.36	4.42	22.06	26.58	6.45	0.10	2.07	19.59	27.87	39.90	2.12	59.26	45.55	57.05	48.03	68.19	25.80	0.00	7.27	8.83	26.86	44.77	31.19	50.83	34.08	36.21	33.06	103.49	96.55	84.06
5.93	14.62	11.95	7.65	9.67	9.42	5.28	14.43	5.31	6.05	9.26	15.13	7.78	70.72	65.12	70.68	70.90	69.51	43.58	72.82	83.26	83.99	83.88	77.47	66.60	36.82	44.43	33.78	27.24	47.22	7.25	8.31	8.83	29.97	22.36	8.95	6.32	5.06	21.50	24.33	45.55	10.40	56.12	44.46	50.43	50.81	55.23	21.57	6.47	0.00	9.79	18.42	53.13	42.90	54.66	39.72	36.44	43.89	92.16	100.63	77.27
13.38	14.47	14.95	13.91	16.29	14.36	8.45	16.65	14.89	16.54	0.78	14.14	8.77	68.07	60.21	60.61	63.19	69.26	45.20	79.51	62.23	65.61	69.38	77.08	64.25	40.30	37.40	34.52	22.18	34.22	4.05	0.45	5.48	19.21	17.59	13.14	8.51	9.86	11.90	33.04	52.12	11.81	61.76	49.43	62.26	55.03	74.50	36.18	7.79	8.18	0.00	26.34	60.54	43.70	59.35	36.76	34.54	35.02	90.04	96.84	79.17
13.11	28.69	32.75	18.82	18.73	26.30	23.82	30.48	13.25	14.25	27.65	31.02	24.93	80.87	85.82	89.73	82.37	85.07	69.60	103.32	95.50	85.20	88.51	85.15	89.32	57.84	47.49	55.89	50.11	53.01	25.38	26.51	24.76	40.89	32.02	21.59	23.25	21.83	33.49	12.99	33.24	24.97	39.84	36.85	36.44	38.76	61.20	10.67	21.57	17.53	25.25	0.00	67.04	58.90	65.97	44.28	57.80	47.81	116.93	116.70	103.22
60.97	50.38	43.22	43.32	50.66	42.86	52.69	43.73	56.55	57.22	58.33	44.28	46.78	66.65	63.12	62.42	62.33	56.82	54.11	98.39	48.11	39.16	42.96	41.06	58.39	25.92	22.85	25.96	67.57	74.66	54.94	63.85	49.52	53.92	80.94	48.22	54.06	48.79	67.89	53.99	40.79	47.32	72.29	39.53	71.72	44.91	42.10	54.54	44.96	59.06	56.98	69.66	0.00	21.56	28.26	16.15	22.88	19.85	126.26	92.46	89.69
40.67	24.85	26.00	32.35	33.67	32.25	38.50	25.24	39.72	37.82	43.42	24.14	33.74	48.45	52.53	49.68	46.07	48.70	28.84	73.42	40.64	41.60	38.36	43.56	42.31	0.61	0.95	0.55	39.02	68.11	38.99	42.45	30.30	36.15	51.39	34.04	32.52	37.81	38.49	52.97	49.22	29.58	71.74	40.83	70.97	46.39	62.18	54.74	34.51	34.59	39.79	48.21	20.22	0.00	18.44	15.40	0.95	0.23	90.49	88.49	76.67
52.87	46.66	39.57	44.30	46.87	44.52	50.68	36.30	62.14	60.40	53.03	46.97	48.60	34.97	39.88	40.04	40.08	40.73	29.67	59.04	19.42	22.17	24.16	22.10	34.32	18.25	17.10	18.70	44.17	67.10	54.21	57.26	44.41	49.71	66.54	47.87	51.27	49.64	63.60	66.99	64.25	47.42	85.99	52.54	78.30	55.19	69.85	66.93	49.75	56.67	59.02	76.05	28.26	19.63	0.00	28.04	18.95	15.75	81.00	70.73	58.92
35.60	30.77	27.73	25.78	28.18	32.13	34.86	27.56	33.51	41.41	38.21	30.26	30.76	61.37	67.78	62.51	68.03	59.59	42.22	94.83	47.14	47.25	55.94	56.37	64.72	16.26	15.11	15.26	42.89	66.41	39.61	41.57	32.15	53.52	59.76	25.51	32.68	36.35	55.28	36.03	27.24	28.22	47.03	32.22	53.24	33.48	47.20	43.87	35.22	35.84	46.06	44.10	19.61	16.15	34.30	0.00	18.00	15.92	119.04	89.45	90.16
42.04	24.52	24.45	34.79	33.30	25.62	37.71	23.20	43.27	41.60	38.51	26.53	35.26	51.43	55.81	49.61	43.79	45.68	26.44	75.89	35.00	34.74	37.17	35.08	47.89	0.48	0.62	0.73	40.93	67.39	40.29	39.29	29.56	35.28	61.67	29.96	29.94	33.84	45.50	47.40	40.59	31.29	65.17	40.33	66.61	51.25	55.99	45.40	32.97	36.04	36.81	50.39	25.37	1.06	18.34	16.86	0.00	0.66	91.28	83.74	69.10
39.25	30.37	27.22	32.79	31.83	30.34	36.26	25.39	39.40	37.35	41.85	27.23	33.61	45.92	54.27	54.70	55.13	43.78	27.87	63.46	36.66	39.64	40.68	45.29	43.49	0.40	0.55	0.52	43.31	55.04	37.33	40.23	32.31	36.09	49.77	28.43	29.27	33.36	49.17	44.79	40.63	32.44	67.01	43.97	66.62	52.29	65.15	52.12	31.39	36.37	36.51	45.96	23.51	0.25	17.81	15.94	0.68	0.00	94.12	91.87	72.22
103.63	104.21	91.04	110.56	113.31	100.30	108.98	106.46	100.66	96.12	84.50	86.23	86.63	56.14	48.60	55.83	52.12	52.77	70.91	26.29	83.29	88.91	81.69	79.99	60.15	86.62	100.09	97.43	72.88	66.01	83.38	83.00	101.92	80.31	98.32	94.99	99.00	108.50	76.63	112.80	143.97	95.85	153.27	141.82	144.27	142.85	144.95	118.34	103.47	99.21	82.33	108.93	100.90	92.66	98.68	107.71	86.37	103.18	0.00	21.81	31.59
112.50	97.05	98.44	107.78	89.13	89.02	102.30	84.66	112.29	105.81	89.03	88.40	89.08	33.90	35.85	35.11	38.65	43.16	55.74	16.25	62.92	67.96	72.14	70.01	38.03	86.04	76.70	84.05	75.53	72.14	80.19	100.65	82.78	73.36	99.68	95.04	99.92	106.26	85.15	127.46	115.23	99.16	131.73	119.13	158.72	137.65	159.17	123.38	104.37	91.14	95.77	104.62	106.31	84.53	70.16	105.43	78.86	91.55	23.21	0.00	15.66
97.27	82.06	82.14	90.10	79.54	80.77	88.77	79.77	88.68	98.62	73.22	75.27	85.33	26.13	20.67	25.37	22.63	26.03	39.95	0.31	56.27	51.75	63.67	61.13	38.47	71.26	64.51	60.24	61.01	63.05	82.68	83.24	73.20	58.30	74.19	76.76	79.98	77.56	61.95	101.79	97.84	84.36	143.46	109.99	146.99	112.80	132.16	105.88	75.81	93.03	72.68	95.70	98.09	67.00	64.21	85.94	60.69	73.16	31.91	15.28	0.00
~
Delivery quantities;
9 2 2 1 6 8 0 0 10 2 8 18 6 0 2 4 2 0 6 6 2 4 1 8 1 1 0 3 3 2 1 6 0 4 2 1 1 6 0 6 1 1 0 3 2 1 0 1 1 6 0 2 2 4 0 2 0 6 2 1 
~
Pick-up quantities;
6 6 0 0 0 4 66 20 0 36 36 32 0 12 0 12 0 4 12 0 0 16 0 24 0 6 16 0 18 18 0 12 12 18 18 6 0 6 12 0 12 0 12 12 0 0 12 8 0 6 8 0 12 4 12 0 12 0 0 0 
~
Vehicle capacity; 
100 100 100 100 100 100 
~

