Cost matrix;
0.00	37.57	10.63	21.50	18.02	11.55	11.06	13.32	10.39	13.19	19.01	9.57	87.23	18.67	14.49	17.23	80.47	71.87	73.51	42.87	46.31	50.14	70.20	61.34	67.12	72.49	90.73	90.70	45.86	47.86	49.78	77.11	80.86	69.87	82.11	84.90	75.08	125.44	51.22	55.80	17.23	28.08	53.43	73.48	73.98	51.57	46.46	20.07	85.31	32.19	27.59	0.96	6.16	78.84	79.74	113.64	70.67	88.55	107.07	76.60	74.92
36.20	0.00	26.67	19.02	20.82	24.93	19.72	21.34	24.02	23.24	17.94	28.16	70.41	24.04	22.45	22.97	50.20	52.48	51.25	23.38	23.87	23.65	40.01	40.58	49.69	51.76	52.51	60.61	23.49	22.08	23.24	58.63	54.10	55.86	56.78	64.97	54.54	77.91	26.48	24.33	16.93	13.21	25.61	37.84	54.00	22.97	26.21	23.05	56.51	18.23	32.95	38.39	26.38	54.65	48.57	71.25	48.23	64.76	68.06	46.55	43.99
9.80	22.54	0.00	9.61	7.14	3.34	5.92	3.95	1.41	5.64	10.41	0.52	80.56	6.91	6.16	7.28	65.38	64.17	65.17	44.86	45.14	39.99	51.57	59.83	58.87	62.16	63.50	71.42	37.94	38.93	45.43	62.66	63.02	75.29	70.53	70.86	69.64	107.40	36.98	37.21	9.96	20.81	37.01	65.42	66.82	38.22	45.41	22.00	71.27	23.95	25.57	8.95	5.49	84.22	70.55	91.22	65.14	91.08	82.35	63.05	61.04
20.98	20.41	9.89	0.00	4.67	8.81	10.44	7.96	9.43	8.97	0.34	8.90	87.52	4.80	10.05	3.79	55.89	56.50	59.54	40.82	35.41	35.85	47.83	50.68	43.92	59.94	56.48	54.33	38.67	41.97	35.74	59.75	54.21	66.14	62.45	66.59	60.27	88.79	31.91	34.37	8.32	16.77	30.95	49.74	51.23	34.87	35.66	27.65	57.21	12.26	29.77	18.70	16.02	71.41	53.77	80.33	52.73	86.24	82.07	65.71	60.19
16.52	22.41	6.41	4.80	0.00	8.23	8.37	7.41	6.59	8.47	4.89	7.86	80.53	0.67	9.14	0.16	60.21	64.68	62.18	44.43	46.26	44.14	47.70	53.44	45.14	57.30	71.71	61.14	37.22	41.96	40.06	52.86	56.60	70.21	63.50	70.10	65.00	87.56	39.50	39.88	9.78	17.77	36.31	53.75	54.21	39.23	31.65	26.75	61.07	16.83	34.79	18.21	14.18	68.21	61.41	106.70	53.85	74.49	99.55	60.05	60.00
11.21	22.10	3.00	8.33	8.44	0.00	2.37	0.48	3.29	1.91	10.06	2.70	91.37	8.83	1.96	7.32	63.59	60.47	61.34	41.20	40.33	35.03	58.38	48.75	48.16	67.39	60.90	67.92	38.23	42.32	37.02	66.70	70.99	64.06	64.12	70.72	68.27	94.52	39.77	44.73	5.59	16.42	39.14	56.35	67.22	43.27	40.94	17.55	65.72	19.97	26.19	10.93	7.13	78.78	71.57	104.17	59.90	80.79	95.34	68.34	63.15
12.21	20.89	5.03	10.22	10.37	2.17	0.00	2.01	5.84	0.29	9.90	4.84	80.24	8.88	0.56	10.48	64.76	64.51	69.48	39.29	38.60	37.49	48.71	55.00	53.66	77.66	75.29	65.09	37.71	40.60	41.79	65.73	75.69	71.95	71.36	63.47	60.68	98.89	41.75	35.25	4.35	13.02	35.57	61.82	68.89	43.04	38.07	15.53	68.97	23.37	25.07	14.11	7.49	75.97	72.11	111.81	56.78	85.86	85.30	66.58	68.54
12.80	21.74	3.49	9.10	6.48	0.47	2.34	0.00	3.27	1.98	8.32	3.51	83.49	7.61	2.53	7.67	61.89	56.23	70.87	37.49	41.91	41.15	57.54	57.57	60.06	66.14	70.79	63.17	41.79	41.45	37.98	57.62	62.30	64.28	66.70	70.01	66.52	109.33	43.70	44.26	5.90	14.24	36.16	62.70	60.63	39.48	39.83	19.83	63.75	18.78	23.97	11.64	7.21	65.74	59.02	103.60	65.13	84.17	91.53	65.81	66.74
11.13	27.40	1.32	8.07	6.04	2.92	5.15	2.94	0.00	5.85	8.05	1.50	79.23	6.88	4.85	6.15	62.51	70.21	63.77	38.34	40.83	42.62	50.71	56.42	47.64	78.08	78.22	70.54	46.15	44.53	43.71	69.48	72.23	69.47	67.94	67.57	62.88	104.90	38.31	44.72	7.84	17.84	42.57	70.35	73.96	35.37	38.82	19.50	60.91	18.33	31.06	12.17	7.82	67.60	65.42	106.32	56.90	86.29	94.28	64.50	69.05
13.70	18.85	5.30	10.04	9.85	2.11	0.32	2.00	4.99	0.00	9.23	4.40	94.67	10.71	0.34	9.93	71.34	59.83	67.33	37.06	35.37	39.66	49.21	54.85	55.76	61.72	61.29	71.55	33.66	39.82	34.84	70.11	77.14	80.57	72.52	62.55	70.81	97.02	42.32	34.85	4.32	12.47	44.46	66.53	70.86	40.74	45.01	16.16	63.26	24.17	24.37	14.51	7.53	79.48	70.96	96.01	67.21	83.58	87.97	61.55	69.73
22.39	19.98	10.74	0.37	4.44	8.49	8.91	9.10	8.20	9.79	0.00	11.22	85.46	4.91	9.40	3.92	49.99	58.78	52.17	39.79	38.42	39.82	49.79	43.14	46.02	65.50	55.78	54.57	38.17	37.87	33.34	58.87	59.39	65.39	49.52	54.14	51.64	82.21	28.30	31.78	7.70	19.52	28.65	53.41	51.67	33.62	33.52	26.75	60.08	11.66	28.94	18.55	17.37	62.53	48.29	82.58	53.37	84.01	94.20	56.38	54.52
10.92	27.42	0.42	9.64	7.72	3.02	4.88	3.59	1.61	5.17	11.41	0.00	81.84	8.46	4.62	7.23	66.47	62.27	63.57	42.92	45.18	44.42	53.60	60.42	57.41	62.95	74.73	64.54	37.19	38.21	43.90	60.35	62.68	75.72	69.09	71.15	71.81	105.75	42.25	41.84	9.46	21.37	45.15	58.37	59.79	43.99	43.08	20.13	64.09	24.27	25.00	9.68	6.66	75.50	71.40	90.04	67.81	90.44	94.71	61.40	62.95
95.45	63.70	91.47	85.99	93.64	88.40	84.00	79.30	92.30	74.84	70.56	97.84	0.00	78.49	84.85	81.32	31.04	32.73	31.35	67.88	61.13	71.05	48.68	51.74	50.92	43.18	38.84	45.29	68.59	67.40	71.17	64.23	57.47	59.21	68.51	63.93	55.73	30.24	50.46	49.38	88.87	78.07	45.13	22.56	32.23	43.79	44.06	91.92	35.30	61.59	99.11	92.36	98.53	17.63	38.11	21.81	33.13	38.61	6.63	28.75	35.05
18.35	23.21	7.58	4.48	0.66	8.44	10.34	7.80	6.81	8.56	4.55	8.62	86.26	0.00	10.40	0.44	66.23	58.45	53.24	47.19	38.36	37.68	42.88	53.98	50.42	69.34	60.71	55.31	38.02	40.79	37.69	57.98	58.51	63.10	51.23	63.90	52.98	94.74	31.05	39.48	10.62	19.19	38.68	64.76	66.23	30.28	33.30	30.00	67.85	16.12	32.79	17.98	12.36	73.31	65.05	91.10	50.72	83.58	95.97	54.47	63.19
12.58	23.05	5.06	8.99	10.10	2.17	0.60	2.31	5.67	0.37	9.11	5.37	93.39	9.31	0.00	10.31	61.29	66.37	70.80	35.69	32.89	38.24	48.98	61.99	59.82	78.63	67.50	72.63	40.07	32.74	33.66	60.94	65.83	67.57	58.79	71.69	59.95	107.97	38.90	40.31	4.79	12.47	38.92	62.82	71.32	40.84	43.92	18.12	76.25	23.67	22.22	13.43	7.32	74.39	67.69	99.15	67.43	78.68	95.10	63.57	67.13
16.07	24.05	8.08	3.97	0.18	8.09	10.54	6.76	5.85	10.26	4.76	7.58	80.28	0.54	10.26	0.00	64.08	54.76	56.87	47.08	42.70	36.51	50.44	42.55	52.64	55.51	71.16	68.54	42.31	40.52	43.22	61.86	61.93	65.10	54.29	69.58	53.50	99.61	33.09	32.90	9.73	22.86	33.19	62.15	55.99	36.30	35.11	27.52	67.88	15.42	32.49	18.59	14.60	71.17	55.76	95.74	52.79	86.66	91.94	59.93	55.14
87.66	52.44	58.68	64.72	60.90	58.12	74.94	64.77	71.51	57.94	54.17	67.20	36.14	52.77	63.97	56.59	0.00	5.38	2.74	58.72	55.17	53.73	18.39	19.28	22.44	10.84	9.54	9.84	66.77	55.78	58.19	31.00	30.95	34.82	25.34	28.84	31.28	36.61	26.15	23.50	68.73	64.95	25.77	30.45	7.09	23.64	28.15	69.78	2.57	42.36	84.15	81.40	66.43	16.30	1.93	34.66	3.38	20.59	31.75	2.74	1.18
79.40	47.67	64.26	50.35	66.84	67.52	67.96	68.14	63.67	63.01	63.58	65.48	34.04	59.28	57.88	56.02	5.50	0.00	2.67	53.79	50.80	60.27	21.45	23.30	21.19	15.37	14.39	16.34	51.74	55.23	61.22	29.42	32.48	36.40	36.52	34.54	32.95	36.39	22.74	22.66	56.56	65.26	28.60	25.10	1.60	22.66	25.72	65.12	6.60	50.28	82.88	77.30	66.79	11.57	6.02	33.46	3.62	23.22	28.82	3.41	5.45
73.13	50.20	63.22	64.05	55.33	61.50	59.95	70.26	74.31	60.03	62.82	59.25	34.42	64.60	66.53	53.40	2.44	2.96	0.00	61.95	62.58	57.89	22.08	21.48	20.75	12.59	13.85	13.75	57.88	59.17	52.45	30.74	33.32	33.83	29.94	32.26	33.39	33.13	26.00	29.14	57.34	68.11	27.63	31.09	3.72	23.73	24.53	72.08	5.12	45.99	87.20	74.87	65.02	12.65	2.97	35.04	2.00	22.95	32.16	1.63	2.97
45.05	19.32	39.81	39.52	45.42	36.95	37.75	35.84	46.86	40.43	41.39	37.21	60.57	43.38	35.73	43.91	67.01	51.89	61.16	0.00	0.35	0.31	57.85	62.33	68.12	76.18	73.06	72.22	0.73	0.35	0.29	67.73	81.30	76.31	72.40	84.06	85.77	94.77	38.10	40.61	30.66	24.18	45.41	37.10	58.75	45.89	46.12	27.44	61.88	44.81	28.35	50.11	39.89	64.88	55.95	74.84	52.40	81.14	73.29	57.70	59.20
51.27	20.98	42.64	37.01	39.20	38.85	33.06	38.49	37.56	38.74	37.54	38.95	70.92	44.23	39.94	45.07	67.84	60.00	61.52	0.34	0.00	0.01	63.04	68.96	65.79	69.79	66.24	65.64	0.42	0.67	0.06	68.57	79.22	79.03	68.40	84.85	79.34	85.61	43.84	39.63	35.14	22.64	41.51	37.28	59.31	44.75	38.97	27.78	67.06	44.01	27.41	45.32	37.75	60.91	65.13	75.28	59.10	75.15	63.02	56.95	62.10
46.25	24.49	43.23	34.12	43.53	41.04	41.54	38.62	41.87	41.84	37.43	45.67	59.56	42.53	33.75	37.00	55.58	59.36	61.27	0.36	0.01	0.00	62.85	69.18	64.07	72.53	64.02	76.43	0.50	0.67	0.07	73.85	84.68	85.95	72.45	83.97	71.98	82.04	45.45	38.55	33.52	23.47	43.73	39.27	64.60	45.06	45.84	30.15	71.74	38.97	28.57	45.57	39.47	58.92	54.12	85.19	58.85	91.50	66.95	57.94	60.09
65.68	45.66	50.20	48.35	44.11	55.86	55.94	52.24	51.15	51.54	46.31	58.27	48.02	53.60	58.41	42.95	19.69	23.48	20.21	60.39	67.08	55.69	0.00	0.34	0.28	17.48	18.62	16.04	67.55	59.51	55.13	13.35	14.56	19.18	13.57	15.88	15.26	53.44	23.91	22.97	57.65	61.43	21.01	42.83	24.15	18.77	21.46	69.21	19.65	34.91	69.77	60.27	54.84	32.49	19.31	64.31	23.23	33.08	54.67	24.86	17.65
62.09	47.69	53.99	42.49	54.34	49.30	62.21	48.58	49.79	52.57	42.33	52.71	57.35	48.72	51.89	46.20	21.08	24.36	22.95	66.25	67.73	55.44	0.35	0.00	0.67	15.80	17.04	18.24	62.41	66.17	63.53	13.24	14.69	20.12	14.73	18.95	13.92	55.70	19.23	24.90	59.34	63.08	23.24	39.20	23.86	23.06	22.60	68.80	19.77	35.08	78.76	59.18	60.86	36.93	17.61	60.89	17.86	33.70	58.50	19.78	18.99
73.00	47.09	61.74	51.72	47.16	55.68	56.58	56.71	50.80	51.63	51.34	61.87	52.02	44.73	53.19	44.94	17.59	23.30	21.38	65.08	67.53	63.97	0.23	0.60	0.00	15.58	18.32	18.93	54.07	58.26	62.38	12.45	14.08	18.94	13.11	19.19	17.81	50.26	20.99	22.36	48.59	53.52	20.71	50.08	24.71	19.32	22.40	65.22	19.42	31.54	69.22	64.81	59.40	35.18	21.17	61.25	22.81	35.58	51.56	22.45	19.83
79.82	52.01	73.99	53.43	62.42	63.57	78.08	62.45	75.35	70.99	60.82	75.53	47.32	55.45	64.87	57.86	9.36	16.83	12.76	68.43	77.49	66.92	17.90	15.11	19.42	0.00	0.17	0.47	70.13	60.92	65.04	17.96	18.89	20.69	21.31	23.57	22.15	34.68	30.09	34.77	72.53	66.59	29.61	39.26	13.93	33.88	34.60	72.44	7.62	46.28	78.24	77.20	71.06	22.50	9.49	39.73	11.41	16.67	46.70	13.24	10.17
70.56	56.44	79.21	53.16	58.04	66.02	67.44	70.59	60.67	62.77	59.57	66.39	39.17	65.23	73.14	62.48	9.64	15.44	11.45	74.05	66.67	74.60	16.31	16.47	17.30	0.19	0.00	0.24	65.00	69.14	65.78	18.86	21.00	20.18	18.07	21.58	20.73	36.27	27.89	31.44	69.75	70.67	32.38	38.53	17.19	28.74	27.35	77.72	8.53	48.23	79.95	87.35	82.78	22.03	9.35	39.85	12.03	19.26	41.21	11.55	9.82
83.82	53.82	68.97	60.95	57.19	63.96	73.20	71.14	76.98	75.52	61.86	73.30	37.74	65.42	67.93	67.25	9.03	15.15	13.11	76.99	67.68	61.11	15.65	19.31	19.48	0.37	0.22	0.00	64.51	78.68	76.57	17.87	18.99	21.07	19.78	23.69	18.30	39.61	31.81	35.08	71.05	68.56	27.84	37.64	17.08	34.04	34.81	84.20	8.78	55.16	95.68	87.25	72.61	26.70	10.42	42.30	12.21	15.99	38.79	10.72	9.09
45.13	20.81	42.80	38.39	40.66	41.11	35.18	41.63	43.87	34.80	41.21	42.60	62.55	41.36	33.93	47.42	57.47	50.78	59.63	0.74	0.52	0.51	70.02	64.34	59.85	73.31	74.48	65.16	0.00	1.04	0.55	69.86	79.85	75.00	79.46	72.99	79.06	82.47	39.75	36.90	31.54	23.74	35.89	38.38	51.11	44.09	37.00	30.39	59.51	41.90	31.99	54.27	38.86	56.07	54.92	78.70	62.26	88.58	78.12	61.62	61.17
46.79	24.97	40.70	35.94	44.70	34.39	41.04	39.72	40.83	41.02	35.47	42.55	69.42	46.36	39.41	45.02	68.18	56.06	57.40	0.36	0.69	0.60	68.37	57.52	55.00	69.19	64.68	67.32	1.01	0.00	0.55	71.66	71.36	83.13	71.00	81.11	80.53	78.98	40.58	39.99	33.16	24.69	36.29	36.99	55.00	42.49	43.39	30.39	56.48	38.19	30.46	48.51	47.12	57.10	67.92	76.30	52.96	74.95	77.67	63.37	62.07
52.09	20.55	42.81	36.74	41.22	38.08	39.77	37.73	39.65	36.37	42.20	39.51	59.80	39.19	40.12	36.40	63.38	58.90	52.70	0.30	0.07	0.06	64.24	68.57	63.42	67.21	66.49	76.74	0.52	0.59	0.00	73.96	76.95	89.87	85.53	70.28	74.45	91.32	42.04	41.34	29.26	21.05	39.10	41.03	62.58	36.35	43.11	31.09	65.63	44.32	31.10	53.31	44.76	63.25	53.02	82.14	54.02	73.92	80.14	53.10	61.53
81.44	51.82	60.73	62.18	51.36	56.29	57.32	65.17	57.00	71.79	59.42	63.20	62.65	52.21	73.26	57.61	27.26	28.75	27.31	71.15	80.10	81.91	13.47	13.33	13.90	22.56	22.01	18.63	81.65	80.96	75.72	0.00	3.33	5.98	0.41	5.51	3.22	61.74	33.57	39.10	63.35	60.42	38.20	54.22	37.77	38.58	38.49	80.77	27.14	47.00	82.79	76.78	68.13	45.66	28.75	64.88	27.86	37.48	59.61	32.30	30.05
81.49	63.52	67.79	55.23	58.69	70.21	66.14	69.55	62.39	71.83	57.62	76.29	56.39	64.66	74.14	67.46	28.45	30.91	33.88	74.52	72.96	70.21	17.23	14.53	14.06	22.70	18.32	21.90	77.49	68.83	71.93	2.98	0.00	3.27	2.45	2.04	0.41	50.57	37.46	34.45	57.48	74.08	34.31	59.22	39.03	38.51	40.61	84.10	26.84	43.16	86.43	86.18	74.55	47.39	26.28	59.68	31.65	35.31	69.42	35.56	24.80
79.81	71.56	70.50	69.07	65.43	70.93	79.58	73.60	67.74	67.28	58.50	62.77	69.28	69.50	77.75	62.34	31.41	34.43	30.51	78.33	73.22	74.03	17.97	18.79	17.29	24.53	20.16	20.67	72.08	90.71	88.36	5.85	3.06	0.00	5.07	1.35	3.35	55.36	46.13	40.09	63.67	66.91	45.81	66.00	33.48	44.44	43.65	86.39	32.29	51.80	91.88	75.48	68.01	50.50	34.76	60.40	31.11	35.42	72.14	36.09	29.70
72.06	53.37	71.45	53.67	58.74	59.93	59.97	69.15	69.09	72.73	61.96	65.62	63.80	64.12	73.61	64.91	31.23	30.08	31.56	72.66	75.71	76.34	12.47	14.19	12.25	20.84	22.31	20.08	80.14	68.83	74.30	0.49	2.50	5.24	0.00	4.87	2.58	60.72	36.38	33.54	63.26	64.59	33.28	61.83	32.25	33.32	36.28	86.01	24.92	46.24	76.63	76.90	62.75	41.16	30.32	65.65	33.49	36.47	59.77	29.48	30.58
78.63	67.19	72.33	68.23	56.22	62.06	79.19	64.43	68.12	79.96	66.23	72.62	66.47	68.28	65.76	64.46	33.03	38.91	34.18	81.42	76.31	80.90	16.59	18.58	16.12	21.67	23.97	21.83	77.69	74.57	71.65	5.70	2.49	1.35	4.81	0.00	2.13	58.29	41.72	45.42	63.28	79.61	36.59	65.38	38.39	37.75	41.71	86.55	30.29	48.83	86.74	87.16	78.73	48.29	32.88	55.85	28.96	30.41	60.44	31.03	26.62
75.38	63.71	67.47	53.52	54.47	70.92	63.83	66.16	69.22	68.54	59.61	75.97	64.62	64.61	61.14	55.21	25.75	30.39	28.29	71.48	87.59	83.90	16.45	15.96	17.94	20.98	20.66	20.76	74.23	78.29	87.16	3.17	0.46	3.38	3.02	2.09	0.00	54.13	33.35	34.75	72.28	78.95	33.74	61.26	31.88	42.17	40.60	83.16	28.90	44.95	79.77	72.72	78.49	45.97	30.22	56.44	27.96	29.09	57.86	34.65	31.86
117.26	80.90	97.30	88.16	106.26	98.28	111.67	103.74	106.40	87.76	90.50	103.43	33.76	107.44	89.28	85.58	36.28	31.38	35.63	88.25	89.08	85.74	50.65	47.94	52.50	36.64	33.10	36.20	79.73	92.33	83.54	61.98	60.93	51.82	51.10	50.18	58.06	0.00	64.21	67.22	90.89	102.21	54.34	51.49	35.69	60.51	62.07	105.86	29.77	75.29	122.16	98.16	118.65	27.53	39.98	11.87	36.47	23.56	21.66	34.01	33.40
48.26	26.21	39.82	31.85	38.81	37.91	38.99	42.02	35.39	36.12	27.92	39.81	52.28	33.47	43.75	35.07	27.49	26.84	22.67	39.10	38.54	38.49	20.12	21.85	23.08	33.25	30.05	35.46	39.94	37.68	38.93	31.62	34.17	43.04	35.80	38.64	38.88	63.41	0.00	1.61	36.78	31.95	0.23	29.41	26.15	0.16	0.19	43.64	28.76	20.36	57.14	54.55	43.11	37.52	27.04	63.91	25.38	51.86	51.16	29.21	22.92
51.34	26.57	45.59	29.52	37.18	38.85	41.11	43.79	37.07	36.12	28.07	45.84	53.54	34.53	34.78	32.90	28.46	23.74	25.27	37.51	40.75	39.96	21.95	25.19	21.91	34.72	30.93	33.38	37.86	35.62	38.06	39.09	40.09	38.98	35.10	41.13	38.49	59.84	1.63	0.00	35.33	36.37	1.76	29.57	28.24	1.51	1.41	46.85	31.78	18.93	59.09	45.81	46.11	35.85	25.41	54.34	23.26	43.27	49.67	28.11	23.51
16.26	16.06	8.70	7.46	8.80	5.56	5.18	5.84	7.36	4.51	7.38	9.37	90.67	10.01	4.14	9.74	63.38	67.50	54.38	37.36	31.06	33.77	49.75	57.36	45.22	73.60	60.23	73.47	32.88	31.85	32.03	69.47	62.28	59.98	62.44	74.95	68.13	94.10	33.16	37.63	0.00	10.11	30.80	60.67	62.92	39.44	35.37	19.23	59.28	20.25	26.58	17.45	12.71	63.50	58.79	89.91	58.62	72.40	95.78	56.86	55.77
27.49	13.31	19.62	17.05	19.34	14.67	12.92	17.88	18.08	12.87	18.37	19.13	74.38	20.59	15.31	22.06	55.34	63.77	63.95	20.86	22.30	21.99	54.57	62.23	53.12	72.63	61.84	66.91	25.25	25.57	23.15	76.61	77.33	74.54	66.71	66.32	77.79	87.95	35.88	32.52	12.46	0.00	37.94	52.47	55.90	34.97	41.09	11.55	63.06	27.51	15.59	26.84	20.40	70.20	57.11	93.99	52.79	92.24	84.62	60.06	55.26
55.89	26.46	42.09	31.26	34.79	42.60	39.18	41.66	40.02	43.08	28.17	38.17	52.10	31.65	38.06	38.29	29.60	23.47	26.13	37.93	35.74	45.50	20.36	23.79	20.33	35.53	35.40	27.89	40.54	41.44	41.69	38.38	41.64	42.86	33.81	37.59	33.43	54.54	0.22	1.50	34.74	34.02	0.00	27.90	24.87	0.38	0.41	48.37	27.35	18.13	51.42	52.24	42.43	33.15	23.25	64.27	22.78	50.18	57.66	27.15	22.43
76.84	38.95	69.81	53.25	67.69	55.76	59.39	61.22	56.08	64.03	59.88	57.31	26.94	60.41	55.20	60.66	32.11	27.92	27.87	42.53	38.24	36.99	50.13	45.10	38.82	42.69	45.13	38.56	35.78	42.19	40.07	51.71	65.12	55.74	54.27	59.12	52.34	53.21	34.21	30.70	55.45	46.95	30.36	0.00	28.22	31.06	33.15	64.71	33.70	49.67	71.75	82.16	73.33	19.78	28.45	37.47	30.56	48.24	31.16	31.70	34.43
80.02	43.23	66.42	60.77	60.58	73.50	72.05	60.73	69.06	64.08	58.15	65.08	26.89	54.90	61.61	62.25	6.93	1.63	4.27	55.90	51.69	57.27	27.93	23.41	23.18	14.01	14.89	15.50	51.12	58.80	56.40	32.40	37.27	37.10	31.55	33.12	32.15	33.71	27.87	27.97	56.49	59.77	29.61	22.39	0.00	23.35	25.48	66.92	9.28	51.30	82.40	79.49	77.87	8.82	7.92	37.82	5.10	26.41	32.99	4.36	7.53
53.76	23.68	41.59	27.94	38.71	41.81	36.06	35.80	39.65	38.05	28.43	39.84	52.85	34.04	36.58	39.57	25.39	27.58	24.95	39.39	37.60	38.82	20.46	20.82	22.17	30.28	32.55	28.48	41.77	46.32	42.26	35.79	37.12	43.05	35.28	39.78	32.73	57.16	0.18	1.65	35.24	32.10	0.42	30.75	28.39	0.00	0.21	45.29	29.80	22.89	51.91	57.78	47.07	36.58	22.49	59.83	23.17	47.32	60.88	23.80	26.56
52.13	27.58	40.82	34.79	38.73	41.43	42.40	37.70	42.80	38.47	28.83	37.75	44.37	35.54	35.56	35.12	28.73	28.36	24.58	40.42	45.46	40.97	21.45	20.36	22.75	32.67	32.41	29.42	40.85	39.46	39.35	34.49	38.41	39.20	38.47	43.40	34.77	61.68	0.23	1.44	38.10	38.12	0.39	27.36	29.10	0.23	0.00	49.57	30.64	19.80	58.87	49.54	42.52	34.97	24.51	55.79	21.43	51.40	56.19	24.41	26.62
24.34	25.14	24.22	22.53	25.41	20.50	17.65	17.52	22.16	19.17	23.14	18.56	76.45	25.92	16.85	27.45	65.89	81.07	82.53	25.54	24.84	26.81	74.23	70.59	61.98	84.82	72.42	81.94	28.86	31.59	31.70	79.20	76.65	90.99	84.68	87.39	77.93	93.34	46.85	42.20	15.36	11.00	47.35	67.54	67.51	45.72	46.67	0.00	75.94	38.10	6.78	25.90	16.62	70.48	70.51	106.39	72.58	89.07	89.12	78.50	72.76
76.18	48.62	62.73	56.75	63.32	70.33	60.31	65.20	64.06	61.35	51.92	76.36	38.18	57.40	71.93	56.34	2.80	7.86	5.32	59.36	66.31	63.75	20.12	22.58	21.24	7.48	7.83	7.45	56.00	61.82	69.68	23.68	25.77	30.02	25.39	28.60	26.35	36.55	30.36	25.38	63.33	71.85	32.15	36.78	8.93	25.23	30.54	79.08	0.00	45.22	77.83	80.74	65.22	17.92	3.89	33.40	6.55	20.32	40.05	4.16	3.03
29.32	18.71	24.58	13.28	14.18	20.94	23.71	17.91	19.50	19.45	10.87	22.19	65.84	14.02	19.96	15.03	51.03	46.90	44.06	36.60	41.65	41.54	34.81	35.32	36.85	49.35	48.04	50.89	42.06	39.45	41.76	39.35	51.25	49.91	44.67	54.25	53.63	85.81	20.73	18.53	16.40	25.40	20.83	47.54	47.49	18.58	20.30	36.67	44.52	0.00	37.74	32.87	24.28	49.87	46.09	83.82	46.09	61.77	67.92	44.22	49.87
26.19	29.51	25.56	32.28	32.64	24.51	25.29	24.81	33.00	26.44	33.99	25.37	79.54	35.54	24.60	33.09	76.14	80.65	84.60	25.70	28.03	24.75	80.72	73.85	72.10	83.58	81.47	78.31	28.68	24.76	30.45	80.26	90.99	87.53	91.73	90.51	85.74	114.06	57.53	56.44	27.61	16.68	56.73	71.02	79.62	59.50	57.84	6.58	86.69	45.52	0.00	29.00	24.77	83.56	85.73	110.44	67.46	93.62	106.44	87.97	87.89
0.81	38.67	10.08	21.66	17.84	13.63	11.22	11.67	12.15	13.20	21.58	11.20	88.41	17.79	12.18	18.85	77.43	77.58	74.73	46.11	46.80	47.50	71.10	61.11	56.50	79.26	87.61	73.32	42.73	53.87	44.67	64.01	79.25	74.81	76.44	77.14	68.68	108.81	49.37	51.03	19.21	23.20	53.60	77.81	72.98	53.55	50.54	22.06	69.58	31.37	25.98	0.00	5.40	91.44	67.38	99.88	76.17	88.56	116.13	75.12	67.35
5.74	24.97	6.36	15.66	12.77	7.69	6.62	7.72	7.50	6.38	16.37	5.18	99.74	12.79	7.60	11.69	76.02	67.50	78.65	39.20	41.68	38.63	56.84	69.82	53.61	73.53	76.04	79.28	44.84	45.30	47.03	64.71	71.86	78.65	63.53	78.86	73.13	106.62	42.38	46.23	11.52	21.64	42.41	61.86	82.91	45.45	52.66	18.40	76.41	27.37	22.28	5.99	0.00	80.12	76.76	99.77	73.08	95.90	102.55	65.83	73.87
82.10	53.37	78.59	63.01	63.97	80.28	74.99	80.63	65.34	64.61	70.85	71.70	17.31	65.50	81.33	75.04	15.70	10.91	12.00	60.86	53.36	66.72	35.02	38.55	34.76	24.83	26.69	21.78	58.21	56.06	60.28	40.47	47.13	45.18	39.97	47.09	38.22	30.65	37.07	37.04	60.24	73.90	37.38	24.35	10.17	35.88	30.29	78.11	18.13	58.53	88.83	74.30	82.51	0.00	15.53	26.54	14.59	22.55	23.92	11.33	14.47
82.62	50.95	70.32	53.71	60.37	69.09	71.66	65.49	56.85	58.47	59.53	72.59	37.99	53.71	62.38	61.04	1.63	4.96	3.20	66.35	65.32	57.88	17.70	18.17	17.17	9.61	9.82	9.30	52.48	55.39	61.81	26.61	29.98	27.89	27.30	26.37	26.30	39.61	25.06	22.78	66.39	54.03	23.80	31.96	7.94	26.48	24.65	69.81	4.14	49.26	82.29	70.16	73.41	18.16	0.00	40.10	2.62	21.96	37.54	4.00	0.59
105.57	84.05	103.88	91.97	89.36	108.72	100.20	97.17	111.73	86.47	80.67	89.26	18.21	85.70	97.89	87.37	38.70	39.06	37.81	77.01	91.02	89.91	51.39	58.16	54.10	43.52	42.19	40.02	77.20	84.32	89.89	53.25	65.87	66.24	67.94	54.04	61.43	10.75	62.86	58.83	101.02	91.35	61.28	48.19	30.76	59.71	67.94	100.17	37.47	76.48	104.68	111.35	107.14	27.21	42.53	0.00	36.70	26.72	14.65	39.42	40.18
80.18	50.96	70.00	54.01	65.48	58.45	72.23	59.47	65.00	58.29	62.05	60.27	38.05	54.06	57.70	51.30	3.22	3.28	1.79	53.70	50.40	54.47	22.57	22.07	20.63	11.36	14.08	14.04	50.50	66.22	65.35	26.29	34.45	32.28	32.98	33.89	32.48	32.68	25.49	24.55	63.41	55.59	24.12	31.83	5.35	23.87	24.16	77.90	5.18	43.71	70.66	78.67	65.11	12.53	2.61	36.18	0.00	21.41	38.46	3.44	2.95
97.90	66.15	81.67	68.53	84.68	78.07	94.26	79.89	79.53	90.01	73.39	89.19	40.31	88.73	86.44	90.30	19.85	26.36	23.80	84.93	74.57	81.43	35.37	34.18	39.24	15.38	19.26	18.54	82.80	82.07	71.82	36.85	32.32	34.97	33.46	29.05	30.17	19.21	41.16	45.25	93.05	78.81	45.46	53.30	22.26	42.47	41.07	85.04	20.99	62.77	87.86	96.29	90.83	22.77	22.44	31.14	24.05	0.00	34.47	20.19	19.84
101.16	65.00	87.14	90.10	90.27	82.42	85.95	96.03	91.06	88.64	91.83	96.64	8.22	77.93	98.77	88.19	39.45	32.82	31.76	79.49	61.97	67.16	53.39	51.24	59.97	47.84	48.19	48.40	72.84	66.40	78.23	64.71	56.00	61.11	71.17	70.79	59.80	25.67	56.85	48.08	79.05	87.22	55.14	29.24	29.63	50.41	54.06	84.93	34.42	79.06	88.98	114.15	88.56	20.64	41.88	12.59	36.32	37.93	0.00	32.23	33.74
73.09	53.48	69.38	61.32	68.00	68.71	75.77	71.82	69.95	67.40	57.72	67.68	35.89	59.60	58.99	65.24	2.61	3.06	1.39	61.54	63.96	66.37	21.14	23.30	23.76	12.37	11.37	11.55	54.41	62.46	62.46	28.72	33.01	30.16	32.94	29.41	32.65	36.41	26.45	28.61	55.47	55.52	27.64	26.03	4.61	23.68	26.25	79.51	3.72	43.06	72.79	87.94	81.81	12.65	4.17	31.78	3.16	22.25	35.32	0.00	3.58
69.53	49.49	64.89	52.83	52.80	64.34	67.08	59.79	65.94	72.86	52.46	74.09	32.95	65.44	64.74	57.72	1.34	5.21	3.26	56.73	56.38	58.95	17.99	18.44	18.61	10.11	9.71	10.67	56.61	56.26	63.91	30.29	30.08	30.26	28.55	30.84	26.62	33.98	27.33	22.32	68.54	55.56	23.29	34.61	6.69	23.27	25.52	66.45	3.29	48.37	82.68	70.00	67.05	14.69	0.52	37.54	2.83	21.81	34.60	3.43	0.00
~
Delivery quantities;
1 0 0 11 2 22 2 16 1 10 2 1 20 18 8 4 3 4 4 2 0 4 1 0 0 0 6 1 0 2 1 6 2 2 2 4 2 0 3 2 3 0 2 0 3 0 6 2 2 6 2 6 0 3 2 0 2 1 0 6 
~
Pick-up quantities;
0 8 36 0 16 0 0 0 32 8 28 0 0 0 54 4 18 12 0 12 24 20 0 6 12 4 30 0 24 24 0 8 0 16 0 0 18 4 8 18 4 4 12 4 6 8 0 4 12 18 8 0 18 0 0 4 4 0 4 6 
~
Vehicle capacity; 
100 100 100 100 100 100 
~


