Cost matrix;
0.00	14.50	14.60	8.79	12.50	15.53	10.99	14.94	4.79	11.70	20.84	10.44	0.50	79.98	73.85	74.19	74.59	79.33	67.95	82.69	85.58	52.27	56.45	53.58	114.34	105.28	55.94	51.65	43.74	39.63	44.30	25.76	41.94	77.91	11.97	71.71	51.24	48.50	68.75	65.83	50.67	86.68	49.54	67.10	53.14	98.44	105.67	103.78	94.69	107.84	14.19	12.42	13.56	12.37	56.74	61.69	38.72	53.35	57.40	20.54	9.01
12.92	0.00	2.79	4.37	6.47	7.47	7.54	10.95	10.06	4.14	7.14	4.93	13.57	70.86	64.26	70.75	71.84	54.93	58.49	71.30	62.08	39.13	40.84	35.25	88.55	102.85	39.34	36.37	26.08	27.66	54.22	26.04	45.59	61.62	3.07	63.10	40.00	37.51	75.12	72.88	44.59	82.62	48.36	53.89	37.28	103.97	87.76	86.38	78.49	81.50	12.50	2.79	5.87	4.53	53.30	68.05	42.28	53.05	63.98	25.02	5.12
14.43	2.73	0.00	6.14	4.08	4.89	3.87	8.30	9.86	1.93	5.90	2.83	13.62	65.44	59.73	65.24	68.82	54.33	60.81	64.13	59.31	42.67	37.48	39.32	84.61	80.97	40.66	41.46	27.93	34.05	49.47	32.48	39.68	57.15	0.61	69.16	38.94	42.10	62.51	70.92	43.48	80.10	53.80	59.63	38.23	86.63	85.42	79.03	91.00	100.39	11.71	0.57	4.07	2.41	63.21	61.16	36.88	56.92	65.15	26.31	3.75
8.75	4.56	5.51	0.00	8.53	11.98	7.68	14.66	7.85	5.34	11.27	5.21	10.07	68.29	72.81	63.63	76.68	60.13	70.12	59.68	71.25	42.41	41.57	43.32	107.44	101.53	46.17	39.27	32.97	29.57	54.05	22.60	44.01	70.17	5.62	62.44	45.67	43.65	77.26	61.58	41.33	91.33	41.46	57.23	45.84	106.07	99.47	91.00	85.35	88.31	13.13	5.60	7.99	5.89	62.87	60.62	38.87	53.55	57.16	24.95	5.35
11.50	6.34	4.67	8.96	0.00	2.45	0.32	5.35	7.80	3.49	7.17	3.67	10.78	58.23	57.77	64.50	65.94	61.00	69.45	55.90	62.15	43.29	34.97	36.78	97.84	92.51	39.41	43.65	35.13	32.14	50.66	33.43	48.57	57.89	4.08	70.27	35.97	38.65	65.12	62.56	40.39	82.96	53.23	63.63	52.15	106.97	103.13	82.82	96.81	90.96	6.25	4.08	0.60	2.00	57.52	68.18	48.13	57.53	72.59	17.81	3.31
14.54	9.25	5.30	10.35	2.71	0.00	2.60	2.50	10.12	5.23	6.49	5.42	15.98	54.34	54.75	64.09	59.37	55.80	61.68	56.07	60.82	35.92	41.05	34.45	93.09	93.79	38.62	32.92	36.11	34.92	53.22	31.01	55.07	57.93	4.95	67.41	39.99	37.37	65.32	55.55	32.12	85.08	53.34	68.32	49.14	89.58	91.15	80.71	81.83	85.34	5.55	5.24	2.34	4.24	73.33	65.71	44.31	68.67	78.56	20.46	5.08
11.05	7.56	3.93	9.55	0.40	2.45	0.00	4.34	7.62	2.94	8.00	3.33	10.93	69.24	64.67	64.07	69.42	55.49	72.12	64.84	64.15	38.59	41.23	35.04	92.33	92.45	35.89	35.32	34.31	31.38	55.91	30.41	48.95	57.09	4.24	72.91	39.58	33.10	57.43	65.95	37.11	93.64	46.82	58.94	44.08	109.06	80.68	90.58	95.04	99.61	6.11	3.91	0.27	2.42	57.56	61.68	40.06	55.84	65.83	18.84	3.05
16.70	11.71	7.35	13.40	5.20	2.90	4.11	0.00	11.70	7.35	7.54	7.88	14.64	64.50	62.90	67.92	58.80	57.94	61.92	59.33	74.98	38.72	32.88	40.78	93.74	97.07	35.21	35.81	30.87	33.41	62.04	39.48	55.06	63.47	7.99	54.80	33.43	36.50	66.41	55.53	29.14	80.97	60.61	66.23	42.75	90.73	82.43	72.51	85.73	75.71	4.62	7.48	4.53	6.04	68.82	76.16	45.86	60.91	66.30	17.25	6.84
5.93	9.55	10.14	8.33	7.64	10.63	8.14	10.26	0.00	6.88	14.60	5.44	5.46	67.32	74.86	70.75	69.52	68.02	73.27	75.01	65.13	52.55	41.47	41.93	91.77	94.04	46.53	51.86	40.07	34.72	55.75	27.17	48.60	61.40	8.49	73.31	47.58	44.92	72.44	60.36	42.66	97.45	57.68	54.49	53.59	91.29	99.79	104.50	96.65	108.53	9.62	9.77	7.88	7.24	66.02	61.24	39.40	50.13	72.76	16.97	6.05
11.24	3.46	1.94	4.96	3.29	5.32	3.57	7.00	7.62	0.00	6.90	1.15	11.80	62.92	69.34	62.14	58.52	55.71	58.54	56.83	58.88	35.20	37.27	37.75	86.44	93.96	36.64	39.72	27.93	30.17	60.02	30.31	44.60	58.31	1.08	65.33	35.61	39.44	67.99	65.82	35.34	81.55	55.77	53.56	40.48	108.06	85.98	81.75	93.71	80.56	9.88	1.33	3.24	1.12	56.47	73.38	36.85	63.21	70.46	22.24	1.62
21.02	8.86	5.75	10.73	7.10	6.04	6.82	8.10	14.74	8.23	0.00	9.96	17.07	62.60	51.85	59.19	53.84	55.40	52.13	55.39	57.92	32.24	29.61	33.04	76.89	89.70	35.94	32.78	28.10	27.14	59.81	40.09	50.01	52.90	7.30	54.25	32.53	35.65	68.43	63.64	33.03	79.32	46.91	58.57	39.96	94.05	80.23	81.80	86.52	92.83	12.31	7.35	6.85	7.92	68.13	68.39	50.16	69.18	61.92	25.13	8.87
10.38	4.52	2.70	5.56	3.74	6.45	3.81	8.42	6.54	1.32	9.98	0.00	10.34	72.56	59.29	72.40	70.10	58.98	59.84	66.96	67.71	38.46	45.53	36.46	100.36	104.96	44.37	43.02	32.05	31.64	48.70	33.39	48.24	57.25	2.62	62.02	36.88	37.39	66.85	66.73	44.91	91.12	53.17	62.26	41.15	100.14	88.46	83.84	89.98	89.15	8.81	2.61	3.12	1.46	65.69	58.69	37.33	53.29	65.94	24.06	0.48
0.55	13.89	12.37	10.06	11.65	12.58	10.81	15.56	4.68	10.02	17.26	10.02	0.00	72.69	83.19	83.78	87.09	81.98	82.57	76.15	78.93	50.34	53.13	49.23	96.20	91.98	56.40	53.17	35.62	36.58	50.53	25.01	40.01	69.79	12.17	68.00	50.85	48.55	74.89	75.27	47.85	98.30	61.71	54.73	57.21	115.88	91.26	103.55	91.05	89.81	15.15	12.76	11.37	11.05	62.24	72.58	40.52	44.43	64.65	24.65	9.21
80.47	69.41	64.30	72.29	56.68	68.38	65.95	57.33	78.87	62.45	62.73	72.92	69.43	0.00	0.53	0.68	3.19	4.06	2.05	0.02	27.93	23.12	25.63	23.53	34.89	38.58	22.38	22.10	52.44	47.98	114.68	88.77	110.42	29.50	70.22	3.55	21.34	41.08	42.85	32.29	39.31	35.82	67.96	76.07	48.62	42.01	33.46	21.11	30.31	36.64	68.83	67.82	65.65	65.56	101.46	93.00	88.59	123.07	101.94	73.74	57.30
76.43	68.03	69.10	62.65	68.36	55.51	63.46	52.97	71.03	56.51	61.70	67.68	79.26	0.63	0.00	0.07	3.80	5.07	2.04	0.57	30.85	23.89	25.93	20.67	33.50	39.49	22.00	23.27	44.24	52.08	122.59	96.54	96.46	24.80	64.96	3.18	20.99	35.12	37.46	24.90	38.64	34.27	65.44	82.39	47.79	38.82	37.16	25.13	30.36	38.25	57.85	60.05	66.46	56.87	112.23	106.30	80.75	108.09	89.36	77.28	58.60
83.10	70.16	55.32	60.70	64.70	58.53	67.33	55.73	70.73	56.60	53.18	67.84	77.15	0.67	0.07	0.00	4.16	4.94	2.08	0.72	30.67	26.30	20.99	22.48	38.86	35.30	23.78	25.47	41.79	43.71	119.31	90.10	107.48	29.07	57.57	3.47	22.69	37.56	43.76	26.31	37.07	31.52	71.98	89.85	49.03	47.05	32.73	21.69	31.65	39.27	59.78	54.49	65.74	69.08	96.36	99.25	95.18	112.68	91.35	70.91	68.31
71.52	58.29	73.45	70.40	60.29	71.31	65.29	61.48	73.86	62.80	61.88	64.50	72.80	2.95	3.46	3.75	0.00	6.92	1.63	3.66	35.25	24.63	24.08	25.13	38.60	35.72	30.01	24.21	51.71	55.70	101.51	104.02	94.29	32.09	61.32	3.46	26.95	38.40	38.71	33.39	40.88	34.87	68.50	76.08	53.64	41.08	34.26	20.15	34.89	37.27	64.84	64.34	64.10	68.97	97.65	105.16	88.13	101.73	97.54	77.60	62.56
66.02	61.65	61.81	65.42	60.37	53.01	58.81	54.61	71.52	56.51	48.43	65.54	64.67	5.19	5.52	5.46	7.37	0.00	5.93	4.68	29.00	20.60	22.74	22.01	45.03	38.77	22.68	23.20	48.31	43.88	97.08	77.74	98.51	33.28	58.98	8.30	25.89	41.67	50.31	34.57	35.51	43.03	63.36	75.08	46.65	50.53	43.55	27.02	39.24	35.40	68.63	58.15	61.87	65.91	91.64	101.17	92.85	104.97	86.61	66.59	63.62
69.28	62.94	59.96	73.66	70.86	66.96	70.03	61.60	64.51	67.77	57.05	72.40	78.36	2.09	2.15	2.29	1.36	5.43	0.00	1.93	33.36	27.18	29.30	22.40	35.41	37.82	25.04	24.16	48.15	52.81	121.20	82.04	101.59	30.00	61.25	2.73	23.55	35.68	43.75	26.53	35.12	35.74	65.03	89.59	46.07	42.02	30.94	18.95	31.44	30.88	62.41	70.36	63.47	63.32	102.81	88.71	100.16	102.05	92.00	78.81	69.65
74.33	55.22	67.40	64.46	61.35	59.95	69.32	59.90	78.30	55.97	57.32	68.07	83.20	0.02	0.65	0.58	3.59	5.18	2.15	0.00	32.57	21.33	26.39	25.95	32.40	39.67	21.74	21.09	50.35	49.13	114.95	92.50	105.55	32.65	60.94	4.03	23.12	38.58	37.36	27.22	38.73	31.83	57.80	72.09	51.84	43.88	33.99	19.87	31.79	39.07	70.85	64.40	61.97	69.69	103.09	86.25	81.71	107.71	88.83	75.64	72.36
76.55	66.79	70.45	68.26	62.57	74.05	65.26	68.98	64.14	74.03	60.59	69.68	80.88	27.72	32.03	29.98	33.35	23.09	32.87	26.84	0.00	37.71	39.47	34.27	71.17	62.93	34.61	33.08	38.83	39.74	111.00	81.53	100.81	65.45	66.84	35.14	39.99	55.97	62.52	53.57	52.19	61.89	42.92	59.44	30.15	71.65	72.03	41.96	63.30	60.70	72.66	72.15	60.98	72.70	92.13	70.97	78.26	111.27	72.29	88.72	75.63
48.19	40.73	38.66	40.39	39.59	39.10	42.76	33.67	48.20	39.48	29.42	45.71	44.56	23.31	24.77	20.83	25.05	22.29	28.45	26.98	33.34	0.00	0.44	0.23	53.73	53.10	0.63	0.67	31.72	33.13	101.56	66.16	77.17	29.87	37.61	22.16	1.24	16.97	40.83	31.97	16.70	53.27	58.50	59.17	39.29	58.16	60.02	48.83	51.81	47.19	43.17	39.85	39.34	44.83	97.52	85.97	71.13	93.38	90.99	52.08	43.85
46.59	36.40	41.73	38.22	36.83	32.74	42.53	32.69	44.94	35.06	35.72	44.82	47.23	24.67	24.91	24.98	29.98	23.27	27.44	24.74	39.63	0.35	0.00	0.36	53.83	58.74	0.71	0.87	28.99	26.62	103.13	61.79	70.62	29.62	43.68	27.10	1.80	21.10	42.03	34.55	17.61	51.40	50.74	66.93	33.06	62.41	62.08	40.69	47.63	57.96	41.48	35.20	35.03	43.51	79.90	80.94	77.85	91.56	75.01	54.10	41.14
48.82	43.73	39.17	48.99	36.40	32.75	36.55	34.03	45.64	44.36	30.93	45.87	49.36	25.84	23.34	20.93	26.18	22.13	28.07	24.14	33.52	0.23	0.35	0.00	51.27	52.95	0.43	0.59	34.87	30.51	91.56	68.80	86.06	27.62	37.15	22.29	1.72	17.82	46.17	34.07	17.15	50.66	53.53	64.80	39.42	57.66	53.87	40.03	50.99	58.74	41.50	36.07	39.89	42.52	86.27	82.97	63.89	94.78	84.26	50.25	45.23
108.49	87.81	93.96	101.51	88.58	97.96	101.25	78.96	102.45	91.83	96.73	102.33	114.62	36.70	39.59	35.87	35.73	40.14	35.33	39.68	61.69	53.03	58.03	53.27	0.00	0.63	55.23	53.60	77.06	72.57	148.84	116.86	148.76	30.09	98.50	36.73	58.47	60.49	34.36	29.87	63.99	8.82	100.19	102.10	82.53	4.63	0.30	21.05	4.20	1.86	93.62	83.39	91.39	88.56	125.21	147.19	128.82	129.79	118.22	93.28	98.24
116.56	105.41	91.20	102.95	97.41	83.21	86.17	98.37	101.31	100.29	97.43	93.47	109.11	36.40	33.89	37.39	30.69	37.77	36.09	34.38	62.55	61.90	51.38	53.52	0.54	0.00	61.22	51.14	88.98	75.08	141.49	134.87	124.01	34.30	82.69	31.41	58.41	62.83	43.17	31.92	53.99	8.56	112.86	108.01	89.99	5.01	0.40	21.85	4.45	2.02	99.64	102.06	90.53	84.62	145.12	141.38	115.81	143.11	130.40	85.70	102.67
55.73	43.20	35.06	45.27	35.85	34.78	39.99	38.34	45.32	44.79	31.46	43.21	45.24	25.49	21.12	23.37	27.87	24.74	22.76	25.43	33.11	0.56	0.74	0.46	61.83	50.92	0.00	0.09	32.75	30.41	97.71	72.00	86.33	31.29	36.04	22.89	1.87	19.07	37.03	31.18	19.15	46.06	57.85	66.29	39.00	61.13	59.73	41.22	49.91	47.37	39.30	40.33	43.25	42.02	84.10	88.36	67.41	80.95	73.48	53.55	46.84
48.63	43.39	38.50	46.82	36.24	38.26	39.27	42.18	52.29	42.68	31.69	42.09	48.38	22.96	22.21	25.51	29.79	25.54	26.78	21.29	32.69	0.70	0.88	0.49	48.05	55.01	0.10	0.00	28.75	30.35	98.38	66.33	72.89	33.14	41.89	21.90	2.09	21.30	38.54	34.94	21.15	45.01	53.41	68.04	37.76	62.52	54.90	40.40	49.89	46.60	38.77	39.14	38.14	35.96	82.43	88.09	68.56	96.65	77.54	50.77	39.78
38.12	29.67	29.14	30.01	36.21	30.47	32.35	36.60	33.98	28.38	30.14	35.38	41.38	54.06	45.67	50.65	53.70	44.42	48.59	49.97	34.85	33.66	30.90	30.36	83.65	90.39	28.63	32.71	0.00	0.85	66.97	42.19	59.24	65.18	28.42	49.08	28.62	39.08	67.56	54.39	40.95	71.48	24.19	39.08	13.45	83.46	77.41	66.63	72.88	78.53	39.64	34.05	31.66	29.11	53.71	49.90	43.28	66.22	49.66	45.90	31.53
37.38	31.54	30.00	31.89	33.31	33.92	30.80	31.76	39.62	29.77	24.63	35.41	36.79	47.79	48.36	42.49	50.38	44.65	48.33	44.44	41.35	28.20	31.31	28.31	81.25	78.25	31.23	26.56	0.89	0.00	66.57	41.60	48.60	60.68	34.25	48.00	31.70	48.26	69.38	69.51	44.01	83.31	21.71	34.71	13.13	83.26	81.74	71.63	85.53	72.35	42.28	31.41	35.81	35.92	58.47	48.52	44.59	62.74	52.60	55.60	32.73
49.31	48.41	51.33	47.50	58.43	67.05	54.61	66.89	55.81	60.93	69.60	53.71	51.79	118.62	101.90	121.38	120.27	103.14	101.91	112.14	99.15	99.04	90.34	83.74	136.56	145.53	86.52	100.10	68.54	70.34	0.00	28.10	14.41	105.79	50.85	103.41	85.30	88.83	122.65	134.87	95.10	137.79	66.76	51.22	65.07	149.96	140.54	149.29	134.17	150.11	62.52	54.55	63.10	50.97	25.59	41.81	22.17	0.41	45.11	73.42	61.39
21.52	29.14	31.09	22.51	34.50	35.77	33.22	35.78	28.35	28.67	39.10	27.48	22.56	85.92	91.77	88.56	90.66	96.36	84.87	90.58	90.92	64.24	64.56	75.99	108.49	114.75	67.95	71.78	41.18	44.84	27.19	0.00	15.82	98.59	32.35	92.18	65.18	69.29	99.51	82.42	60.79	126.16	44.25	43.40	60.52	138.50	121.64	115.39	120.06	118.75	34.25	32.12	29.60	30.19	38.26	41.29	16.30	26.02	46.94	43.84	26.88
34.50	48.19	46.97	38.05	49.93	54.89	51.80	53.40	48.72	39.98	47.92	40.49	39.71	108.13	109.65	111.63	110.98	95.96	105.11	109.64	95.72	79.94	74.79	75.00	130.41	135.29	70.85	84.53	46.27	51.75	14.73	17.30	0.00	114.76	39.57	102.85	88.82	78.76	100.00	113.63	79.59	131.71	54.53	46.68	67.18	124.63	133.34	126.33	133.18	143.23	47.44	48.17	42.83	51.06	21.85	40.09	9.82	14.90	40.44	63.36	43.11
69.77	59.42	58.64	67.27	66.50	56.17	60.03	52.39	77.83	66.80	59.88	68.07	72.84	26.96	27.89	26.67	28.91	36.60	28.71	26.95	58.15	34.71	35.17	31.25	29.48	33.03	35.22	32.18	65.39	57.90	109.96	97.48	117.88	0.00	65.18	28.28	29.74	26.12	13.63	0.18	25.19	23.61	73.46	86.49	59.05	32.98	33.34	34.39	24.99	26.83	65.07	60.25	68.87	59.68	113.68	119.81	104.14	132.38	116.19	65.40	59.32
13.40	3.40	0.62	6.22	3.56	5.39	3.68	8.70	8.20	1.12	6.70	2.23	10.69	61.52	62.06	67.06	60.10	67.83	64.66	59.26	56.61	44.11	37.89	40.18	101.58	82.30	39.74	36.60	30.13	34.27	53.86	34.04	40.08	60.58	0.00	60.93	43.83	36.39	74.05	61.96	34.32	76.12	50.75	56.38	47.54	93.04	87.45	92.78	89.26	92.84	10.49	0.14	3.53	2.05	67.72	71.30	43.62	54.60	58.48	22.68	2.94
75.69	60.88	63.22	71.45	73.11	56.99	70.50	65.06	70.17	64.58	50.74	63.37	86.10	3.43	3.35	3.02	3.23	7.96	2.62	3.85	30.39	22.61	26.74	27.70	33.28	33.52	22.92	23.42	47.45	43.91	101.73	88.18	112.16	28.44	68.07	0.00	24.55	34.61	38.77	29.06	39.74	29.07	68.36	91.60	55.13	40.18	35.67	18.00	26.62	34.44	58.87	57.41	63.29	63.90	104.77	90.08	82.56	108.56	109.38	67.15	72.74
45.87	40.56	43.63	40.40	36.00	38.64	36.00	33.61	52.26	39.90	32.22	40.76	51.70	23.09	22.61	25.07	24.67	26.94	27.33	26.60	43.45	1.23	1.61	1.73	60.61	48.85	1.71	2.01	28.69	32.74	92.04	73.28	89.30	32.42	39.64	21.97	0.00	15.45	43.31	33.76	18.74	51.92	48.80	61.27	43.04	60.59	53.19	50.75	49.74	47.73	39.85	43.14	39.92	44.25	92.92	81.46	71.03	95.34	89.71	53.42	37.99
51.99	36.02	40.71	46.68	35.14	37.17	32.27	29.98	49.10	41.07	30.32	38.70	46.80	37.87	35.32	31.41	39.38	34.67	37.06	40.76	49.84	19.52	19.80	17.27	55.24	56.19	19.26	20.50	44.47	46.57	102.07	74.71	88.72	26.57	40.85	38.14	18.40	0.00	31.01	28.15	0.11	55.04	67.47	76.57	59.36	64.37	50.05	61.63	47.40	53.44	39.69	38.99	40.45	36.77	105.61	100.27	68.25	105.54	93.78	40.15	40.20
80.94	72.07	74.47	69.47	68.51	64.58	68.03	54.18	75.67	73.02	68.05	65.14	79.62	39.46	46.43	38.53	41.52	49.56	45.65	43.01	74.61	44.54	46.74	39.35	40.90	36.25	39.89	38.77	71.02	63.18	111.92	107.24	125.58	13.66	62.18	35.82	40.67	32.67	0.00	14.05	30.68	29.21	85.77	94.94	83.28	44.19	35.01	44.91	37.56	41.83	62.65	60.28	65.62	66.62	122.36	120.73	119.91	122.81	125.14	59.99	60.52
81.01	70.61	55.46	73.90	54.56	62.12	65.48	52.73	62.69	71.84	50.51	67.79	64.75	26.43	29.61	27.82	26.52	32.22	30.16	31.71	52.12	33.63	31.77	31.50	36.66	33.03	30.41	29.16	69.10	57.38	117.88	105.60	113.39	0.17	59.21	27.98	33.80	23.05	14.72	0.00	26.19	27.61	86.32	99.48	60.65	37.37	33.57	39.32	31.17	31.00	68.61	64.20	65.72	56.87	105.43	122.22	100.38	133.77	124.79	65.74	68.39
55.19	41.97	37.33	48.57	37.53	32.19	40.26	35.15	44.11	37.93	31.73	45.06	48.11	32.75	36.16	38.11	37.17	41.63	35.10	39.14	50.88	21.31	17.20	20.99	60.44	62.22	20.83	19.85	40.92	44.18	101.44	74.21	89.74	25.56	43.35	39.73	19.82	0.11	26.65	23.41	0.00	53.98	67.75	71.70	52.25	64.35	51.10	56.04	47.89	52.64	35.70	41.88	36.18	36.22	89.53	91.37	80.30	85.48	100.77	39.62	34.92
102.35	93.92	82.61	83.01	93.06	86.64	79.10	76.33	83.01	76.05	72.13	86.17	105.91	37.44	37.01	32.45	31.25	36.97	34.94	37.22	57.01	52.06	48.73	45.14	7.22	8.12	48.63	52.64	76.26	88.88	124.17	123.83	119.83	21.90	87.64	31.45	49.51	50.81	28.28	22.24	45.32	0.00	90.07	108.41	72.90	11.82	9.25	25.26	5.10	6.36	75.38	88.18	84.62	91.27	139.75	126.12	112.34	159.20	131.05	97.82	97.19
53.56	41.62	48.25	41.82	55.38	56.83	53.50	57.36	58.37	46.09	43.13	46.32	55.38	56.93	62.40	65.31	63.50	63.80	65.35	70.05	48.14	56.72	49.41	46.31	109.38	107.93	57.39	55.28	25.62	24.64	61.28	45.30	56.36	92.44	49.27	61.11	50.81	62.48	103.84	90.55	74.40	108.13	0.00	17.35	15.67	116.05	103.52	94.08	97.35	93.55	65.02	53.03	58.23	52.69	50.54	38.94	45.88	67.05	35.44	70.90	51.27
58.38	54.80	57.65	59.20	57.34	59.01	58.87	65.13	60.09	51.67	50.83	58.48	66.84	77.03	75.55	80.75	87.24	77.14	71.91	88.07	57.23	59.24	71.03	67.02	116.56	105.13	72.81	75.66	40.30	38.90	52.87	47.69	43.11	110.60	50.96	79.03	62.95	82.40	107.59	94.11	87.34	116.87	18.27	0.00	31.68	127.49	115.77	88.63	124.27	105.34	60.81	61.01	61.74	62.90	34.93	17.94	32.37	51.32	17.15	85.22	58.06
53.22	45.18	48.34	43.81	51.99	44.36	41.06	43.84	46.56	46.65	35.74	42.98	53.30	45.67	49.16	46.95	51.47	39.93	49.43	46.13	32.48	32.91	38.89	39.12	85.93	92.15	34.13	34.26	13.12	13.30	79.54	52.15	58.55	66.01	41.27	53.88	42.45	48.41	85.93	66.56	56.83	83.67	17.83	34.08	0.00	87.97	84.42	74.73	77.47	85.15	51.66	49.43	41.83	50.43	57.21	50.68	46.32	67.99	54.56	72.97	44.17
118.29	105.62	87.00	96.11	88.95	85.19	95.37	99.67	101.31	99.44	95.86	103.55	103.65	43.27	46.72	36.53	35.25	51.52	45.03	40.71	69.05	63.62	58.38	56.03	5.06	5.16	57.04	60.66	85.60	96.49	148.69	131.98	135.20	36.49	101.96	40.56	66.19	63.15	36.50	34.16	53.55	10.86	93.73	127.59	93.87	0.00	5.19	23.77	8.33	7.20	96.18	103.08	91.46	109.21	141.03	129.91	142.02	152.89	150.83	100.95	92.49
105.93	99.32	81.22	96.72	88.72	79.54	87.22	90.36	105.87	102.25	78.47	103.99	113.31	32.69	34.94	32.88	37.38	44.05	33.87	35.51	62.08	51.03	59.90	56.99	0.23	0.41	57.51	57.30	88.75	78.93	146.88	126.60	125.22	32.44	98.65	29.64	57.34	49.78	38.26	36.23	53.39	7.39	103.58	125.56	91.57	5.51	0.00	23.97	4.02	2.20	97.08	83.73	103.42	89.56	158.42	123.35	139.09	159.29	118.32	105.91	88.00
89.39	91.40	86.71	79.64	87.81	75.96	75.86	91.95	89.57	79.07	72.62	86.67	91.91	22.81	22.88	21.07	18.46	25.21	18.93	23.16	43.41	44.56	42.73	48.38	20.35	19.93	41.69	45.38	66.40	60.16	143.92	103.63	120.24	39.42	83.62	19.62	40.14	51.31	49.67	39.40	52.65	23.54	75.93	87.58	67.47	26.36	21.48	0.00	23.72	22.34	95.87	95.71	83.14	76.32	136.26	111.04	124.37	120.59	122.55	97.09	87.45
89.00	98.56	82.28	91.76	84.43	80.08	82.17	80.70	104.69	79.51	72.21	93.12	97.66	30.67	33.51	36.33	27.59	41.00	29.26	32.88	60.05	46.37	54.85	52.36	4.25	4.80	49.90	55.25	83.68	73.23	140.41	105.45	134.32	30.48	93.17	32.11	50.02	46.25	36.98	25.46	55.53	4.04	90.84	123.28	73.88	8.78	4.17	19.71	0.00	2.72	84.39	89.32	88.16	77.78	120.26	144.47	123.72	152.83	142.52	80.71	90.82
97.11	102.91	89.86	88.91	90.16	96.28	92.98	86.07	106.07	82.58	84.92	89.78	98.59	32.44	35.69	34.88	32.17	41.94	29.69	32.26	68.52	53.25	59.52	54.74	1.96	1.88	55.01	48.88	72.69	89.03	134.25	136.00	116.31	29.22	81.29	34.87	49.96	57.65	35.84	27.34	50.89	6.20	98.25	103.49	90.63	6.17	2.08	19.02	2.56	0.00	100.51	87.45	96.62	86.41	152.84	130.22	113.33	134.94	126.90	104.36	99.51
14.41	12.02	10.73	12.37	5.72	6.22	5.60	3.90	9.84	9.36	11.03	8.92	14.67	69.27	70.69	67.99	67.96	66.77	64.96	73.48	76.11	44.39	38.07	44.77	98.98	85.44	36.92	45.68	37.11	44.93	65.64	33.51	56.57	54.80	11.05	68.98	44.99	33.82	60.99	58.49	32.07	95.66	54.41	72.84	45.76	96.67	89.94	87.21	90.75	93.83	0.00	11.04	5.78	7.28	61.82	78.75	46.71	67.51	76.24	14.34	7.96
13.65	2.84	0.60	5.38	4.13	5.75	4.18	7.70	8.62	1.14	6.53	2.74	12.87	69.76	68.52	56.09	57.73	62.63	73.05	60.75	57.20	44.13	35.84	37.69	93.16	86.60	36.15	40.37	34.15	29.49	54.89	32.43	40.76	61.01	0.14	60.23	42.38	33.85	74.82	62.20	43.67	81.60	51.72	51.23	47.36	99.69	96.86	88.16	78.49	96.65	11.01	0.00	3.56	2.08	58.69	60.80	39.17	50.05	58.96	23.68	2.43
11.63	6.06	4.62	8.69	0.52	2.35	0.26	4.64	7.00	3.37	7.26	3.54	11.67	65.23	65.07	54.67	60.94	59.36	67.93	68.49	66.53	38.39	37.20	44.32	95.47	87.81	35.95	44.54	33.29	37.34	52.44	31.16	50.55	56.59	4.01	63.16	36.78	37.01	74.07	57.36	40.92	89.63	45.37	58.23	43.82	91.76	83.32	84.66	90.27	92.06	7.02	3.47	0.00	2.17	61.37	65.69	40.84	58.04	66.71	17.75	2.71
13.15	5.26	2.36	6.82	1.93	4.37	2.35	7.50	6.52	1.21	7.19	1.81	10.60	69.81	57.50	59.74	69.45	59.10	71.34	63.70	72.20	42.09	37.87	36.01	83.57	92.33	35.95	42.91	30.08	34.15	62.20	33.74	46.20	63.81	1.60	65.17	40.32	35.71	70.36	59.67	42.38	86.87	52.18	59.38	45.59	110.06	96.96	90.85	94.85	88.46	7.64	2.20	1.97	0.00	58.87	65.75	47.01	53.07	62.52	22.46	1.46
55.23	63.36	66.19	59.82	60.32	71.25	69.98	72.77	63.16	61.38	57.35	64.58	64.45	112.32	102.62	114.55	120.94	94.10	94.26	102.44	86.97	78.60	83.29	85.71	151.42	151.98	86.48	90.86	51.89	51.76	25.01	38.92	20.51	118.41	63.77	102.53	79.05	94.21	129.30	106.13	90.57	149.40	44.17	34.01	58.62	151.94	153.40	130.83	142.59	125.63	72.87	56.31	56.52	59.16	0.00	17.01	23.21	26.23	16.66	87.05	54.93
71.48	64.15	58.27	59.18	68.31	65.93	71.63	78.74	66.89	68.77	70.35	68.73	59.84	106.17	100.09	101.31	103.84	106.25	93.53	110.77	78.97	89.83	80.69	74.47	145.23	123.21	83.64	85.74	52.92	58.87	40.05	49.38	40.26	125.83	71.18	89.29	94.95	103.83	121.30	101.30	84.93	118.40	35.07	21.20	51.14	123.97	128.99	111.56	127.70	150.90	67.03	61.30	61.91	64.05	18.15	0.00	33.36	48.14	0.45	75.19	58.94
36.46	37.75	41.07	31.50	48.25	47.00	46.84	52.97	41.63	43.31	40.26	43.83	38.65	95.14	92.43	98.35	82.95	98.53	90.70	83.95	80.92	70.41	77.92	63.79	110.64	138.90	70.23	72.99	45.54	46.73	23.41	15.79	9.04	97.55	41.98	85.42	68.18	76.35	113.79	99.49	70.84	119.22	41.87	37.90	54.58	140.19	142.02	123.73	110.06	140.15	46.93	42.63	46.25	44.68	19.88	33.49	0.00	23.16	33.69	61.97	39.95
44.07	57.32	59.24	48.28	55.45	68.44	61.18	68.85	53.71	59.35	55.93	59.77	46.35	101.45	101.86	122.50	131.14	113.61	114.83	109.85	97.46	102.64	92.39	80.72	144.17	164.58	81.64	103.28	68.51	59.48	0.46	28.39	14.30	122.32	54.52	101.73	103.71	100.88	133.34	111.72	91.86	143.62	65.26	56.84	83.01	160.98	148.92	152.71	133.39	153.01	58.83	50.49	55.52	63.42	29.64	41.77	21.55	0.00	39.54	65.92	50.95
64.23	53.74	70.37	57.33	75.32	68.85	69.55	64.03	62.59	67.83	66.03	72.21	66.52	93.54	108.67	105.31	91.03	106.36	91.83	105.58	80.57	88.76	81.75	74.58	128.96	119.61	86.61	87.32	50.19	46.47	44.62	41.44	41.22	121.44	59.51	97.88	86.80	90.47	135.53	125.60	90.86	115.66	38.44	19.86	54.26	152.68	123.93	118.53	146.68	135.69	69.40	64.16	68.22	63.11	16.58	0.42	30.83	39.15	0.00	77.45	71.46
20.42	23.98	23.12	27.29	19.18	16.42	19.59	17.52	18.15	22.89	24.97	19.25	23.26	78.87	67.78	68.62	70.95	64.74	80.45	79.92	78.56	45.63	44.52	50.11	92.43	102.24	53.74	51.84	52.35	54.76	76.54	45.54	63.99	57.99	20.20	71.56	43.26	39.64	56.60	54.94	34.73	96.62	63.70	73.95	59.06	89.26	96.38	85.28	80.46	88.29	12.72	21.67	20.43	20.68	79.86	80.31	63.30	68.03	75.08	0.00	20.56
9.02	5.04	3.59	5.83	3.11	5.42	3.47	7.26	5.19	1.53	9.35	0.43	9.32	71.41	61.94	65.10	66.38	60.62	69.20	60.86	60.18	37.36	41.05	39.70	90.70	90.51	45.67	46.02	29.85	36.50	53.46	26.55	40.30	64.05	2.95	64.97	46.52	40.44	61.24	63.77	41.42	83.81	47.34	50.58	47.30	92.81	107.14	77.79	93.44	86.06	9.26	3.02	2.72	1.52	65.60	61.46	41.84	59.96	66.26	21.74	0.00
~
Delivery quantities;
16 1 0 1 0 4 16 6 1 10 7 11 0 1 0 1 1 2 1 6 2 0 2 4 0 0 8 0 8 2 0 0 2 1 2 3 2 2 4 0 0 0 0 1 2 0 0 3 0 2 4 1 2 2 2 1 6 4 2 2 
~
Pick-up quantities;
16 0 6 0 44 0 0 16 0 24 0 30 12 0 30 0 0 0 0 4 0 20 0 0 8 16 30 24 0 0 4 6 8 0 18 6 12 0 6 8 6 12 12 0 12 18 4 8 12 12 18 0 6 18 8 12 12 6 8 0 
~
Vehicle capacity; 
100 100 100 100 100 100 
~


