Cost matrix;
0.00	16.91	11.34	14.86	22.98	6.01	11.75	19.46	13.15	5.38	12.99	17.32	10.16	26.69	41.99	74.71	68.02	81.75	77.72	70.12	10.33	35.56	40.21	55.65	49.40	57.07	24.23	46.12	103.26	98.41	97.17	37.26	46.91	39.77	30.14	12.70	25.23	35.40	12.99	0.97	34.12	16.84	49.75	26.96	14.19	16.43	10.08	13.37	6.09	37.85	50.84	42.94	30.23	20.40	46.22	57.36	34.16	11.33	9.70	8.54	18.45
18.33	0.00	5.36	12.57	17.58	14.84	9.25	4.15	5.84	13.65	5.87	3.76	6.36	18.40	46.81	54.09	60.48	60.82	57.26	62.79	7.26	27.31	29.04	32.92	34.19	31.38	37.27	41.39	79.55	89.25	70.47	25.09	26.79	30.02	17.02	7.33	20.55	13.80	6.33	17.23	13.91	3.59	36.62	15.88	6.81	6.31	8.59	12.23	10.51	44.35	64.02	62.60	54.04	29.35	61.10	75.26	41.29	6.71	9.76	7.72	8.46
11.80	5.20	0.00	8.65	18.33	8.03	4.98	8.90	0.32	7.83	0.28	8.56	1.29	17.66	42.52	72.65	66.39	60.36	64.70	61.50	1.29	31.56	33.75	40.64	42.69	40.29	29.53	46.37	103.89	86.10	91.07	30.64	36.17	28.61	19.85	3.30	19.56	20.39	3.03	12.77	23.24	7.11	41.00	21.13	5.35	5.83	2.89	9.42	5.58	42.24	58.42	53.33	45.67	24.83	51.32	62.89	38.26	1.03	5.99	2.80	7.54
14.90	12.99	8.09	0.00	11.89	9.14	3.65	17.03	9.40	8.75	10.12	13.29	9.82	9.70	55.12	60.08	57.38	59.14	63.91	63.86	8.22	43.05	44.33	41.62	40.45	37.22	33.01	34.45	85.87	99.18	86.79	41.23	40.92	35.26	19.88	6.66	9.87	27.10	6.88	15.87	23.21	12.82	31.92	28.45	6.10	6.69	10.73	0.49	9.04	57.21	69.70	64.73	51.02	34.45	52.03	64.79	46.23	8.06	12.55	7.87	6.55
23.30	20.63	21.22	9.62	0.00	19.85	13.12	24.47	17.18	20.68	19.59	17.00	16.79	0.19	60.87	59.09	64.01	56.91	68.61	58.78	18.00	46.45	45.49	39.71	41.21	41.39	45.17	25.64	76.17	75.41	65.20	43.57	46.32	42.66	17.70	14.60	0.43	22.57	13.95	27.94	24.33	19.37	30.24	32.22	13.60	12.39	22.59	11.58	19.91	58.88	79.73	70.57	59.43	40.13	57.94	76.06	49.02	19.22	22.10	19.69	11.27
6.01	12.71	8.15	9.21	19.80	0.00	6.84	16.85	7.81	0.12	8.62	13.00	6.40	21.10	44.34	77.55	72.21	77.92	79.68	70.41	7.29	41.22	42.03	44.17	49.80	47.57	30.45	41.60	108.98	110.09	99.30	38.45	38.33	43.87	26.02	6.75	19.50	28.03	6.90	5.31	28.86	13.60	43.42	24.49	10.33	10.70	5.51	9.39	3.15	51.26	48.81	48.27	42.90	24.95	44.36	53.73	31.74	7.08	7.35	5.19	11.96
14.10	9.01	4.92	4.00	12.00	7.07	0.00	12.07	5.00	7.24	5.11	10.15	5.21	12.90	50.07	70.53	66.23	60.36	61.49	66.41	3.61	32.88	35.65	40.22	41.71	44.25	35.05	33.60	90.30	86.04	76.94	34.37	38.75	32.26	18.61	2.40	13.03	21.80	2.36	11.12	19.96	9.91	37.93	22.78	2.99	2.94	6.66	3.44	7.25	52.44	62.59	55.74	45.13	31.97	53.69	59.78	42.92	3.84	10.37	5.32	4.54
16.76	4.14	7.67	15.93	21.04	17.52	12.80	0.00	9.46	13.70	8.30	6.87	10.89	22.92	48.01	57.12	56.86	58.17	65.11	63.90	9.37	25.72	25.85	36.91	32.31	36.35	33.10	47.51	83.52	92.43	76.41	24.47	26.93	23.02	18.09	10.70	23.48	12.75	9.69	18.57	13.65	6.13	34.71	9.84	11.55	10.35	10.77	17.67	12.63	45.20	57.90	63.77	52.59	33.74	68.88	73.83	41.68	9.19	10.10	12.51	12.87
13.01	5.46	0.32	8.26	19.65	8.56	6.06	8.61	0.00	7.78	0.05	7.12	1.38	17.97	43.38	59.34	64.19	67.29	71.22	55.97	1.30	33.26	36.02	41.97	37.69	37.77	30.41	46.30	90.90	99.94	76.48	30.68	29.26	28.58	19.14	3.62	20.84	19.63	2.65	10.99	19.82	7.75	36.74	18.86	5.35	5.47	2.56	8.82	5.75	43.40	51.57	49.84	50.97	27.09	56.39	58.75	39.93	1.13	5.55	2.85	8.77
5.71	12.49	7.50	8.40	16.79	0.12	6.32	16.53	7.56	0.00	6.72	15.96	5.34	18.82	48.29	68.80	66.53	61.95	83.98	73.77	7.04	36.50	34.64	47.82	51.56	49.95	29.36	43.90	90.62	90.15	81.28	40.24	35.65	39.38	23.22	6.35	20.12	27.32	7.21	6.03	28.74	13.20	45.23	27.65	9.68	9.84	5.66	9.54	2.67	48.58	55.27	48.32	37.89	25.82	47.21	59.65	34.40	6.19	8.11	4.50	12.28
11.44	5.87	0.30	8.26	17.32	7.26	5.72	8.09	0.04	7.09	0.00	6.91	1.51	20.86	44.98	68.47	66.10	71.07	74.79	68.73	1.66	29.53	33.56	41.04	36.99	42.03	29.93	43.17	93.57	86.05	80.95	28.79	28.21	34.85	16.65	3.71	20.62	19.19	2.75	12.15	22.01	7.17	37.63	20.60	5.14	5.56	3.19	9.91	5.65	41.63	60.63	55.73	51.72	28.14	58.95	63.10	36.17	1.25	5.17	2.54	7.89
20.95	3.88	8.28	13.67	16.16	13.13	10.07	6.81	7.80	15.61	6.59	0.00	9.75	16.85	48.06	66.84	53.74	50.40	64.18	51.56	8.89	24.80	25.51	33.14	28.26	33.60	35.32	40.18	74.66	94.34	73.90	28.81	25.47	25.14	13.08	8.62	15.62	11.47	7.28	20.82	12.68	0.13	30.89	14.77	6.79	5.31	9.19	12.75	13.28	52.32	62.29	62.11	49.58	38.25	53.97	70.71	42.73	7.27	10.60	8.75	7.65
9.47	6.44	1.23	9.57	20.17	5.38	5.02	10.57	1.36	5.96	1.72	8.12	0.00	16.87	42.63	75.66	59.09	70.27	74.81	68.51	1.51	28.61	35.93	45.20	39.62	37.33	29.40	38.68	87.28	96.00	78.36	31.39	30.96	34.96	20.45	2.94	17.05	20.72	3.11	11.25	19.19	8.44	37.17	21.02	6.36	6.26	1.66	7.80	3.76	49.07	53.84	58.74	44.05	30.67	53.10	69.57	36.06	1.44	4.82	1.31	8.05
25.13	20.32	20.88	10.37	0.23	20.44	14.16	26.13	17.14	21.06	20.74	15.42	17.05	0.00	59.45	56.62	55.06	54.45	69.80	62.63	16.26	39.29	44.34	36.03	34.56	37.11	49.90	24.10	77.12	94.56	82.30	45.60	45.02	43.66	17.69	15.22	0.27	23.70	13.89	28.11	27.10	19.75	28.96	36.44	12.49	14.77	20.03	9.89	22.02	55.89	71.18	72.01	49.49	43.26	55.98	78.81	49.78	16.68	21.23	18.80	12.18
36.64	51.35	49.49	49.36	67.39	42.59	51.86	44.57	45.82	40.51	46.14	53.03	44.47	61.06	0.00	102.76	95.27	100.34	94.01	107.26	44.60	47.35	52.63	74.33	79.17	80.59	17.34	77.34	125.50	132.05	130.35	57.28	58.77	52.89	65.73	49.78	59.94	61.06	45.84	40.42	62.06	53.23	91.54	40.86	53.17	54.43	42.20	56.36	41.18	12.71	15.50	15.50	39.71	21.30	54.58	52.51	20.50	50.38	35.98	41.07	50.98
78.38	54.56	75.70	68.53	70.99	67.79	61.63	63.59	71.49	65.77	69.36	62.83	73.25	66.81	114.38	0.00	7.36	7.51	0.52	3.42	70.21	53.20	54.88	25.46	27.05	28.38	94.26	64.62	35.85	31.46	28.21	49.11	46.63	44.10	48.17	64.41	70.60	46.05	68.02	77.48	46.61	60.82	39.24	57.83	67.01	56.49	72.26	76.48	68.49	96.13	122.08	128.60	116.12	98.99	130.91	131.59	115.81	70.59	73.51	78.10	56.19
75.72	63.05	62.70	68.85	60.30	69.13	61.95	63.53	68.46	63.05	67.85	55.44	67.46	57.84	107.25	6.63	0.00	0.68	6.79	4.37	58.03	46.65	41.93	20.61	20.60	26.50	83.70	58.02	39.92	42.09	29.97	42.69	38.36	47.72	51.08	63.37	52.64	43.92	62.23	77.71	46.34	55.22	33.68	47.62	58.34	60.61	60.22	67.97	70.57	82.30	121.18	97.91	100.08	77.81	121.58	120.64	88.25	62.81	67.72	58.71	55.70
73.23	65.01	59.59	70.67	58.65	68.88	68.85	51.29	54.84	65.36	57.45	57.93	56.61	68.83	91.89	6.58	0.69	0.00	7.87	5.10	70.58	46.42	39.83	26.20	24.93	23.33	88.53	62.95	42.47	36.15	30.52	49.81	43.91	48.50	40.44	71.12	59.59	44.37	58.99	72.32	43.44	56.58	41.62	52.97	61.02	65.90	57.64	68.31	65.78	93.41	120.53	102.96	115.41	81.75	118.56	117.42	103.60	65.91	65.21	61.17	65.81
73.71	59.60	72.94	74.06	60.29	78.82	67.63	60.06	63.93	76.44	62.49	56.16	61.59	66.26	98.44	0.53	7.27	7.68	0.00	4.35	61.18	51.53	53.28	29.60	30.39	28.59	95.61	57.36	32.65	33.85	27.11	49.82	49.82	49.53	50.84	61.14	68.26	43.44	70.04	75.12	47.34	53.11	39.01	59.53	61.21	59.52	68.39	70.37	76.28	94.94	120.61	102.11	128.09	89.43	110.45	126.05	117.78	63.70	64.87	60.93	61.50
73.52	58.81	64.93	66.23	63.72	74.11	58.62	54.95	64.90	74.64	70.86	60.15	69.64	53.58	112.66	3.78	4.73	5.52	4.34	0.00	67.70	49.19	52.39	25.11	25.84	22.01	87.85	62.29	39.39	40.64	30.07	46.96	49.47	41.16	45.50	67.67	54.11	48.49	69.39	68.04	38.19	58.98	40.03	55.33	63.27	60.22	73.68	58.19	63.61	86.13	127.13	117.92	118.65	97.98	101.65	138.34	102.15	60.96	70.47	67.86	56.31
12.31	7.14	1.20	7.87	19.56	6.66	3.78	8.77	1.53	6.22	1.43	8.33	1.68	18.61	40.98	74.29	68.80	58.72	72.57	64.28	0.00	32.16	29.19	41.49	36.05	36.96	32.91	40.12	101.86	87.54	82.75	34.53	32.88	31.40	16.48	1.80	18.65	20.03	2.04	10.87	20.96	8.23	35.15	22.00	4.76	4.87	2.62	7.90	5.14	41.95	49.52	56.95	45.97	29.19	56.49	63.29	36.40	0.43	5.89	2.15	8.06
41.81	28.02	33.20	38.29	49.03	37.83	34.29	25.28	31.32	40.86	33.39	24.93	33.67	48.18	47.29	55.47	44.39	50.64	46.75	47.20	28.74	0.00	0.71	32.95	27.53	34.49	43.67	56.39	84.46	76.53	78.83	0.90	1.26	0.78	26.08	30.63	45.54	18.15	32.51	42.87	20.20	25.22	50.06	13.56	32.20	30.53	34.28	36.40	37.83	49.88	74.41	70.87	69.09	48.79	93.39	80.58	56.06	32.93	33.92	31.55	32.58
46.53	26.18	34.94	34.67	47.38	35.06	34.81	22.64	34.08	44.03	35.51	29.73	33.63	46.41	56.18	44.04	43.57	40.44	53.55	41.59	36.81	0.72	0.00	27.77	32.26	33.99	48.84	57.62	85.25	89.20	68.13	0.13	0.45	0.32	28.87	36.27	39.92	19.37	30.83	40.68	18.84	28.36	40.59	13.24	32.94	30.79	36.43	40.90	39.94	43.02	63.43	71.08	71.02	50.74	88.78	83.47	53.88	29.24	35.61	33.96	31.20
52.28	31.50	37.14	41.20	35.89	44.08	41.96	36.61	40.95	47.21	38.49	32.31	43.64	37.54	71.23	25.52	22.81	21.22	28.76	24.13	35.72	33.01	27.88	0.00	0.14	0.42	68.44	39.70	55.24	51.31	41.18	31.81	28.76	27.56	21.75	39.53	34.45	20.33	38.22	50.23	20.90	33.89	18.35	31.93	34.62	36.80	46.61	41.95	48.55	82.64	101.67	92.18	79.38	73.60	93.73	110.67	78.23	39.61	47.43	38.67	34.51
45.42	36.48	42.88	38.94	39.39	48.07	44.65	33.59	40.72	44.12	36.51	30.77	43.96	40.01	81.45	26.45	24.23	24.50	28.39	25.26	39.66	34.22	34.21	0.16	0.00	0.24	66.26	38.16	54.29	55.94	47.49	29.25	27.20	31.28	19.14	35.35	40.61	22.59	42.40	52.03	21.49	35.11	20.81	30.46	37.83	34.33	40.04	39.61	50.23	66.01	88.92	80.20	91.82	67.09	93.97	115.73	82.61	40.89	47.02	39.50	31.16
46.40	34.07	41.40	37.76	37.23	45.96	34.60	35.60	39.79	44.86	37.62	32.46	44.40	32.81	68.95	26.26	22.93	27.25	27.08	23.83	42.99	28.33	31.13	0.40	0.24	0.00	61.41	36.03	50.53	61.10	50.35	32.98	29.03	27.03	23.85	36.08	40.63	21.06	35.81	45.39	21.81	29.88	17.23	34.03	40.84	36.44	40.52	38.35	41.73	73.38	85.75	83.35	83.96	64.18	94.45	101.38	85.32	43.30	41.00	44.16	39.56
21.72	36.71	28.62	39.69	48.07	27.38	30.51	29.82	34.56	31.73	34.40	33.48	28.64	49.89	17.40	81.80	82.02	95.62	104.60	86.85	31.85	50.77	52.15	72.34	69.07	58.67	0.00	74.68	107.22	116.65	126.38	45.55	53.46	49.57	50.95	34.88	46.03	44.56	28.76	19.94	53.05	32.27	65.33	36.80	35.05	38.20	27.93	40.23	24.76	20.20	27.85	22.87	29.31	8.10	50.53	41.28	14.31	27.46	22.32	32.00	33.95
49.11	41.79	37.69	31.10	25.81	46.94	39.19	50.95	44.54	40.27	41.86	37.50	43.08	24.46	89.59	59.42	60.65	60.63	54.14	63.79	37.10	61.88	54.27	41.33	38.90	43.57	71.84	0.00	72.25	64.75	59.52	60.80	55.01	59.02	29.48	40.17	25.66	44.84	40.22	49.79	42.79	39.43	25.13	58.44	32.40	39.86	39.56	31.01	47.52	92.56	89.43	88.96	77.67	72.56	65.27	86.83	68.84	39.52	44.11	46.90	32.87
103.50	83.06	83.35	84.96	89.40	95.49	89.73	87.18	103.69	91.16	83.32	89.89	86.31	89.33	127.39	35.60	41.99	40.26	32.51	35.37	87.20	92.38	80.06	54.82	58.09	54.81	133.64	78.58	0.00	1.75	9.99	91.49	78.97	71.74	71.68	89.27	72.40	68.89	78.86	90.22	77.87	84.43	48.24	76.32	97.69	78.86	92.43	85.35	109.49	125.96	154.91	161.21	131.99	113.52	136.25	156.10	136.67	92.96	103.27	104.34	87.85
111.69	79.09	100.17	95.23	79.40	111.45	86.73	91.26	96.11	103.26	99.44	96.24	91.52	84.73	131.77	35.38	44.36	36.78	30.63	40.85	105.69	87.01	74.45	53.29	55.03	49.62	128.32	67.87	2.08	0.00	12.00	88.83	73.71	92.24	76.98	90.82	73.99	79.18	95.34	114.04	77.16	93.45	59.62	94.77	101.71	96.94	87.37	84.76	96.08	124.59	150.88	151.63	155.07	132.67	150.87	166.54	128.59	94.34	87.30	95.34	86.12
104.30	86.61	72.72	86.27	68.20	80.36	88.55	80.14	80.45	93.87	79.92	65.94	78.20	73.12	109.53	25.91	36.65	35.96	29.03	26.18	92.03	78.18	64.18	44.74	42.57	42.52	114.68	56.76	8.60	12.41	0.00	78.37	70.26	69.93	59.64	74.70	69.25	68.70	91.29	100.91	68.13	75.60	43.28	69.36	84.20	85.40	89.94	80.42	94.10	125.19	124.47	134.15	119.63	121.90	116.70	137.89	129.06	89.78	96.61	86.20	80.52
38.77	24.55	31.12	37.94	45.71	36.45	33.37	26.41	34.50	36.79	28.59	29.09	35.33	47.71	48.07	45.35	45.46	45.56	53.82	48.73	34.67	0.91	0.12	33.73	28.56	27.86	43.04	64.83	89.69	80.09	72.28	0.00	0.37	0.53	31.21	33.81	42.92	21.60	30.18	36.65	20.46	31.10	45.29	13.47	35.30	35.51	35.12	36.75	33.42	50.36	69.43	72.77	73.78	47.31	80.58	81.40	61.79	34.11	28.44	30.73	35.52
38.60	30.51	34.37	35.11	47.63	38.66	35.32	22.83	31.97	36.36	30.69	24.51	34.31	40.38	49.94	49.71	41.26	39.70	48.54	46.67	30.90	1.28	0.47	30.27	31.55	32.66	43.47	65.99	81.55	82.79	67.70	0.41	0.00	0.74	26.81	37.71	47.91	21.54	30.49	37.89	17.75	30.70	42.97	13.96	37.56	34.52	30.75	42.11	41.20	42.43	73.80	60.59	73.02	48.00	93.54	83.36	55.43	36.61	29.23	38.28	35.56
36.31	25.70	31.28	36.43	45.71	42.46	37.56	23.01	30.70	38.63	31.47	25.42	35.76	38.34	57.16	54.30	41.43	42.51	46.54	45.00	30.15	0.76	0.40	29.73	26.41	29.89	48.04	61.87	77.79	93.35	64.92	0.44	0.67	0.00	25.53	33.84	45.03	20.38	32.37	45.68	18.49	25.17	41.20	11.09	37.43	29.15	31.39	40.88	32.78	51.36	73.05	63.98	64.59	51.51	90.42	98.69	60.57	31.78	34.88	34.11	35.94
28.85	13.93	16.58	21.11	15.65	27.58	19.85	14.70	19.12	23.94	19.74	12.29	18.09	16.00	69.34	48.16	42.10	45.23	49.37	48.91	18.01	26.93	28.32	24.91	19.15	20.52	53.97	29.52	78.71	71.34	65.48	26.18	31.32	29.38	0.00	15.99	15.77	9.25	18.42	27.46	8.58	10.18	22.86	22.16	16.11	13.45	19.44	20.34	22.06	62.85	65.03	80.66	70.71	50.83	71.54	92.60	55.87	20.71	20.60	18.73	15.41
13.54	7.63	3.24	5.40	17.42	7.08	2.16	12.05	3.27	6.76	3.58	7.41	3.48	16.16	51.49	63.18	63.81	65.06	63.33	59.60	1.97	32.74	34.80	40.45	36.51	42.93	35.13	43.13	87.70	83.47	79.21	30.40	34.37	29.73	17.57	0.00	15.73	22.68	0.52	13.40	21.09	7.11	36.56	20.14	3.03	2.78	5.26	5.68	7.25	51.15	57.00	51.71	47.54	29.47	53.30	68.88	46.94	2.15	8.31	3.42	6.09
21.79	21.48	16.38	10.81	0.52	19.33	13.45	22.85	19.34	18.03	20.31	16.52	19.71	0.23	70.78	60.16	66.84	54.85	61.50	57.93	16.08	47.62	39.14	34.44	34.90	33.93	53.57	24.81	83.25	74.02	65.92	44.91	42.23	39.09	18.36	15.23	0.00	25.50	16.83	24.90	22.37	19.42	29.91	31.93	13.44	12.86	21.85	11.17	18.30	60.33	65.57	76.91	61.16	39.28	59.28	70.50	60.54	19.77	26.98	19.05	11.93
30.43	15.63	19.66	26.11	22.73	27.96	24.61	12.87	17.74	29.79	22.49	14.43	23.97	24.70	63.95	51.33	43.35	37.24	46.81	47.05	19.09	19.12	18.00	19.08	18.68	19.95	40.89	37.95	72.78	82.26	71.81	17.41	20.06	21.57	8.31	23.60	23.60	0.00	18.11	29.70	0.21	13.38	27.56	12.12	19.79	19.73	23.51	25.29	27.75	60.84	78.83	68.01	67.48	49.79	80.68	76.60	51.78	22.44	25.52	25.75	20.87
11.71	7.88	2.66	7.27	15.37	6.71	2.23	10.47	3.19	6.36	3.03	8.22	3.61	17.25	43.52	66.71	59.68	56.64	66.39	56.95	1.74	34.01	34.93	42.85	34.36	35.58	31.15	40.87	95.60	90.44	74.85	30.75	36.86	34.41	16.40	0.57	14.85	18.16	0.00	13.90	22.00	7.35	38.81	20.90	2.26	2.55	4.22	7.08	6.99	46.28	59.09	65.61	49.65	33.69	55.22	59.73	40.49	1.90	9.20	3.64	6.00
0.90	17.04	12.31	15.62	25.42	5.68	11.93	17.97	11.57	6.14	11.52	20.10	10.31	23.53	41.82	70.27	70.00	68.14	79.72	82.96	12.65	35.75	40.73	57.35	54.02	56.36	21.95	42.99	102.29	91.49	94.81	36.61	44.86	41.73	27.08	10.75	28.43	30.31	13.45	0.00	30.70	18.39	43.02	31.63	15.39	16.14	8.31	16.09	6.58	36.04	48.78	42.40	35.10	18.09	47.24	49.10	26.66	10.62	8.90	10.02	17.40
35.80	15.41	20.00	23.70	24.50	24.44	19.64	13.36	22.26	26.06	19.04	14.31	22.39	27.08	57.66	47.65	44.05	37.34	41.61	43.79	20.92	19.37	19.56	18.71	18.95	18.53	43.17	45.85	74.26	76.59	67.89	21.93	17.48	17.45	9.12	19.42	23.84	0.22	21.02	28.94	0.00	13.15	26.72	14.83	19.11	17.21	21.89	26.90	24.71	59.15	81.31	66.03	64.84	51.73	76.94	87.23	58.92	22.67	26.47	24.05	20.40
17.60	3.26	7.54	12.29	17.10	16.39	8.50	7.34	7.01	15.51	7.05	0.11	10.11	19.32	48.85	56.36	54.97	50.57	54.34	55.71	8.20	27.08	25.35	31.84	34.12	33.18	35.40	35.91	92.79	80.54	81.94	28.94	26.89	29.13	11.26	8.21	18.86	13.32	6.93	19.51	12.80	0.00	35.55	15.66	6.01	6.87	11.01	12.11	13.45	54.61	65.10	70.43	49.90	37.68	59.31	72.67	49.26	8.20	13.14	9.30	8.09
52.30	33.08	42.70	31.55	25.40	47.62	38.37	38.52	34.05	43.15	43.03	36.54	41.36	24.61	82.79	44.15	33.59	43.57	43.52	40.71	34.74	47.89	47.33	16.95	21.66	21.11	70.96	23.26	57.47	61.43	42.33	46.42	48.79	48.31	19.90	38.86	29.62	28.12	33.13	49.21	23.69	29.57	0.00	35.70	37.74	30.23	39.10	31.09	49.36	74.83	86.67	92.62	72.40	65.71	74.61	106.68	84.67	42.17	45.37	35.51	33.86
25.59	12.61	19.70	26.61	33.64	29.73	24.03	12.15	17.64	28.44	19.39	14.79	21.13	31.10	43.91	49.80	55.13	45.21	56.61	57.94	18.09	11.16	12.53	33.04	30.92	31.83	32.27	50.29	79.06	98.97	76.07	12.60	12.30	12.29	22.20	20.95	28.71	12.50	23.76	30.87	12.48	13.70	41.73	0.00	19.30	24.02	22.57	29.42	21.23	45.77	55.28	65.83	67.66	41.62	69.43	82.48	51.64	20.18	18.70	21.78	22.17
15.75	7.50	5.39	6.26	14.30	9.30	2.83	11.29	4.71	10.10	4.82	6.50	5.31	13.00	55.11	60.59	56.42	68.23	59.07	56.37	4.68	32.15	32.84	38.61	33.91	32.51	38.96	38.06	95.49	91.10	71.96	31.30	35.46	29.36	13.78	3.09	13.75	21.41	2.40	14.02	18.91	6.72	31.53	22.44	0.00	0.22	6.62	6.30	8.14	49.36	64.58	56.68	49.15	31.85	52.42	70.61	45.78	3.87	10.25	5.69	2.95
13.10	7.37	5.94	6.98	14.68	10.75	3.08	10.25	4.50	8.69	5.46	6.25	6.17	12.36	50.85	68.00	65.48	63.49	71.88	54.65	4.65	28.79	34.27	37.59	41.66	37.70	39.63	40.42	78.73	78.77	72.31	29.71	37.56	34.93	13.85	3.33	12.97	18.45	2.58	13.86	20.19	5.74	33.76	21.30	0.22	0.00	8.16	5.72	9.87	44.08	64.90	55.31	51.53	33.23	57.60	63.31	49.59	3.74	10.92	5.54	3.43
8.68	8.70	2.39	10.44	21.88	5.08	6.87	11.34	2.54	5.54	3.02	9.96	1.70	18.87	39.50	68.69	66.44	66.38	67.94	62.53	2.89	33.95	34.94	47.38	38.39	43.13	30.05	42.59	106.69	84.91	95.95	30.19	35.04	32.72	22.94	5.13	20.18	22.55	4.26	8.65	21.29	9.31	43.66	21.77	6.35	6.42	0.00	9.64	3.17	46.06	60.42	49.96	44.76	23.72	52.02	67.61	38.26	2.93	3.67	1.96	11.02
14.58	11.14	10.30	0.53	10.72	9.74	3.50	17.50	9.46	9.58	9.97	10.45	8.90	10.87	47.23	70.89	59.10	67.67	65.22	58.08	8.53	36.19	44.53	39.13	42.33	42.04	38.63	29.56	86.46	101.22	72.14	42.31	42.98	43.03	21.19	5.16	10.07	22.58	6.63	14.73	22.43	11.01	32.80	29.17	6.02	5.40	9.62	0.00	9.47	47.46	63.49	57.20	42.92	29.35	45.61	61.91	46.83	7.36	15.07	9.02	4.92
6.44	10.63	5.24	11.01	21.39	3.34	7.36	12.58	5.17	3.26	5.47	12.05	3.88	21.57	45.38	76.34	67.53	61.55	70.77	66.87	4.76	32.25	36.79	44.90	48.80	45.62	27.37	46.71	94.21	87.03	91.32	33.71	37.52	39.04	24.99	6.28	22.72	24.21	6.10	5.65	25.85	14.20	46.44	24.51	9.73	8.60	2.95	9.95	0.00	47.47	47.74	46.17	37.22	24.29	51.80	63.18	35.90	5.02	5.83	3.49	12.04
43.69	41.62	46.10	59.88	66.51	45.26	43.56	38.45	50.75	43.64	40.78	52.93	39.43	71.24	12.86	98.40	80.52	89.72	94.07	83.66	50.94	40.96	42.84	79.43	67.96	64.71	20.86	92.50	127.41	138.72	103.92	43.02	52.71	43.00	53.55	49.48	55.62	49.60	49.34	38.99	59.84	49.82	70.99	40.26	47.59	45.87	43.07	57.20	48.06	0.00	22.67	26.28	46.18	30.59	77.92	64.35	28.95	46.93	43.82	48.06	59.82
54.26	58.10	61.83	59.02	79.40	59.62	58.30	63.01	63.55	50.93	57.63	55.25	52.64	71.61	14.12	108.82	99.14	122.67	102.68	114.80	49.87	69.41	64.77	87.58	102.31	100.61	22.55	92.84	146.41	132.74	142.57	60.14	76.39	64.55	82.70	62.69	67.99	67.34	64.63	45.05	64.39	57.46	85.53	64.95	58.65	54.92	50.62	59.13	55.57	26.84	0.00	0.41	37.70	27.91	52.91	44.01	18.54	52.14	53.76	51.71	68.21
49.63	55.35	55.14	69.41	67.23	56.33	57.57	64.22	61.01	51.41	62.83	54.87	60.29	68.07	15.18	128.67	106.52	98.71	104.07	108.80	49.28	72.90	64.33	96.91	80.78	98.46	22.89	104.13	126.89	143.91	124.97	67.23	75.14	69.77	72.69	58.73	76.87	65.30	57.21	52.50	69.41	57.32	95.38	53.82	61.00	60.76	49.91	68.22	56.29	21.06	0.41	0.00	35.36	27.38	51.63	45.64	21.07	59.10	44.87	57.04	64.13
31.18	57.59	45.76	50.22	53.62	42.26	43.64	54.80	50.56	42.84	42.70	48.60	43.50	50.62	37.38	106.18	108.89	103.36	110.08	108.26	41.16	76.44	65.91	75.17	84.35	82.56	32.75	75.93	138.48	137.20	131.40	67.61	81.04	69.35	65.44	41.84	50.91	58.96	45.28	37.05	64.45	57.13	76.67	53.74	55.63	55.70	37.97	48.19	36.83	53.31	32.29	35.18	0.00	24.59	22.96	17.79	18.98	48.46	42.49	43.55	48.42
19.10	36.03	24.90	30.58	47.88	23.16	27.29	29.46	25.28	22.94	31.42	31.98	25.87	44.40	21.78	95.64	88.22	98.45	95.50	96.37	30.93	44.92	55.86	69.68	62.95	64.13	9.58	73.69	116.95	135.50	96.57	45.22	52.54	56.77	41.31	28.10	39.86	46.27	33.41	18.39	47.82	32.80	60.95	39.53	31.88	30.45	24.98	36.44	20.94	28.63	30.76	26.46	21.21	0.00	35.63	39.97	12.02	27.14	24.69	27.30	36.56
40.29	63.55	57.78	47.32	59.18	43.90	54.32	54.87	48.24	45.09	55.25	61.86	45.55	57.02	59.54	103.15	120.03	106.98	116.55	113.90	53.88	87.82	93.57	100.03	98.92	80.89	45.80	58.88	142.65	125.85	111.14	82.32	82.70	88.24	73.59	53.82	60.02	72.43	55.11	43.32	66.29	55.68	87.87	71.48	59.33	59.88	50.95	48.80	51.45	72.48	56.58	58.04	23.47	42.30	0.00	31.97	45.57	48.94	54.61	45.70	53.27
57.69	67.51	68.87	73.39	81.55	65.20	59.10	77.03	59.02	52.98	70.97	65.30	69.62	72.69	56.40	146.77	121.54	123.92	123.52	124.44	66.62	97.98	96.08	115.08	108.62	115.91	45.26	94.46	155.87	157.50	150.78	81.73	98.32	93.66	80.53	63.18	74.45	97.93	69.75	59.27	98.15	70.35	111.46	83.78	74.00	63.22	62.57	62.05	66.35	58.79	41.16	46.14	18.46	37.47	33.31	0.00	29.86	59.63	66.99	68.78	68.14
31.56	48.94	43.95	41.69	54.18	33.09	47.86	41.70	38.62	37.65	45.17	41.82	39.36	59.49	20.00	96.16	108.13	103.94	105.47	97.18	36.34	63.40	56.68	85.93	87.83	80.73	14.91	80.56	129.31	124.24	123.42	64.46	60.18	58.75	61.66	46.92	53.58	57.40	44.88	32.50	53.54	41.81	75.05	51.59	46.15	49.38	40.54	46.64	38.59	30.34	21.57	20.86	17.07	11.13	42.40	35.89	0.00	40.56	36.53	41.58	49.62
12.07	5.73	1.20	8.92	19.01	7.91	4.10	8.18	1.04	7.13	1.20	6.68	1.44	18.61	40.41	62.17	55.63	58.86	74.10	55.66	0.44	35.28	31.30	36.66	37.56	36.25	30.66	36.16	94.83	88.98	76.49	35.87	32.77	33.76	17.22	2.32	19.97	18.62	1.80	12.47	20.00	7.36	37.68	20.87	4.29	4.42	3.40	7.40	5.22	48.67	52.31	57.14	44.82	28.89	48.76	63.83	44.07	0.00	5.67	2.31	7.40
10.46	7.79	5.09	14.19	22.36	8.07	10.15	8.91	5.50	7.79	5.72	10.69	4.50	21.55	35.25	62.53	61.84	68.08	68.41	63.14	5.83	34.47	28.38	49.74	46.28	43.98	23.17	50.87	95.69	98.37	87.81	28.99	29.80	35.72	21.64	9.46	21.80	25.15	8.21	9.27	24.89	13.23	45.64	21.44	10.90	12.06	3.93	15.36	5.64	41.21	53.53	49.82	44.78	21.02	52.16	63.83	38.10	6.72	0.00	6.19	12.78
10.21	7.62	2.50	7.29	20.36	5.07	4.85	12.01	2.70	5.23	2.89	10.30	1.38	17.21	48.69	75.66	70.60	73.18	62.32	57.73	2.16	31.60	33.10	43.72	47.64	42.95	30.85	46.69	94.03	91.72	81.62	31.83	31.08	37.57	22.37	3.52	17.86	24.11	3.26	8.38	22.68	10.57	36.60	19.12	5.90	5.94	1.83	8.70	3.69	50.43	52.75	57.68	38.96	26.92	44.68	68.21	41.48	2.60	5.69	0.00	10.04
19.31	9.43	7.77	6.33	10.48	12.74	4.29	13.89	8.87	12.26	8.85	6.80	9.88	9.91	51.95	63.78	54.27	61.71	57.38	58.89	7.59	32.04	36.65	32.73	38.98	32.32	35.06	35.30	94.63	81.00	85.75	32.12	30.59	38.39	13.42	5.56	11.47	18.33	6.22	16.19	16.36	7.19	34.01	21.01	3.51	3.32	10.06	4.93	12.86	52.42	60.72	62.44	48.06	37.76	52.13	64.32	44.58	6.43	12.18	9.10	0.00
~
Delivery quantities;
12 11 18 2 7 0 12 18 1 7 0 8 14 4 4 0 1 0 2 6 0 4 6 1 4 3 3 1 2 3 0 4 4 4 6 2 3 4 3 1 0 2 2 0 0 1 1 6 2 0 4 1 4 6 1 0 3 6 2 3 
~
Pick-up quantities;
0 12 0 0 0 12 12 24 0 42 24 36 18 30 0 16 0 30 16 0 6 20 12 24 0 0 0 0 0 12 4 30 0 18 4 12 8 0 0 0 8 0 6 6 8 4 12 12 0 12 0 18 0 0 0 12 0 6 12 6 
~
Vehicle capacity; 
100 100 100 100 100 100 
~

