Cost matrix;
0.00	12.87	4.80	6.29	17.36	18.62	0.93	9.39	10.05	14.09	12.05	22.42	9.21	11.01	10.79	13.38	16.75	79.58	72.30	78.48	72.07	69.39	85.58	82.01	87.98	45.52	41.24	38.96	1.31	62.05	12.44	49.53	45.06	45.37	49.70	12.59	28.75	49.79	39.92	14.02	43.49	32.55	27.73	22.12	14.45	13.31	59.51	38.79	49.61	44.42	121.81	116.82	111.00	103.81	101.92	62.63	58.82	54.23	69.00	44.77	29.21
13.72	0.00	17.71	19.34	27.06	32.72	11.52	19.94	25.77	24.89	24.43	33.62	24.98	23.02	23.37	25.36	29.62	99.99	96.59	89.79	86.81	85.73	96.34	81.94	92.49	57.76	57.25	49.06	12.11	73.09	23.51	55.82	60.91	53.15	56.05	0.65	29.55	37.66	40.69	23.74	29.80	41.71	42.90	35.55	26.43	25.06	61.74	43.59	46.51	41.04	133.51	118.61	120.88	128.38	124.47	77.21	82.10	65.11	81.49	58.60	30.47
5.55	19.71	0.00	0.47	14.86	14.88	5.28	7.54	6.37	9.78	9.14	17.06	6.37	6.26	7.00	9.09	13.77	74.11	72.22	73.38	72.59	80.29	72.78	75.84	87.34	34.84	39.81	42.83	6.48	55.98	6.57	39.67	37.53	47.38	37.22	18.07	21.89	49.85	51.68	8.30	40.50	30.57	26.90	16.26	10.06	8.22	56.06	48.32	58.95	52.66	107.56	90.56	91.59	97.42	92.91	68.92	56.19	54.77	63.57	40.45	20.21
5.86	19.69	0.50	0.00	11.54	14.30	6.47	7.56	6.02	8.02	8.43	17.98	6.10	5.44	7.52	8.77	13.58	75.50	65.15	66.95	64.68	73.62	68.72	77.30	81.05	35.82	37.36	40.69	6.55	62.58	6.63	47.44	43.86	46.52	39.77	18.15	25.37	50.84	54.57	7.12	49.97	28.84	29.09	13.22	9.34	9.15	66.99	45.88	54.61	49.59	96.67	87.67	96.36	116.98	109.56	65.90	54.89	50.04	64.09	35.99	20.02
15.09	31.55	12.23	13.85	0.00	0.48	18.34	8.57	6.60	11.96	15.11	21.77	7.99	7.98	6.42	11.57	2.37	66.46	54.61	60.09	62.37	67.42	69.22	66.96	77.18	23.72	28.16	23.42	16.05	51.11	8.56	41.29	43.86	46.39	36.76	33.02	31.44	57.16	55.59	10.45	51.25	15.30	13.84	5.08	5.23	13.01	65.28	40.53	50.06	65.25	90.59	87.86	79.68	89.70	80.27	46.38	42.74	43.81	42.85	25.24	33.15
16.72	29.91	12.69	12.23	0.52	0.00	17.60	10.51	6.67	14.50	14.36	21.67	6.75	7.14	5.53	11.19	2.81	61.05	51.64	56.42	53.18	53.65	61.45	56.66	72.75	26.32	26.43	23.38	18.12	50.70	10.26	41.74	41.60	43.15	37.79	29.38	29.13	51.32	58.24	8.11	51.17	13.65	15.11	4.13	5.04	11.78	66.04	40.45	60.24	66.36	84.40	94.09	97.25	86.52	91.03	52.10	50.21	46.00	43.52	28.84	29.00
0.92	12.03	6.27	5.57	15.01	16.79	0.00	8.16	11.60	13.75	15.86	28.35	9.86	10.34	11.42	14.12	16.40	75.54	76.39	74.52	76.92	74.75	69.11	69.29	84.69	45.77	38.45	42.70	0.55	72.46	13.20	43.06	53.80	53.68	48.40	11.09	29.78	45.20	40.73	12.01	38.48	34.08	29.99	20.60	12.34	16.16	63.55	39.39	41.93	42.31	112.34	107.96	94.18	98.08	104.73	68.61	70.21	54.69	59.15	44.95	27.58
8.76	18.16	9.10	7.43	9.98	9.82	8.65	0.00	7.42	15.49	15.61	26.50	2.55	5.82	6.85	14.21	9.89	71.81	72.06	76.51	61.72	68.27	77.20	63.46	90.37	31.93	31.89	35.65	7.12	56.51	11.45	50.61	53.73	44.81	48.52	22.04	30.04	54.47	47.88	11.66	56.98	21.69	19.62	15.16	5.00	13.06	58.83	37.82	45.51	44.65	97.65	94.71	91.17	111.06	107.91	51.27	62.94	44.18	63.84	34.11	27.92
10.39	23.28	7.36	6.95	7.10	6.23	12.15	7.29	0.00	7.21	7.29	16.18	4.81	1.24	1.33	7.86	8.48	59.19	60.62	64.39	60.31	72.07	70.73	58.68	78.76	35.19	32.10	34.05	11.10	60.85	3.59	39.87	41.27	42.52	39.45	24.38	27.46	54.53	49.95	3.86	56.83	19.34	20.72	9.27	5.79	8.01	56.31	47.20	50.44	55.06	89.05	87.93	85.50	88.23	88.52	60.77	56.63	56.32	55.14	37.54	25.03
14.18	24.56	8.07	8.14	14.48	13.44	13.01	14.79	7.99	0.00	0.38	10.06	10.96	9.58	8.97	0.55	14.58	65.51	57.75	69.62	70.33	63.91	75.14	70.85	79.33	44.30	40.20	42.61	13.08	55.50	4.25	36.04	32.62	30.66	32.90	24.79	15.97	59.80	64.37	4.77	47.45	27.17	26.97	12.33	11.86	0.54	67.82	47.99	55.93	55.70	93.99	88.51	97.03	112.08	92.38	62.98	64.40	58.22	52.81	37.12	19.37
12.73	27.51	8.94	7.37	13.18	14.22	12.73	15.87	6.96	0.36	0.00	10.68	10.93	8.73	8.76	0.66	14.20	62.50	66.31	64.51	60.82	64.45	67.00	66.51	85.59	35.41	41.16	36.87	15.39	51.81	3.90	38.24	30.39	33.71	36.59	23.71	17.61	66.21	55.18	4.13	43.53	24.63	28.57	11.92	13.98	0.66	60.97	49.63	62.68	60.70	91.54	89.69	91.59	101.03	98.47	57.99	59.73	54.41	56.21	35.51	19.23
23.96	31.37	20.97	17.38	22.50	21.68	25.17	24.01	15.37	10.40	11.19	0.00	24.46	17.05	18.74	11.69	21.29	61.49	60.42	56.06	61.85	55.02	65.53	56.45	64.82	38.54	46.53	45.06	22.81	56.82	14.26	22.74	23.61	26.11	21.59	37.75	14.13	62.10	70.16	14.67	49.60	24.08	32.89	16.29	24.61	11.36	85.67	71.26	71.49	78.87	94.03	73.78	86.63	97.32	94.55	66.81	58.96	70.44	55.75	47.76	13.94
10.04	24.79	6.37	7.54	7.75	6.73	8.95	2.87	4.70	10.98	11.58	22.16	0.00	3.50	3.71	12.82	9.41	64.67	61.38	65.32	59.07	59.29	76.94	73.22	89.11	32.53	33.52	32.40	8.06	54.64	8.33	42.54	46.05	42.92	46.03	23.16	30.33	54.92	52.28	7.45	54.67	24.72	18.40	9.96	3.69	11.43	62.91	40.35	56.40	55.07	100.21	97.20	91.50	113.31	105.49	54.72	57.65	50.44	58.86	33.88	28.03
10.36	23.77	5.81	6.00	7.52	6.58	10.17	6.41	1.15	9.29	8.32	19.22	3.47	0.00	1.56	8.18	10.20	69.86	68.60	56.92	71.81	74.43	73.64	76.56	78.59	35.15	32.17	29.95	10.66	51.57	4.23	40.22	38.22	40.58	43.18	22.84	26.17	51.66	48.30	5.53	52.32	23.27	21.73	11.03	4.96	7.98	60.77	42.80	56.14	62.35	99.80	94.42	103.14	89.52	102.66	50.00	62.40	54.47	57.13	35.92	22.49
11.43	22.00	7.00	7.48	6.56	6.41	12.74	6.26	1.18	9.79	8.51	20.61	3.54	1.64	0.00	8.64	8.35	64.64	60.49	64.22	66.61	62.96	67.29	63.23	81.24	28.61	34.09	29.37	9.70	58.69	5.69	38.32	40.50	46.42	42.67	23.81	29.20	52.93	55.70	5.22	46.17	19.78	17.20	8.59	4.17	9.46	64.18	40.25	53.59	56.01	89.82	94.33	99.29	109.98	89.94	62.30	55.67	49.48	51.56	35.11	29.35
13.08	23.49	8.82	8.04	13.20	13.68	13.66	13.56	7.82	0.51	0.54	11.87	12.85	7.62	9.19	0.00	13.44	63.38	66.84	57.23	67.79	67.73	59.94	68.26	85.96	40.88	37.53	38.57	12.97	63.72	3.44	35.72	37.16	36.69	37.42	25.38	18.12	56.59	51.95	4.12	49.83	25.90	26.65	13.10	11.79	0.09	63.56	51.39	67.45	54.42	94.56	86.04	95.57	89.31	91.91	57.02	52.80	64.36	58.99	36.25	16.56
19.49	27.62	14.59	12.91	2.18	2.81	19.57	8.74	7.82	15.18	16.60	21.07	8.33	9.73	8.27	14.44	0.00	58.71	56.73	64.26	59.78	61.75	58.81	56.07	76.12	24.35	23.32	21.60	19.22	46.81	10.94	42.81	42.60	48.59	40.28	26.31	36.36	54.08	56.09	11.74	54.62	13.04	10.79	6.75	5.12	16.47	59.62	47.06	52.71	54.89	100.73	90.10	98.53	97.01	87.04	43.23	45.75	45.33	42.76	27.30	36.18
79.94	89.05	66.68	71.82	65.81	64.29	71.05	63.18	60.64	65.79	73.60	57.41	69.59	73.44	72.74	61.73	65.18	0.00	1.95	1.87	5.70	2.60	1.53	1.31	26.98	52.24	43.00	47.69	83.61	21.70	70.55	66.67	59.56	54.86	62.16	91.13	70.61	105.63	107.38	59.40	112.46	40.14	59.94	50.39	69.03	67.44	109.05	87.76	101.37	112.91	37.92	30.46	38.03	34.23	34.25	40.38	19.94	59.22	23.80	48.67	84.87
75.33	78.78	74.21	67.20	64.61	65.91	69.26	62.07	62.90	71.99	70.47	58.92	72.14	63.02	69.58	69.75	64.41	1.83	0.00	0.47	4.16	3.49	3.16	3.15	29.80	50.26	51.48	47.23	84.78	20.28	62.62	55.05	58.03	59.19	55.76	77.01	75.10	101.54	102.90	70.65	99.09	45.00	53.03	60.53	69.01	62.13	104.35	101.51	96.79	120.85	38.29	35.26	36.37	42.13	40.64	47.45	21.02	68.30	21.81	42.89	82.01
76.85	86.92	62.86	69.99	52.06	57.66	68.63	67.11	70.61	73.14	62.84	59.81	68.12	68.48	70.69	57.96	63.12	2.20	0.53	0.00	5.59	3.07	3.78	3.76	32.17	50.98	42.94	45.20	84.55	23.01	68.43	54.74	64.59	59.24	60.06	93.78	64.38	126.62	130.30	65.72	115.21	44.05	53.11	51.88	70.59	63.28	95.83	83.99	117.17	123.57	41.25	37.06	36.16	34.12	39.02	37.80	18.99	58.78	22.59	44.72	76.45
82.27	80.69	62.60	61.42	57.87	64.84	77.26	73.86	64.45	68.44	68.25	60.01	67.76	57.68	64.39	70.07	63.29	6.03	4.29	4.58	0.00	8.87	5.85	6.56	29.81	41.84	40.45	47.08	76.31	16.06	62.10	66.40	54.15	62.36	64.53	91.04	68.29	121.12	110.25	70.24	126.54	40.09	48.00	51.59	62.29	71.62	94.55	99.05	108.38	110.43	49.22	36.52	45.05	46.75	38.17	42.43	17.81	52.93	17.53	46.18	77.79
84.36	95.23	78.89	75.54	56.31	55.83	71.39	60.99	62.30	69.30	67.73	54.66	62.80	65.72	71.97	68.69	54.46	2.34	3.61	3.56	8.69	0.00	3.01	2.66	23.65	54.17	50.16	55.29	71.12	23.99	57.71	58.30	57.81	54.64	57.71	92.16	79.62	128.43	105.27	60.81	123.96	49.35	55.35	58.18	69.03	63.99	116.54	105.92	108.53	119.26	40.66	32.67	33.21	35.26	34.77	51.86	21.31	60.96	23.60	54.65	82.50
87.58	79.92	72.68	67.99	56.57	64.28	88.34	76.34	75.92	60.70	77.41	63.47	77.13	60.13	62.17	74.48	69.03	1.28	3.41	3.35	6.67	3.18	0.00	0.57	28.89	54.05	45.85	48.03	84.99	21.59	75.55	62.20	61.88	54.48	67.05	95.65	84.62	123.36	127.27	71.99	105.58	49.33	56.17	62.48	61.69	63.44	108.46	104.44	103.89	105.36	38.11	33.42	36.74	35.96	30.84	44.87	23.75	70.54	22.36	50.69	79.44
80.21	96.53	67.92	81.42	67.88	55.55	69.82	77.78	69.36	62.35	68.39	63.40	70.00	70.16	69.29	69.70	58.29	1.56	3.21	2.96	7.78	3.08	0.57	0.00	26.81	55.11	54.57	53.38	78.71	22.96	66.47	66.59	59.76	60.97	54.64	100.25	66.78	125.51	105.68	71.50	118.63	44.55	62.82	54.95	58.51	70.05	121.82	102.24	96.55	129.07	39.12	30.59	31.68	36.68	34.94	41.87	23.06	59.57	21.67	48.54	82.26
86.66	109.89	80.49	82.62	74.39	68.45	83.11	81.87	72.56	77.33	81.74	76.30	89.20	89.53	74.37	84.22	72.37	28.92	26.90	29.47	31.00	25.36	25.35	28.64	0.00	77.24	75.92	80.03	102.48	45.70	89.33	68.62	59.81	69.85	56.51	113.18	86.17	152.22	123.93	85.49	116.50	62.57	80.77	79.85	79.66	72.93	129.13	109.75	145.25	149.57	16.63	10.06	12.18	24.33	11.87	75.63	55.16	89.57	52.53	71.79	91.03
39.40	48.60	43.23	44.17	27.34	25.22	39.50	31.78	31.50	39.27	36.47	43.30	31.79	34.03	28.99	35.80	23.51	50.85	50.00	52.99	41.25	56.65	49.44	46.32	80.92	0.00	0.12	0.50	43.83	25.61	36.18	54.24	57.41	56.06	56.17	53.86	51.26	64.31	71.24	39.88	74.35	20.00	12.42	26.85	32.24	40.20	51.45	51.63	63.43	66.78	98.86	93.10	73.07	95.12	77.27	22.44	31.72	25.98	28.34	0.45	63.07
44.64	56.62	41.07	34.43	23.76	29.24	37.55	32.24	29.31	41.44	35.63	48.89	32.45	31.95	33.28	36.95	21.95	52.38	52.49	45.59	48.33	53.03	53.91	49.92	70.89	0.10	0.00	0.35	40.35	32.46	40.21	66.05	52.61	55.05	59.11	54.21	63.03	63.56	63.35	37.89	90.11	17.70	12.51	25.12	26.36	36.65	51.78	48.52	61.97	73.27	92.88	84.36	93.39	78.28	94.00	21.04	26.15	22.63	32.05	0.57	52.81
46.14	58.30	38.09	38.71	24.10	28.83	44.89	30.21	36.43	37.45	39.14	41.59	29.79	32.90	36.12	36.98	23.72	47.42	47.27	40.96	48.59	55.98	55.56	56.60	73.79	0.46	0.41	0.00	45.09	29.80	37.15	62.11	64.71	53.26	60.58	51.10	50.72	64.80	75.98	37.72	79.14	19.07	14.25	30.07	26.50	35.96	55.93	48.46	55.57	62.70	86.39	81.52	74.89	75.57	74.97	24.27	26.43	26.39	27.98	0.71	58.95
1.26	11.88	5.52	6.81	17.06	15.89	0.49	8.78	10.09	13.33	13.16	23.96	8.35	9.18	11.90	13.95	19.72	78.23	73.27	75.96	67.36	69.83	86.86	77.83	100.99	35.92	45.41	41.89	0.00	66.87	11.78	48.18	44.02	51.66	52.56	13.71	29.42	39.49	46.85	12.71	45.22	34.81	24.08	22.15	13.26	13.73	50.17	44.91	48.96	51.70	106.25	109.99	101.22	109.79	107.60	61.50	67.95	55.82	69.54	36.64	25.01
63.92	80.73	59.54	60.89	43.03	45.96	63.91	53.38	60.94	56.14	53.73	60.57	49.37	54.47	56.15	55.48	52.26	23.49	20.21	19.29	16.68	21.28	23.56	20.73	55.03	31.92	26.67	31.38	58.49	0.00	55.55	64.33	56.30	66.94	54.56	83.10	76.78	90.96	88.19	51.32	100.93	34.24	38.42	42.03	51.11	61.11	90.72	84.90	94.10	89.47	55.69	54.72	55.66	60.74	50.74	22.34	0.26	39.89	0.62	29.96	67.57
12.53	21.55	6.33	6.25	9.54	9.26	13.20	9.73	4.11	3.46	3.95	15.24	7.65	4.30	5.20	3.20	10.80	66.65	69.55	64.84	65.03	69.36	62.54	72.18	77.07	40.88	35.35	33.73	13.64	55.67	0.00	41.90	38.35	39.58	34.55	22.85	21.50	51.18	54.69	0.51	55.62	21.27	24.16	9.21	8.44	3.26	69.04	56.07	64.81	67.43	88.07	79.71	102.21	94.07	98.40	56.21	48.64	61.24	62.78	33.92	21.22
51.03	57.98	42.72	40.70	38.85	45.32	47.25	43.22	42.37	33.57	30.51	25.95	42.27	37.91	42.73	36.42	43.06	60.48	65.09	61.29	67.60	55.10	55.36	53.71	59.57	65.48	52.96	67.86	47.27	62.63	41.48	0.00	0.31	0.09	0.91	57.80	23.92	80.08	84.84	40.10	73.98	35.54	59.15	36.16	46.86	35.34	99.11	93.68	90.33	92.44	77.21	69.04	81.80	75.44	78.39	83.92	62.02	80.45	55.68	57.85	26.13
52.50	57.40	45.66	38.62	41.35	38.86	50.27	44.90	40.03	32.48	30.81	21.84	47.27	37.68	45.67	36.16	48.68	64.53	64.36	52.81	56.55	50.48	58.73	60.81	55.98	63.90	59.05	55.15	43.47	61.72	34.39	0.32	0.00	0.30	0.48	60.40	25.24	88.29	88.13	34.54	71.62	36.07	49.09	40.18	40.58	36.83	102.35	94.68	97.55	106.06	73.52	70.88	79.25	91.82	73.05	75.18	64.69	82.57	70.51	64.68	29.02
42.45	62.86	37.51	45.33	40.16	37.68	44.85	46.34	45.86	36.27	37.40	24.02	42.46	40.87	43.88	32.17	42.05	65.02	53.98	58.32	56.90	60.91	55.24	63.22	68.32	54.83	52.87	56.95	52.23	58.06	40.51	0.09	0.27	0.00	0.66	58.19	29.00	91.62	96.34	38.17	66.06	40.95	53.91	33.95	40.94	32.30	108.18	83.11	90.97	94.61	68.13	68.25	74.98	85.69	78.49	84.72	65.81	88.69	62.66	60.95	29.88
51.55	51.59	47.22	37.22	44.53	45.19	47.22	50.76	36.51	32.13	30.42	22.83	43.00	37.62	45.00	36.75	48.69	66.41	59.41	63.21	60.25	53.90	62.48	54.63	65.64	65.17	61.06	62.75	45.96	65.93	39.58	0.84	0.50	0.77	0.00	52.04	29.18	91.47	93.13	33.96	61.17	43.58	57.46	37.33	42.30	36.24	96.01	96.06	86.28	83.38	72.89	65.48	65.46	84.82	71.98	71.72	61.91	79.61	69.08	53.43	26.64
12.53	0.70	15.44	17.35	28.39	29.94	13.52	17.82	24.36	26.77	21.51	29.93	19.41	22.03	21.64	22.71	29.50	87.70	76.69	86.39	80.84	89.07	101.69	89.55	109.47	52.66	55.90	54.10	13.26	73.66	26.06	57.37	62.38	50.83	51.87	0.00	30.27	31.60	34.56	27.13	31.67	43.45	41.60	36.44	23.70	27.58	49.95	42.72	44.23	41.54	135.36	120.64	108.74	113.25	113.44	66.68	73.48	59.03	84.68	51.85	30.12
28.66	28.24	21.12	22.68	32.67	28.68	26.93	32.74	28.17	16.91	15.31	14.50	25.46	24.61	23.13	18.65	29.63	79.71	71.96	64.54	72.99	65.05	82.04	85.57	94.60	49.05	53.90	56.43	29.05	76.19	23.55	24.62	23.19	25.18	27.51	32.78	0.00	60.65	60.85	18.63	42.21	38.62	46.65	31.14	26.31	16.10	90.87	59.17	71.68	80.85	104.09	97.53	99.59	114.00	90.52	75.96	66.19	76.33	63.36	56.89	0.13
44.08	33.25	46.73	55.75	56.83	56.48	44.16	53.62	55.33	61.96	52.82	60.60	46.76	52.24	50.23	51.90	65.24	115.50	109.47	100.71	104.33	107.50	113.25	119.60	131.77	65.67	74.58	73.93	46.08	103.41	63.98	94.70	102.07	88.47	89.69	33.24	67.13	0.00	0.23	56.71	52.72	79.95	61.89	59.09	60.64	59.76	41.47	28.88	24.92	9.12	165.80	143.74	143.53	137.60	134.68	94.70	110.08	71.48	108.57	67.68	67.89
45.58	36.20	50.78	49.08	54.96	58.30	42.18	47.00	50.94	54.08	54.52	61.68	57.51	56.60	49.92	63.24	52.81	128.43	124.21	117.97	116.58	105.54	113.91	118.10	127.79	72.30	78.79	75.27	49.30	103.36	63.41	89.45	91.94	104.10	86.18	40.77	73.86	0.25	0.00	62.09	48.44	66.20	57.14	67.71	51.87	62.98	41.18	29.26	23.14	10.55	158.29	136.58	145.71	159.69	141.38	98.25	91.39	68.03	108.25	67.55	72.83
12.42	22.79	8.34	7.88	8.97	9.04	14.33	10.95	4.40	4.54	4.27	14.86	8.58	5.20	5.61	3.93	11.82	60.21	55.86	56.97	67.99	71.91	68.67	71.83	74.35	36.23	32.67	36.93	11.56	59.40	0.50	33.85	40.04	36.71	35.53	24.72	23.92	54.14	55.90	0.00	48.52	23.65	25.84	9.99	8.25	3.73	74.35	54.43	58.08	59.71	107.91	90.38	100.95	89.44	86.23	57.31	49.72	47.77	53.54	35.58	20.09
46.73	32.43	47.59	41.90	66.00	60.35	45.18	52.32	46.35	47.96	48.72	59.72	52.70	46.27	54.12	48.00	66.24	112.30	114.72	104.06	98.82	119.12	104.61	113.09	118.92	73.21	89.60	91.50	40.59	117.37	44.40	71.40	71.41	60.51	59.28	29.40	41.60	46.54	45.97	52.87	0.00	74.63	75.44	63.66	56.48	53.98	83.86	74.01	63.89	65.36	151.37	139.59	143.40	141.06	154.63	120.59	96.30	93.45	96.90	74.49	38.17
35.28	45.46	30.20	27.28	14.04	15.02	28.29	25.25	18.82	26.57	22.79	26.77	24.19	22.80	18.98	26.55	15.38	45.90	44.17	38.40	37.92	50.99	42.76	48.24	59.42	22.04	18.67	20.07	29.56	29.65	23.02	36.20	40.59	39.26	43.43	48.25	37.48	68.42	81.34	22.56	64.44	0.00	13.63	11.42	20.94	22.18	66.78	50.03	61.18	67.43	73.27	80.90	73.76	84.76	67.25	38.75	36.81	37.68	36.45	19.21	37.26
32.26	39.64	23.53	25.83	14.12	14.09	30.23	18.49	17.92	30.92	28.90	37.20	21.29	20.30	19.52	28.34	12.53	48.61	56.17	50.52	47.56	54.07	57.52	62.00	84.41	13.48	12.91	12.88	26.44	35.94	23.04	52.35	58.71	49.54	46.48	44.48	48.06	56.22	63.40	24.41	74.60	14.91	0.00	14.44	17.09	28.30	50.53	41.09	55.60	64.40	101.50	97.40	78.08	89.58	96.57	36.29	39.26	35.83	44.10	12.98	43.30
19.50	35.65	15.34	13.58	4.96	4.08	21.95	12.46	9.91	13.49	11.07	19.19	11.64	9.72	8.70	11.77	6.34	52.41	52.09	55.03	48.18	60.37	62.80	64.47	80.02	24.30	27.63	24.02	19.47	46.10	8.68	37.34	38.35	37.70	36.67	35.15	29.13	66.07	68.34	9.13	67.73	12.24	14.90	0.00	9.96	12.04	62.28	46.36	63.76	65.81	92.49	77.58	78.55	96.12	75.17	43.53	44.61	46.47	48.40	29.25	25.08
13.95	25.91	9.93	10.89	4.67	4.83	11.46	5.33	5.63	12.54	13.59	23.24	3.59	5.51	3.70	13.76	5.05	63.40	67.72	63.67	59.62	64.09	60.04	68.34	89.77	28.53	31.87	28.12	13.26	57.11	8.18	43.83	42.10	42.73	46.51	21.77	33.98	58.11	56.84	9.99	52.79	17.34	14.50	8.06	0.00	12.04	62.05	42.89	46.61	56.88	108.54	98.24	90.70	100.96	88.71	49.56	54.96	49.34	46.69	32.99	26.85
13.01	24.31	7.83	7.96	14.28	11.90	15.13	14.58	8.34	0.57	0.70	10.72	10.11	8.99	9.93	0.10	14.93	71.28	71.34	62.69	70.28	64.46	74.70	75.21	84.78	34.76	35.16	42.47	15.64	61.48	3.49	29.96	31.77	35.09	32.89	24.29	18.69	56.79	62.00	3.52	46.42	21.13	25.37	12.02	11.83	0.00	75.83	54.96	54.46	59.75	94.74	82.60	91.55	100.40	87.36	66.73	59.49	53.63	52.74	39.99	16.90
52.65	57.96	67.15	65.64	66.59	69.69	58.35	50.63	58.29	70.17	68.25	78.10	60.13	59.15	65.23	61.56	65.09	109.54	95.77	116.06	94.45	104.57	108.26	110.83	131.12	63.94	62.59	66.18	51.50	92.19	73.36	108.03	109.62	92.82	94.51	58.00	81.93	35.24	40.97	69.60	73.98	65.67	53.02	67.16	56.61	71.11	0.00	16.63	16.06	31.01	138.91	149.61	132.12	156.77	129.96	76.36	77.20	45.21	92.23	64.80	94.48
46.07	45.84	50.97	50.23	44.01	42.55	37.63	34.39	45.97	58.94	51.14	60.79	41.83	49.67	50.67	59.14	44.40	92.79	84.02	88.66	84.59	102.88	86.23	88.84	112.11	42.06	52.92	43.05	39.35	69.15	48.02	90.46	76.27	84.55	84.62	41.53	59.94	28.09	34.08	47.09	71.84	50.47	37.61	52.78	40.16	50.11	16.06	0.00	14.33	26.16	122.51	134.29	128.79	130.07	136.45	65.75	76.87	38.68	78.28	51.58	65.92
49.60	43.66	53.00	52.95	58.00	52.47	47.68	46.93	50.88	60.15	56.76	71.52	46.18	50.65	57.45	66.13	57.80	99.54	100.71	117.74	114.22	101.16	107.34	116.87	115.09	56.65	54.06	52.59	53.18	83.45	64.51	103.26	106.55	98.42	104.31	46.71	66.00	19.21	22.22	56.76	59.60	66.92	51.60	56.54	45.68	64.50	17.62	14.47	0.00	11.98	148.08	125.03	137.39	126.89	153.75	73.33	82.96	54.01	79.31	60.44	75.46
53.13	42.17	49.04	48.34	63.15	59.46	51.40	47.69	51.56	59.67	57.91	71.32	56.14	49.40	52.90	54.44	50.65	121.74	102.28	99.27	99.94	114.34	121.41	116.63	139.31	73.84	69.13	62.21	52.30	106.64	60.02	90.79	98.58	107.98	100.61	38.30	70.23	9.04	9.77	62.31	56.55	81.27	64.41	58.13	48.88	55.53	25.58	24.16	11.63	0.00	141.00	128.83	163.95	165.89	158.66	76.60	90.83	70.58	87.34	61.40	68.85
118.38	131.64	99.74	100.99	102.52	89.53	102.51	107.40	100.37	94.58	103.38	80.68	110.77	100.64	89.81	98.01	100.79	35.16	39.91	36.44	45.34	34.60	44.19	43.20	15.31	85.40	80.79	97.87	121.05	57.64	104.92	71.06	70.32	65.96	78.80	131.34	87.46	165.70	163.12	96.03	122.89	85.36	99.17	93.18	96.74	93.18	132.38	125.47	133.90	156.45	0.00	5.80	4.44	13.02	5.01	93.19	64.69	112.82	69.69	80.66	98.79
95.42	116.66	93.26	96.89	96.64	82.64	100.57	98.29	89.08	91.10	92.54	84.42	103.67	89.55	82.87	87.27	78.62	37.42	37.28	33.67	41.68	29.79	37.15	35.17	10.02	73.67	89.69	89.75	101.13	50.74	83.45	72.09	80.64	64.72	62.89	117.51	87.76	137.43	143.19	82.62	127.75	78.97	82.13	87.68	90.56	97.06	152.63	138.69	133.72	159.00	5.82	0.00	0.95	12.79	1.27	72.80	55.41	96.10	55.01	89.60	104.79
115.23	111.55	87.96	98.49	87.75	93.05	93.51	99.82	89.02	82.87	87.61	86.73	90.15	93.32	104.40	91.16	97.52	38.38	34.04	39.81	46.17	34.01	30.90	31.49	11.11	91.22	94.15	85.34	118.37	62.97	99.42	70.20	64.01	77.19	63.49	129.26	94.30	139.04	160.77	79.96	139.92	76.63	92.59	92.22	85.17	100.47	137.45	121.33	131.76	139.15	5.36	0.93	0.00	13.41	0.63	72.59	59.47	105.93	50.59	74.15	106.06
109.13	121.92	118.26	98.13	103.58	105.03	110.92	97.39	87.14	109.49	100.87	88.96	94.39	106.76	91.24	111.99	106.73	35.21	34.10	34.99	44.24	33.21	31.43	35.32	19.97	95.38	87.08	81.15	113.46	63.54	105.33	83.88	73.83	79.01	91.50	124.22	93.90	133.43	139.74	99.42	148.39	87.11	81.78	102.77	106.15	105.92	140.73	131.13	138.76	158.67	15.18	12.20	13.95	0.00	11.69	83.81	54.68	91.06	54.57	95.78	92.20
93.34	102.84	93.59	110.62	80.81	100.05	94.40	103.56	88.67	90.54	84.62	85.40	108.10	103.67	89.53	102.28	99.39	32.90	38.74	41.05	46.23	35.23	30.45	30.22	11.39	83.09	76.37	92.36	101.67	63.83	94.41	75.15	66.81	73.33	68.66	112.26	98.74	135.39	160.56	100.48	122.46	83.79	81.43	95.78	103.90	91.98	160.30	127.75	139.45	160.88	4.44	1.47	0.54	11.23	0.00	88.74	64.63	92.51	54.32	74.39	96.93
63.31	70.91	61.42	59.20	52.09	45.56	60.46	58.56	62.80	61.42	62.69	58.43	55.52	53.34	58.55	60.11	47.42	45.21	40.76	42.29	34.07	51.93	42.26	46.93	62.94	26.13	23.57	25.72	59.34	24.05	53.96	83.62	76.24	84.41	80.37	78.37	71.67	101.36	99.83	52.27	97.28	44.78	40.47	46.18	51.16	54.54	74.36	57.55	71.90	80.74	74.20	81.07	74.67	80.29	87.86	0.00	22.21	21.36	21.00	25.20	79.64
71.44	70.81	59.36	57.89	49.26	52.80	56.30	61.71	50.55	59.73	64.40	62.49	59.06	55.43	55.11	64.31	49.59	24.30	21.80	20.62	14.74	23.05	20.17	23.23	47.73	30.34	25.79	31.81	70.58	0.31	59.22	61.65	67.11	55.15	57.91	72.28	73.63	89.70	90.52	61.93	99.02	31.52	39.02	45.24	46.44	51.70	75.56	74.54	90.02	108.54	69.61	53.40	53.97	57.21	53.82	25.66	0.00	41.90	0.39	27.66	70.83
58.82	59.71	58.50	61.47	42.62	41.30	50.22	50.53	57.44	65.72	57.25	70.54	45.22	47.06	49.75	58.03	46.26	74.31	68.53	65.61	59.43	61.14	62.49	60.65	100.34	26.07	24.28	20.72	57.77	43.24	53.27	93.15	72.84	92.74	88.58	58.83	73.51	66.34	70.73	53.95	96.57	40.49	28.38	43.87	41.27	63.07	44.53	42.25	55.52	61.36	94.33	102.86	98.61	91.64	111.44	26.43	40.27	0.00	40.00	21.35	67.20
62.09	79.73	60.45	63.13	48.08	54.14	57.95	51.58	61.85	59.57	54.22	62.77	59.39	56.46	48.78	54.87	48.01	19.98	18.99	20.10	17.67	25.99	21.21	22.68	54.89	33.36	32.45	28.75	59.20	0.77	51.47	60.49	68.01	66.19	58.39	77.77	74.62	106.26	89.37	51.61	103.87	31.07	43.87	42.01	50.16	57.94	85.56	70.17	98.83	99.44	61.87	59.41	60.75	50.18	51.09	23.25	0.45	43.60	0.00	31.86	72.85
39.57	53.84	44.75	41.61	29.09	26.13	42.46	32.68	31.59	45.08	42.16	44.03	29.34	33.86	28.72	42.97	23.13	52.98	43.50	51.17	38.15	49.32	45.29	51.28	64.66	0.48	0.57	0.80	43.40	26.10	38.36	67.91	55.91	57.95	61.71	57.42	60.62	65.10	72.51	34.61	79.42	20.03	12.36	28.43	29.95	37.79	57.72	51.00	66.89	71.62	76.65	83.04	83.85	90.84	73.40	24.38	26.74	22.64	30.55	0.00	50.59
27.78	29.51	25.50	22.98	29.51	31.50	25.43	27.59	26.94	17.34	16.26	12.93	30.70	22.87	23.06	16.47	34.67	73.99	81.10	81.89	70.62	64.97	68.76	84.56	91.94	53.24	52.77	53.29	26.62	77.81	21.52	24.86	23.42	29.86	28.92	33.78	0.10	60.59	66.21	24.07	44.87	35.45	43.37	25.87	32.57	15.60	85.88	67.68	74.83	76.87	108.15	94.61	87.44	101.41	105.65	74.66	70.87	85.23	69.65	63.79	0.00
~
Delivery quantities;
9 6 0 1 18 10 8 8 1 12 0 18 4 3 2 0 0 6 5 2 8 0 8 1 2 0 1 1 2 5 3 4 10 1 4 2 0 4 6 4 2 3 4 0 0 1 1 4 0 3 0 4 3 1 6 1 0 2 0 6 
~
Pick-up quantities;
6 12 18 0 12 0 18 18 0 12 20 4 60 0 0 20 12 0 4 16 8 12 30 0 0 24 0 0 0 20 8 0 8 0 18 0 18 18 0 12 0 18 0 8 4 0 0 0 8 12 12 18 6 6 6 0 8 6 4 8 
~
Vehicle capacity; 
100 100 100 100 100 100 
~

