Cost matrix;
0.00	12.57	10.83	11.76	8.47	5.90	19.81	11.05	5.15	9.98	18.16	16.76	10.26	19.79	74.52	69.15	75.64	77.12	44.36	53.14	43.34	39.36	37.28	12.89	78.51	69.25	60.35	20.47	12.72	13.15	35.76	66.81	11.45	44.62	58.13	111.41	109.88	98.04	91.66	84.68	94.07	22.57	26.19	16.71	18.87	28.56	10.93	100.70	105.98	104.02	100.66	96.36	33.75	41.70	10.89	54.20	53.48	16.26	11.17	37.60	13.06
10.27	0.00	3.57	4.92	2.77	7.90	9.21	1.61	5.02	2.35	8.21	7.28	0.28	8.38	63.92	62.01	67.71	72.06	45.48	44.02	44.55	32.15	30.40	3.18	69.02	57.06	55.91	29.68	0.97	3.12	42.96	72.77	4.14	53.88	58.57	89.72	95.02	100.13	82.74	75.74	89.74	23.31	33.29	6.72	29.03	20.72	1.51	94.95	75.22	95.32	109.79	81.35	17.14	47.11	0.92	51.62	60.71	23.88	1.22	45.90	0.95
10.79	3.24	0.00	8.43	1.98	7.13	11.95	3.37	3.92	3.72	9.21	10.46	3.39	10.57	59.33	68.12	67.54	65.84	44.45	45.66	46.79	33.35	30.98	5.82	64.54	56.67	51.54	24.39	4.37	6.27	33.66	59.58	3.51	47.91	61.16	93.06	98.62	100.44	102.36	82.31	86.77	28.91	24.84	10.99	23.94	23.71	3.78	107.44	93.16	88.27	114.32	84.11	22.96	43.52	4.68	53.31	61.53	19.18	4.63	42.93	3.93
12.22	5.92	7.35	0.00	6.43	6.28	9.62	5.13	8.41	4.41	14.54	3.43	5.74	9.71	70.80	61.06	63.96	65.77	38.61	32.92	36.74	33.33	40.27	1.99	65.66	51.90	59.30	33.53	3.75	2.24	47.31	74.38	9.25	55.89	64.27	92.88	84.05	93.76	84.14	70.68	91.35	21.08	32.82	3.18	24.34	16.04	3.60	99.16	90.69	82.77	99.93	80.52	17.98	55.72	4.59	57.05	57.48	25.79	3.83	45.89	4.05
8.74	2.89	2.08	6.61	0.00	5.64	12.07	1.78	3.40	2.00	11.27	9.21	2.59	12.76	69.43	74.03	64.69	71.55	37.88	46.09	44.54	30.77	36.62	5.18	66.37	51.96	52.04	25.91	3.16	5.05	42.41	63.64	4.52	48.31	67.76	102.97	99.50	96.49	92.99	80.12	87.73	29.87	25.48	9.33	27.67	20.15	2.80	97.91	77.82	97.43	103.79	81.41	22.77	43.62	3.42	55.98	61.24	19.11	3.19	43.23	2.92
6.19	7.74	7.01	6.44	6.13	0.00	16.48	5.60	3.05	4.22	15.63	9.43	7.04	16.40	65.01	68.61	78.82	78.70	44.79	37.53	41.50	43.15	38.00	7.48	68.51	58.95	60.08	25.32	6.79	6.94	39.65	64.99	8.96	50.88	67.19	96.82	106.88	95.31	91.65	87.10	94.37	24.80	27.64	11.36	21.37	23.87	6.17	96.15	96.55	91.85	102.31	82.54	26.86	43.68	6.83	46.42	64.39	22.06	6.98	50.97	6.80
22.34	8.43	11.82	10.50	11.25	16.22	0.00	10.74	14.64	10.79	7.15	7.39	8.40	0.57	51.32	53.20	57.74	58.29	33.35	37.74	34.53	26.54	26.92	9.78	56.04	41.67	43.94	32.59	8.11	9.34	51.06	72.66	8.21	64.83	61.81	87.99	82.59	82.96	72.56	69.98	80.72	28.20	34.86	7.32	37.33	9.90	9.40	84.82	68.76	70.87	81.73	77.78	10.63	46.55	8.34	64.67	54.14	26.46	7.67	51.84	7.11
10.05	1.54	3.37	5.43	1.72	5.63	11.16	0.00	4.21	1.17	9.60	6.82	1.97	8.98	62.20	66.63	73.36	64.55	38.87	39.29	38.31	30.57	33.01	2.81	65.41	50.05	62.81	26.15	1.73	3.25	39.21	60.78	4.62	51.84	60.00	92.83	99.75	101.05	84.79	90.28	93.57	22.92	32.15	6.92	23.29	21.98	1.38	96.54	85.76	93.65	112.52	83.42	19.06	45.20	1.61	49.07	63.11	18.89	1.87	44.50	1.74
6.50	5.44	4.29	7.09	2.89	3.20	15.10	3.79	0.00	3.79	14.60	10.14	5.91	15.18	75.63	67.50	62.13	74.62	39.30	40.03	45.15	35.86	35.27	6.04	79.02	52.07	67.02	23.26	5.97	5.98	43.00	68.82	7.17	48.73	61.39	110.81	88.58	86.58	84.24	91.24	85.21	28.45	31.88	11.71	22.80	22.53	5.97	104.63	99.97	97.48	114.23	99.44	26.42	46.18	6.11	48.15	57.02	17.87	6.33	45.10	6.16
8.41	2.86	3.55	4.84	1.91	5.29	9.57	0.99	3.55	0.00	12.00	8.88	2.85	10.70	75.10	60.14	64.91	65.26	45.12	38.91	39.68	34.39	34.24	3.40	75.69	49.12	56.11	24.18	2.76	3.36	37.01	71.09	5.50	49.75	60.22	88.62	88.00	89.78	82.36	77.13	88.40	25.43	32.81	8.38	26.87	19.40	2.06	97.38	92.64	85.07	111.71	81.40	22.82	39.61	2.50	50.40	62.61	18.39	3.05	50.32	2.55
18.55	8.49	9.51	13.43	11.26	15.40	6.87	8.82	11.93	12.32	0.00	12.17	8.21	6.19	63.44	58.75	59.40	56.86	46.26	47.31	44.79	23.15	24.33	9.99	55.59	44.60	52.40	29.04	9.82	9.52	41.42	57.47	6.38	64.12	57.60	93.53	85.97	84.44	84.09	77.95	94.76	32.06	31.44	13.21	39.67	18.05	10.09	100.54	84.21	88.76	87.40	85.93	16.31	39.17	8.75	53.10	45.08	26.35	9.00	46.14	8.91
17.26	7.70	9.63	3.92	10.36	11.10	8.87	7.12	11.42	8.92	12.34	0.00	8.14	8.17	61.19	66.98	55.24	60.24	32.37	36.43	35.80	38.81	31.64	4.38	75.36	55.60	53.21	38.67	7.47	4.74	42.74	74.56	9.80	71.46	67.75	95.85	90.91	90.40	89.27	65.67	76.47	19.89	41.55	0.19	30.15	15.72	7.43	104.39	87.42	76.50	86.62	72.43	13.81	53.38	7.41	65.08	69.06	25.35	6.88	50.59	7.12
12.25	0.31	3.62	5.15	3.04	7.10	7.56	1.78	5.33	2.87	8.76	7.44	0.00	9.19	58.01	68.34	65.30	62.17	46.77	45.39	39.48	33.13	30.29	3.74	65.85	56.27	47.92	27.17	1.26	3.76	38.58	65.59	3.26	55.34	58.18	102.95	93.93	92.51	101.13	85.74	79.87	24.78	32.95	8.04	28.86	18.01	1.53	93.58	77.74	89.48	100.68	90.50	19.85	50.62	0.99	56.73	49.07	24.02	1.49	48.20	1.19
21.57	9.76	11.31	11.10	10.67	16.64	0.48	9.87	14.80	12.26	6.15	8.87	7.69	0.00	62.66	53.60	49.10	66.04	35.46	36.20	41.35	29.32	29.54	9.71	64.48	47.20	51.70	32.73	8.20	8.16	41.73	73.99	8.26	56.69	58.21	93.26	92.90	76.87	76.12	79.07	77.82	30.36	38.35	8.88	40.26	11.18	8.03	80.85	67.92	77.94	83.11	77.81	10.61	50.59	8.26	65.59	59.86	30.15	8.97	47.71	8.19
75.72	58.70	74.12	65.65	66.47	78.27	59.60	69.61	71.83	74.97	63.59	58.98	69.59	63.83	0.00	0.58	1.94	4.40	62.97	56.44	66.39	47.36	54.35	57.73	13.71	22.18	22.69	81.21	63.38	68.75	99.22	100.15	58.10	129.66	96.81	46.03	31.29	32.64	33.52	66.26	28.84	74.32	95.94	69.88	98.82	44.36	60.41	37.58	21.89	29.88	30.97	26.73	52.73	83.91	71.10	97.64	74.80	74.06	58.39	99.90	72.47
85.81	65.21	69.04	65.42	72.67	66.35	60.56	65.46	75.25	66.83	61.00	66.12	61.18	58.15	0.56	0.00	2.51	3.99	53.81	66.74	53.53	47.14	43.58	65.58	10.97	20.25	20.99	88.52	68.46	59.92	91.32	96.76	64.26	116.90	104.79	51.94	34.42	28.36	29.98	67.16	28.42	84.13	79.81	68.66	84.94	51.30	73.42	44.43	19.75	33.36	30.22	26.43	50.77	93.61	72.19	114.14	92.36	86.75	64.54	100.64	68.08
71.19	62.98	68.71	62.56	71.51	70.92	54.92	58.26	76.69	65.73	54.84	61.83	65.26	57.28	2.08	2.55	0.00	6.46	55.51	61.91	51.73	48.95	46.93	57.89	13.75	20.23	20.57	83.54	66.71	70.42	103.85	91.53	57.88	121.96	94.59	55.61	36.10	35.71	36.53	61.59	29.66	64.81	90.07	68.16	98.46	40.86	64.40	46.88	20.86	36.42	39.86	30.11	49.81	91.99	70.49	99.92	87.59	89.44	70.55	104.10	56.43
75.63	66.41	73.77	73.97	74.27	67.10	63.99	71.14	82.83	69.79	61.83	65.33	60.63	65.71	4.98	3.81	5.33	0.00	69.57	58.91	69.89	48.00	49.96	73.63	8.39	19.77	19.23	100.43	70.70	67.87	105.91	90.58	69.68	127.79	111.82	55.44	37.73	36.00	33.55	60.25	38.93	70.57	95.64	64.28	98.60	52.46	63.17	47.62	19.17	31.13	30.57	31.83	47.14	90.58	72.80	109.25	72.39	96.35	66.26	100.01	59.28
51.79	39.44	39.49	38.96	43.97	39.65	39.88	36.57	39.15	44.30	42.58	34.13	39.44	38.33	65.32	55.94	52.34	55.51	0.00	0.64	0.70	61.43	61.21	36.91	62.18	63.27	59.96	65.72	36.79	35.53	76.47	97.76	47.74	85.20	96.25	70.75	64.15	62.88	62.88	44.78	60.65	24.70	72.97	31.53	51.03	35.26	39.61	68.93	82.39	60.16	76.86	65.44	29.74	84.20	35.69	88.16	101.15	67.49	36.51	88.51	35.90
53.85	45.72	41.93	36.45	45.14	37.91	34.61	42.82	49.36	45.42	41.52	29.80	46.88	38.57	55.44	59.77	53.69	58.09	0.66	0.00	1.25	65.44	52.83	41.45	59.90	64.34	69.31	71.14	45.81	36.59	88.06	113.89	47.08	93.49	112.75	73.91	69.29	63.68	62.03	42.45	61.62	27.38	80.32	32.61	46.27	29.70	43.05	79.05	68.27	73.54	77.91	66.80	28.34	81.44	40.33	87.12	101.27	56.83	40.30	98.19	40.90
47.87	39.19	44.59	36.49	38.40	42.76	35.24	38.04	49.07	39.30	49.09	36.43	44.05	38.55	67.31	62.93	51.59	70.86	0.69	1.42	0.00	57.70	65.37	34.05	66.96	61.73	58.14	63.55	39.98	38.41	72.70	92.65	39.40	87.93	98.67	64.00	75.99	77.27	62.47	42.36	71.09	27.42	70.80	30.98	46.59	29.89	40.50	73.92	72.00	70.61	89.68	57.13	31.01	92.89	36.32	86.33	99.32	57.15	45.58	85.77	41.59
35.70	29.37	31.43	33.41	35.66	35.27	30.29	31.85	34.15	37.82	21.47	38.89	29.15	25.94	46.20	52.45	50.80	50.76	63.02	58.27	54.24	0.00	0.36	30.84	41.87	29.70	28.97	46.65	35.83	34.22	50.04	53.93	27.17	60.54	59.60	105.72	75.64	88.54	84.84	89.37	86.28	59.91	32.60	38.14	63.00	27.88	29.62	80.78	74.12	85.65	75.06	72.72	31.89	50.84	32.52	58.94	36.02	42.94	27.86	48.21	35.86
41.85	30.62	30.24	37.45	32.70	37.95	25.87	32.54	35.11	31.77	24.26	35.20	30.45	30.43	49.06	55.28	51.62	51.09	67.51	61.98	54.23	0.44	0.00	37.57	47.74	29.51	32.58	49.07	33.99	35.10	47.60	47.99	30.97	62.83	63.29	97.66	74.20	75.96	86.62	92.75	72.19	54.33	39.40	35.16	65.30	28.42	37.10	78.52	63.04	70.97	80.08	77.02	31.84	46.52	28.80	62.89	40.71	44.26	36.28	47.86	33.54
12.17	3.53	6.40	2.29	4.59	6.51	8.48	3.35	6.15	3.60	10.35	5.29	3.05	8.63	71.73	61.67	66.49	67.90	41.06	35.29	40.04	31.03	38.34	0.00	77.53	54.03	57.02	30.89	2.12	0.46	39.14	76.61	6.17	57.43	69.33	101.02	95.98	84.11	92.56	86.10	89.39	20.97	29.52	4.89	26.10	17.89	1.99	87.73	83.86	95.81	95.81	86.90	20.40	50.07	2.10	52.18	62.14	22.75	2.08	46.21	2.60
73.90	67.43	62.60	77.07	71.06	86.10	54.20	77.44	67.33	78.10	62.87	64.76	73.61	60.28	13.90	11.75	14.11	7.65	71.85	72.16	71.55	43.00	43.67	68.21	0.00	17.57	16.23	90.88	62.00	72.12	102.39	95.86	72.70	109.32	107.52	64.63	43.53	44.06	44.89	76.10	41.04	84.94	76.92	71.75	86.09	47.31	61.02	52.67	21.43	35.73	36.72	33.64	58.80	88.42	67.41	101.08	68.99	85.19	64.03	97.97	65.75
72.18	54.80	57.62	49.30	49.20	58.58	47.15	52.41	65.25	49.39	40.63	49.94	58.95	43.79	19.87	23.36	21.24	21.94	54.10	58.04	68.59	32.78	27.85	55.72	16.86	0.00	0.25	74.11	55.17	47.43	75.01	82.21	50.00	108.51	95.81	77.23	59.80	49.92	55.69	69.61	55.20	72.08	76.16	49.88	79.08	42.74	53.61	56.78	43.75	52.03	53.75	52.15	43.24	82.75	55.94	93.69	66.10	64.96	52.32	81.74	54.39
70.68	56.51	52.84	61.84	54.32	59.99	42.06	60.76	54.80	50.81	43.56	51.25	55.39	49.33	20.24	21.67	19.16	19.50	61.03	69.51	57.73	27.61	30.20	53.95	15.04	0.29	0.00	88.40	50.09	53.48	66.48	77.15	53.81	110.70	85.36	70.11	52.53	50.23	47.29	71.00	50.30	77.27	73.83	50.22	78.18	36.85	52.34	69.63	44.72	49.85	51.35	45.59	37.73	66.83	53.46	88.12	54.17	63.11	55.92	86.57	55.87
16.87	25.29	23.19	30.89	27.21	23.62	40.83	28.64	22.57	27.48	30.90	34.48	30.97	38.61	95.01	95.49	88.05	95.80	60.69	64.74	61.14	53.20	56.14	30.32	105.03	82.27	70.77	0.00	31.71	27.97	22.11	51.19	30.31	28.20	44.66	120.19	108.99	127.39	115.81	106.32	110.55	47.36	20.73	31.67	23.01	44.44	26.38	125.40	124.44	104.57	133.08	110.14	43.61	28.24	30.49	33.81	58.94	7.84	29.55	32.99	26.00
11.89	0.98	4.76	4.60	3.46	6.61	8.11	1.60	5.57	2.17	8.61	7.12	1.27	7.70	74.13	63.13	56.64	61.59	38.84	39.75	42.38	33.01	34.91	2.24	73.28	53.76	55.43	26.01	0.00	2.28	45.49	59.37	4.96	61.30	68.03	91.07	91.75	85.47	77.74	78.93	88.50	24.29	31.20	6.82	28.42	16.47	0.49	90.95	87.55	99.28	89.90	72.41	20.98	51.30	0.15	59.98	59.05	22.92	0.58	40.85	0.26
11.90	3.49	7.16	2.47	4.54	8.08	7.39	3.13	7.56	3.15	11.99	4.25	3.89	9.20	61.44	59.35	57.16	59.93	36.88	36.81	37.66	32.35	32.48	0.43	63.83	52.70	59.07	27.19	2.17	0.00	44.09	60.04	7.72	62.00	57.74	93.83	93.74	78.22	97.21	79.27	95.40	22.73	31.34	4.75	28.65	17.81	1.88	96.71	79.42	97.25	111.37	72.62	16.05	44.19	2.60	54.89	54.79	25.45	2.44	44.61	2.34
40.65	43.23	36.32	50.75	38.13	43.11	46.15	40.95	33.84	38.04	39.59	46.35	39.16	48.64	102.14	105.51	90.87	104.68	79.64	86.11	73.48	44.63	46.43	44.00	96.71	72.12	71.94	22.17	45.39	40.20	0.00	33.89	40.97	20.72	21.73	126.53	127.57	112.38	119.07	132.97	108.91	62.42	10.44	44.08	52.07	55.13	41.88	140.15	121.65	134.63	137.69	114.64	63.45	6.01	44.44	13.26	34.41	21.99	41.55	5.94	40.82
63.33	68.13	67.73	74.07	59.37	62.99	63.16	59.66	59.46	60.11	63.91	63.87	61.19	71.46	93.76	88.33	109.00	110.84	99.03	93.82	118.97	57.16	45.85	69.19	90.96	82.09	80.56	62.01	70.76	69.92	32.28	0.00	65.44	41.05	15.01	144.07	149.30	144.26	140.64	152.61	124.84	94.25	39.19	66.18	80.34	80.42	68.81	134.46	106.25	122.64	121.25	120.54	69.03	26.62	60.43	28.58	17.76	51.03	62.22	28.49	62.30
11.76	4.00	3.70	8.11	4.07	11.42	8.60	4.52	6.99	5.12	5.34	11.54	3.83	10.22	72.35	73.64	63.60	64.40	48.07	47.49	43.61	32.24	32.74	6.95	70.18	51.47	48.57	26.68	4.99	6.32	39.25	57.31	0.00	59.44	51.71	107.32	99.90	80.95	98.37	72.67	96.18	31.79	26.42	11.01	31.69	20.73	5.16	109.90	88.91	94.27	88.68	79.41	21.15	44.45	4.17	51.96	58.36	20.58	4.83	39.58	5.04
46.05	51.77	48.03	65.98	59.43	48.79	64.57	55.71	56.95	57.03	54.88	66.55	55.18	63.35	104.49	108.43	109.10	106.24	85.22	91.79	103.35	62.26	68.56	53.96	105.80	104.90	100.23	32.98	58.83	58.96	22.10	39.15	48.75	0.00	30.60	143.10	150.76	158.33	128.06	119.82	142.57	65.73	31.09	55.44	52.51	80.93	53.05	139.75	121.37	143.04	153.82	131.86	78.29	26.44	54.11	14.26	58.20	33.79	59.61	22.16	57.53
61.79	64.66	57.42	66.35	52.62	68.54	68.33	55.38	56.88	60.40	51.43	71.50	55.25	68.59	105.85	115.91	117.29	99.19	113.49	104.16	93.60	54.39	51.86	66.26	105.88	96.41	76.62	43.56	66.73	60.68	20.10	14.55	56.31	25.42	0.00	139.24	134.91	126.41	138.68	146.36	136.03	86.07	29.61	65.35	66.93	84.63	57.91	146.01	118.94	127.47	125.61	124.41	83.68	15.15	66.03	15.54	30.59	47.73	70.20	15.75	66.89
95.33	93.12	89.76	100.03	91.61	96.31	89.24	89.54	89.42	105.39	100.11	102.94	104.00	86.83	49.39	48.48	59.57	49.97	59.86	66.69	68.50	101.86	87.13	104.40	60.96	74.76	65.15	123.48	103.78	100.37	146.64	145.16	86.52	169.61	154.13	0.00	24.73	23.27	21.37	27.39	21.48	102.27	113.99	101.22	124.87	74.41	86.30	21.43	50.57	23.70	53.37	21.95	72.81	130.45	107.72	139.73	129.88	120.20	102.47	121.57	104.05
118.05	84.72	94.14	85.46	108.05	106.05	84.11	90.11	101.82	100.13	78.99	88.70	83.58	76.13	30.49	38.07	38.94	41.13	80.50	70.89	80.80	87.89	75.68	95.33	48.64	60.07	58.04	111.94	97.06	103.49	110.88	124.86	82.08	155.15	140.18	22.77	0.00	3.65	3.68	49.26	8.51	87.87	107.58	79.30	124.88	78.54	93.19	5.38	19.35	4.14	25.31	11.43	76.22	141.05	98.00	156.22	107.51	117.57	97.50	113.11	98.15
103.43	90.98	86.62	95.93	85.63	89.25	76.43	80.99	100.22	87.08	75.70	89.78	91.43	88.88	34.09	33.89	30.93	32.22	69.56	72.84	73.02	87.00	72.14	85.49	44.92	54.22	59.41	128.36	84.13	84.64	112.99	140.17	89.61	157.16	154.19	24.19	4.30	0.00	0.30	43.68	4.52	89.30	112.84	75.77	99.68	65.29	84.62	9.93	21.80	0.08	25.97	6.72	69.79	114.35	80.76	130.90	121.02	106.85	82.25	140.94	83.23
99.00	93.72	95.46	96.08	104.28	83.65	88.40	81.02	87.28	96.08	95.40	80.19	89.20	72.37	36.24	29.70	35.53	34.97	68.50	64.68	77.63	88.42	80.93	83.02	44.98	60.90	50.67	112.74	80.26	96.46	112.42	145.33	79.08	129.42	144.45	25.80	3.28	0.30	0.00	50.60	4.34	79.94	108.68	74.97	119.69	72.01	91.85	7.53	21.37	0.19	22.32	7.15	73.80	139.21	91.19	133.59	117.28	121.44	94.58	127.01	100.04
96.53	80.64	89.12	68.85	76.12	90.20	74.33	81.59	90.17	85.00	81.48	70.20	79.99	66.03	64.72	59.11	59.57	57.71	45.45	37.75	43.90	81.21	97.26	71.54	66.15	72.67	71.88	107.27	70.26	83.84	116.18	126.33	90.68	123.69	153.27	32.98	46.95	51.49	40.75	0.00	44.56	77.40	107.57	66.07	98.66	70.94	85.95	51.36	56.02	41.53	62.74	45.69	69.58	114.62	90.34	128.59	115.66	115.01	70.96	135.05	81.18
109.37	97.87	82.68	80.32	93.05	88.94	84.34	90.63	85.29	78.29	90.07	75.24	79.26	88.83	33.60	29.32	33.87	38.69	68.38	70.48	56.20	84.38	80.57	81.48	41.63	48.50	51.99	114.09	79.46	93.04	111.04	126.34	97.30	133.53	139.59	19.75	8.03	4.06	4.88	43.16	0.00	78.09	102.85	82.65	99.22	59.95	81.61	10.99	27.59	4.21	27.46	5.33	66.99	110.08	80.97	146.54	110.91	109.80	83.85	112.25	94.31
28.20	25.12	31.24	23.88	29.23	21.40	30.64	27.42	27.72	22.46	32.17	22.82	25.17	31.38	72.34	80.99	72.86	75.64	26.94	30.04	25.10	55.37	62.80	23.07	91.05	74.95	76.36	38.44	24.34	24.23	58.55	87.64	33.96	64.28	78.41	81.67	86.68	89.10	99.72	68.74	88.97	0.00	54.49	20.35	26.23	29.70	27.67	96.89	97.96	93.78	109.05	86.14	33.22	67.91	27.08	74.40	91.20	43.42	28.52	71.12	26.73
24.27	27.65	25.71	31.27	28.60	32.41	38.20	34.18	24.76	30.58	32.68	40.32	32.64	39.50	88.66	85.71	87.46	81.46	65.15	70.23	65.75	32.93	36.71	32.40	91.29	73.51	74.21	17.90	34.40	33.44	11.18	36.09	26.77	28.91	30.25	134.81	131.12	101.03	127.43	104.03	99.81	52.72	0.00	34.59	41.51	51.45	31.13	117.45	96.53	109.86	125.18	105.48	41.86	16.02	32.88	23.09	40.74	12.05	27.61	13.25	31.12
17.43	7.35	11.15	3.58	8.42	10.62	7.66	8.47	10.52	7.59	12.00	0.20	7.20	8.53	55.73	55.30	55.03	56.75	33.33	32.64	33.51	39.29	37.89	4.41	69.03	57.73	58.94	34.49	6.71	4.33	47.72	75.05	11.73	69.27	62.34	87.87	96.93	89.85	91.50	66.52	92.48	18.32	35.19	0.00	30.14	16.70	5.74	102.46	90.95	93.66	93.99	86.54	16.90	49.68	6.34	62.54	58.98	26.30	6.76	47.94	7.06
17.46	30.13	29.45	27.81	25.04	21.85	35.22	25.20	23.02	23.97	31.51	25.80	25.92	37.56	98.93	82.06	81.64	82.49	48.55	47.74	55.15	57.11	60.60	29.76	99.27	88.06	80.99	24.60	30.84	23.71	47.62	82.14	32.57	53.11	67.79	122.56	122.15	110.56	115.73	103.25	111.86	21.02	42.30	26.13	0.00	38.67	28.90	130.44	120.34	119.31	127.41	110.71	40.89	49.53	25.11	56.80	82.96	24.86	27.71	55.08	24.31
31.15	21.03	19.51	17.78	20.82	22.82	9.51	21.26	26.54	20.25	15.67	13.79	18.38	11.82	46.91	43.62	46.50	52.92	31.22	30.03	35.19	31.29	30.84	20.10	59.25	44.68	40.07	45.18	20.22	16.33	51.93	68.28	22.26	71.35	77.65	71.05	81.70	73.98	73.16	66.03	76.55	30.95	44.40	14.50	41.33	0.00	18.86	76.18	61.74	66.48	76.51	61.16	0.44	63.37	19.11	64.34	67.76	41.34	18.82	57.55	20.28
10.78	1.48	4.82	4.16	2.79	6.42	8.78	1.16	5.90	2.10	8.97	6.95	1.71	10.26	72.86	62.56	66.22	63.46	36.36	40.29	37.62	30.01	32.62	2.14	65.26	61.29	48.94	28.23	0.47	2.17	45.27	71.43	5.66	60.43	65.29	87.19	94.10	83.49	88.49	79.67	95.99	26.53	28.72	6.52	25.99	20.79	0.00	100.58	90.11	85.86	95.89	72.23	17.77	41.67	0.65	48.87	61.60	22.44	0.90	44.17	0.75
95.87	105.36	100.28	104.11	104.67	103.30	88.67	109.78	98.04	90.19	83.64	87.27	107.12	85.42	42.72	44.43	38.53	45.29	70.10	83.04	80.73	79.66	83.12	92.22	50.25	68.71	62.06	131.79	102.09	88.21	144.68	134.25	90.39	164.06	151.25	22.89	5.34	9.11	7.68	47.84	11.74	106.17	116.98	81.98	135.19	75.94	109.66	0.00	27.92	8.54	25.37	13.39	83.81	132.41	86.18	135.79	113.52	115.44	90.98	122.75	86.40
85.42	75.52	99.15	96.46	83.39	85.25	71.00	80.71	96.31	94.39	87.98	88.40	83.40	74.89	18.73	19.89	23.29	18.29	80.97	66.16	76.95	71.75	63.22	90.44	26.47	35.73	38.65	107.55	76.90	85.05	128.39	119.28	87.51	124.06	129.11	41.94	21.86	19.04	20.49	65.36	23.91	93.98	108.51	76.07	117.78	67.37	93.41	29.95	0.00	20.22	16.24	19.97	62.69	104.84	94.48	142.47	100.41	110.17	74.36	112.30	80.70
106.68	100.90	91.21	88.58	88.70	97.35	83.32	99.96	86.88	84.10	96.76	77.36	84.60	72.27	32.64	31.39	37.67	34.14	75.62	64.74	62.71	71.80	73.51	86.16	46.10	48.63	58.98	109.84	82.96	95.96	119.39	133.97	78.68	126.52	149.83	24.32	3.80	0.09	0.20	50.08	4.77	94.87	108.67	75.08	97.45	65.37	93.24	9.39	21.70	0.00	26.02	7.54	74.49	122.15	100.01	135.06	109.63	114.39	93.26	124.02	88.01
108.69	108.51	97.46	90.88	93.21	117.64	104.19	100.81	98.11	92.48	104.37	99.70	109.19	79.96	31.05	34.49	40.71	34.37	83.95	76.69	91.01	78.62	90.72	104.40	35.96	52.84	49.63	122.30	113.53	106.07	112.51	125.92	113.26	169.26	152.43	47.49	26.66	27.70	28.38	67.00	28.93	102.68	125.57	93.70	115.11	80.75	92.42	26.41	15.00	25.50	0.00	30.69	74.36	129.39	102.83	128.34	108.21	118.06	109.14	132.54	96.05
99.47	72.04	90.41	81.61	82.87	83.06	71.97	83.89	77.57	90.96	78.97	84.17	89.50	82.60	24.82	26.85	29.28	32.69	61.07	62.86	57.97	67.93	76.32	79.10	38.18	50.02	53.03	99.37	72.34	91.01	101.43	116.81	90.22	142.89	134.22	26.14	10.69	6.17	7.74	41.47	4.70	94.38	105.49	87.28	107.54	71.25	76.10	15.69	19.39	6.35	29.86	0.00	55.44	113.85	91.84	123.05	121.38	96.33	76.30	132.89	81.79
32.23	20.21	23.70	19.69	19.25	27.53	11.98	22.13	26.59	21.69	16.09	15.88	17.62	11.71	46.97	52.48	41.40	46.57	33.35	28.51	32.47	27.78	31.42	16.35	58.65	38.78	35.70	51.18	19.41	16.13	54.36	85.02	18.31	71.44	82.66	85.32	79.95	65.64	72.15	56.56	76.14	29.31	52.07	14.90	42.71	0.45	18.89	74.39	63.96	77.37	75.19	63.35	0.00	63.63	16.81	76.22	66.63	44.64	18.40	62.54	20.93
44.71	43.69	45.38	44.04	48.50	44.60	47.40	49.26	42.44	50.21	41.88	50.04	48.41	43.86	101.89	93.59	103.56	87.23	78.71	85.92	92.48	39.92	42.19	42.14	101.40	73.75	74.86	29.78	46.80	53.81	5.84	25.46	43.17	26.03	18.25	128.49	134.75	127.40	121.92	110.40	116.10	61.23	16.05	49.44	49.65	62.07	46.89	134.80	124.32	121.89	139.09	131.33	55.08	0.00	49.54	12.40	29.58	25.65	41.27	0.39	47.85
12.38	1.02	4.14	4.65	3.42	7.50	8.53	1.46	6.45	2.31	9.89	7.09	1.05	9.11	72.96	71.89	61.15	65.19	38.63	41.53	41.15	33.48	34.38	2.25	66.40	54.47	49.70	31.29	0.14	2.54	45.33	74.50	4.97	60.80	64.97	94.68	85.76	78.28	98.04	81.06	95.59	25.15	27.47	7.26	23.91	19.72	0.63	86.87	87.69	95.34	100.46	84.29	17.68	42.13	0.00	57.36	52.39	21.96	0.57	44.52	0.23
54.02	48.03	46.57	51.37	54.77	58.85	64.76	57.64	44.39	55.53	50.34	65.21	53.24	61.56	116.76	114.23	118.47	94.69	86.91	93.66	101.02	61.32	64.69	58.08	116.29	82.91	88.46	30.07	49.74	60.19	14.74	27.48	48.65	13.65	17.32	163.87	135.19	150.43	128.01	135.14	136.57	73.95	23.34	54.92	57.10	62.82	50.22	146.60	131.38	139.83	160.82	133.52	75.01	13.85	59.64	0.00	47.42	35.06	59.77	12.04	58.42
59.52	63.87	49.21	64.56	62.90	68.89	62.92	50.86	58.78	54.34	46.88	55.37	60.92	53.83	79.24	72.86	72.14	81.07	83.28	87.56	106.54	33.77	35.70	55.73	68.29	65.82	64.63	52.62	58.84	59.66	36.54	17.09	53.08	50.26	34.53	119.83	127.88	105.60	102.30	110.39	108.85	87.84	32.42	66.12	74.20	62.51	62.26	112.93	104.31	109.11	107.95	118.95	55.18	33.47	59.45	38.37	0.00	47.25	51.77	35.61	61.88
15.79	21.69	16.33	23.72	17.41	18.03	27.57	22.09	20.39	20.54	21.48	30.13	24.66	29.20	86.25	82.91	87.96	96.74	69.18	58.83	68.68	40.85	41.19	24.05	83.14	62.32	69.13	9.23	21.30	25.35	19.78	46.55	22.49	35.48	45.00	131.06	102.19	96.09	111.81	91.81	107.59	44.03	14.23	28.86	27.23	36.45	23.93	109.62	110.82	103.60	116.47	104.19	37.70	30.38	19.97	31.01	53.85	0.00	24.41	25.50	22.87
12.01	1.44	4.85	4.69	4.06	7.08	8.74	2.30	6.00	2.96	8.28	7.11	1.40	8.98	61.27	71.25	55.17	65.87	42.48	43.49	37.00	31.57	30.38	2.05	70.35	52.35	54.61	28.78	0.54	2.17	39.54	61.53	4.56	57.11	61.03	90.96	99.59	93.82	83.01	83.26	93.82	22.39	30.26	5.98	29.44	17.94	1.11	85.05	74.42	82.24	91.75	82.98	18.47	43.01	0.50	61.75	54.06	22.24	0.00	44.30	0.34
45.60	43.84	47.04	49.28	48.30	49.30	45.28	49.81	38.66	39.85	44.59	56.60	44.40	54.46	96.11	100.93	88.60	98.77	92.43	77.60	94.33	48.53	50.39	51.41	103.85	85.86	73.19	28.33	48.36	52.17	5.67	29.13	46.66	26.48	17.74	126.78	128.85	134.38	136.73	139.11	120.02	59.08	15.99	50.36	47.29	54.06	48.84	119.48	130.46	128.86	132.31	127.44	64.19	0.33	51.23	12.44	32.67	28.50	44.33	0.00	47.10
11.49	0.85	4.43	4.23	3.42	8.25	9.14	1.75	6.02	2.70	8.38	6.08	1.20	9.20	60.51	63.60	56.79	66.25	46.11	36.68	41.98	30.98	28.34	2.62	77.67	49.01	60.21	28.90	0.33	2.73	45.54	57.44	4.92	61.15	57.58	87.85	100.45	93.21	82.29	76.95	97.57	24.71	31.23	6.80	27.69	19.78	0.74	96.01	96.73	89.96	93.19	80.63	20.47	46.19	0.18	56.98	50.79	21.60	0.37	49.53	0.00
~
Delivery quantities;
22 0 2 2 5 1 3 0 1 3 4 3 0 4 1 2 8 6 0 4 6 1 0 0 8 4 2 6 0 2 1 6 4 2 1 1 4 1 1 0 1 1 2 0 3 2 4 1 3 2 4 4 6 6 6 6 3 6 2 3 
~
Pick-up quantities;
20 54 0 0 0 0 40 40 0 42 24 0 12 0 0 8 24 18 30 0 12 0 6 30 12 4 0 4 12 0 0 18 0 6 0 18 6 0 0 4 12 0 8 8 4 18 4 8 6 0 0 8 0 4 0 0 0 6 6 0 
~
Vehicle capacity; 
100 100 100 100 100 100 
~


