Cost matrix;
0.00	19.49	20.13	24.11	10.61	10.98	8.65	6.17	12.70	22.46	10.88	8.75	21.12	85.16	11.12	86.41	85.63	38.03	73.90	77.60	75.76	74.18	46.23	57.49	47.23	39.95	12.33	45.11	40.17	86.42	69.80	31.42	16.99	37.45	14.18	38.61	45.40	51.92	65.68	42.22	67.35	59.26	63.61	26.52	47.93	44.12	42.85	49.01	18.86	11.39	43.01	30.38	29.54	16.07	82.93	99.47	77.61	69.56	97.32	72.35	45.13
20.01	0.00	0.83	29.29	9.96	9.45	10.73	13.52	5.94	31.11	8.45	9.05	6.35	53.45	30.57	66.71	58.04	24.98	65.25	63.68	68.41	55.07	36.99	34.27	61.55	24.40	11.46	22.18	42.80	64.39	61.77	47.78	35.30	60.95	34.10	51.21	67.79	43.46	43.96	55.66	60.00	46.01	52.67	30.64	61.28	55.46	44.54	55.07	28.21	9.00	52.36	32.81	42.51	27.19	69.64	89.83	51.71	41.08	79.94	73.99	56.98
19.51	0.96	0.00	31.62	8.84	10.00	9.92	14.03	6.80	30.21	10.60	8.37	8.11	55.03	33.74	68.59	53.70	27.39	61.16	70.54	67.46	68.16	33.92	37.06	61.02	24.13	11.37	25.63	45.52	63.35	55.77	47.51	39.65	50.08	32.21	52.98	53.14	43.19	48.31	53.95	57.68	45.76	57.35	31.00	64.12	60.77	46.90	57.64	31.23	9.11	58.11	32.21	43.50	23.65	64.80	97.34	63.81	44.47	88.25	73.32	55.98
29.66	30.61	30.62	0.00	33.41	31.46	28.00	34.63	33.67	45.03	29.80	23.84	37.36	82.92	31.75	91.06	77.28	52.01	79.76	92.94	89.82	75.61	61.21	58.95	32.05	39.28	29.71	38.15	15.80	75.49	66.58	37.26	38.26	43.88	27.76	48.18	65.03	56.76	64.45	27.52	90.15	34.78	28.64	0.22	26.80	26.40	16.04	33.19	17.96	32.36	33.56	0.58	24.19	12.16	89.14	136.31	88.48	66.91	109.20	66.37	53.95
10.25	9.44	11.25	30.52	0.00	1.23	1.89	5.75	3.50	23.31	0.47	2.92	10.38	72.98	22.63	73.14	68.46	23.07	58.30	66.17	77.01	62.55	38.91	46.03	53.15	33.24	3.25	30.04	46.79	66.68	75.60	47.45	24.62	54.47	20.52	47.63	53.65	47.09	54.39	49.63	63.90	45.78	55.77	32.88	49.76	55.46	42.25	50.44	29.48	0.22	47.61	33.62	38.63	22.64	83.62	98.94	63.49	57.31	78.90	72.94	51.23
12.09	7.86	9.94	27.93	1.34	0.00	2.62	7.08	3.25	22.64	1.67	4.78	8.32	58.36	23.51	64.13	68.73	22.73	59.32	74.83	73.12	76.48	36.01	42.87	58.05	30.32	2.20	31.98	42.03	71.68	71.34	51.43	28.14	53.12	26.08	43.83	51.46	44.67	51.81	47.75	69.30	55.39	66.65	31.00	51.96	51.10	42.60	60.42	31.97	1.35	48.52	27.74	35.54	22.86	79.93	107.33	64.41	48.22	87.93	80.28	50.42
8.06	10.38	9.03	32.09	1.58	3.14	0.00	5.28	4.18	19.75	1.47	1.98	9.83	61.25	20.38	72.71	66.67	27.52	63.74	69.54	75.96	67.26	43.15	47.09	45.88	36.36	4.26	29.26	38.35	79.07	71.45	40.38	26.61	42.23	22.51	46.69	45.84	45.38	51.10	54.27	69.37	46.45	58.26	25.74	51.01	55.58	48.84	49.70	24.83	1.96	47.00	28.30	34.41	20.75	72.33	97.59	59.38	55.02	80.31	82.67	47.81
5.63	13.56	16.35	31.05	6.66	7.49	5.86	0.00	8.96	17.17	6.64	7.59	16.51	62.69	17.50	70.80	74.26	29.46	73.64	68.40	74.32	85.57	47.07	45.69	45.06	35.57	7.25	35.94	47.17	84.98	84.47	36.41	19.28	48.09	19.02	40.71	45.88	58.70	63.58	47.43	62.42	55.13	63.22	32.38	47.01	51.51	43.51	48.18	24.37	6.22	47.56	31.28	36.68	21.39	77.39	110.47	63.77	55.52	87.50	65.05	49.65
14.31	5.88	6.30	33.66	3.01	3.06	3.68	10.06	0.00	22.49	3.03	4.12	7.85	56.62	28.64	69.11	63.78	23.03	68.71	67.31	59.37	67.38	38.04	35.85	60.20	33.08	3.91	32.54	40.50	66.65	72.68	47.80	32.34	55.01	23.39	54.42	48.97	49.95	48.35	51.93	57.77	42.37	53.55	29.78	59.69	59.48	39.47	53.37	28.00	3.26	59.61	33.82	45.06	21.90	77.84	103.13	66.08	54.41	97.34	76.98	50.74
24.30	28.09	30.88	53.10	22.30	21.35	20.90	19.19	26.31	0.00	21.42	26.21	23.38	74.26	26.59	67.16	73.16	22.04	66.77	70.63	87.49	89.53	44.31	49.58	70.31	48.98	18.21	49.21	72.02	75.78	84.16	47.96	22.45	45.33	28.20	46.28	43.39	66.65	82.29	78.88	80.62	65.36	75.16	54.59	66.61	76.86	66.76	72.02	34.35	23.82	68.80	55.23	44.09	34.30	85.04	106.05	66.74	74.66	78.91	75.78	55.11
11.21	9.38	10.64	31.27	0.51	1.43	1.68	6.71	3.12	21.16	0.00	3.23	8.56	65.84	20.30	69.71	63.32	23.11	65.14	64.66	76.51	75.31	40.77	39.30	48.19	28.69	3.76	34.03	49.26	74.00	61.14	42.78	24.37	44.99	21.64	42.22	53.14	51.72	50.39	57.60	67.52	45.43	54.54	30.50	54.79	51.09	47.94	60.62	25.94	0.37	49.45	27.12	41.48	18.88	79.20	100.20	61.96	50.01	94.13	71.60	46.51
10.64	7.70	8.77	25.33	3.48	3.76	1.82	7.21	4.18	21.85	3.20	0.00	11.86	68.33	20.08	66.30	75.38	30.48	68.53	63.36	71.10	61.75	47.31	38.44	48.40	27.78	5.97	31.05	41.39	63.90	64.33	44.69	26.33	51.79	19.74	47.30	52.49	43.42	51.75	53.55	62.38	42.46	59.10	25.04	53.66	51.06	47.53	55.74	24.35	2.92	46.26	25.74	42.01	16.97	70.83	94.83	59.01	56.47	86.84	78.40	58.60
22.31	6.23	6.67	34.57	10.54	8.03	12.12	17.25	7.12	22.56	8.84	11.68	0.00	54.72	30.17	56.38	63.31	17.19	48.96	59.69	56.87	60.07	28.86	31.76	56.49	24.17	9.29	25.46	51.74	56.84	58.29	54.80	36.90	57.72	31.52	50.89	52.61	40.71	46.49	57.89	56.85	51.97	73.36	33.42	67.98	59.64	55.57	65.80	33.00	8.95	61.24	36.00	46.80	27.06	58.46	87.39	59.46	46.39	77.96	80.82	64.95
67.00	66.37	60.62	76.38	61.39	64.86	75.56	74.94	61.95	74.58	74.32	61.90	60.55	0.00	93.51	3.48	0.50	44.21	0.20	9.56	9.26	33.93	24.86	26.99	115.47	45.25	63.30	41.03	95.60	31.74	26.25	107.85	91.07	100.28	81.19	128.16	122.79	37.14	44.85	118.01	3.05	63.35	102.00	82.93	103.47	115.65	99.47	109.18	80.09	64.34	119.55	90.57	112.60	89.09	16.43	44.50	1.92	18.17	38.66	143.82	120.45
11.95	29.67	27.39	25.94	20.15	25.33	22.44	15.65	22.41	24.73	20.98	23.96	35.30	83.87	0.00	87.38	80.20	50.69	84.49	87.60	89.41	97.11	61.66	66.07	32.12	58.19	23.13	47.62	38.28	91.99	86.58	24.33	10.97	24.44	0.29	25.08	35.51	69.82	70.33	43.71	99.16	58.42	61.87	30.26	41.10	39.73	44.39	36.84	12.86	21.06	35.32	30.90	23.36	16.37	89.39	110.86	82.19	72.13	115.14	58.11	29.26
70.90	54.13	56.26	80.14	59.75	61.98	70.02	67.32	71.80	76.55	63.41	67.57	58.54	3.67	80.66	0.00	3.20	52.09	3.73	10.59	13.26	32.67	30.54	26.90	118.39	50.49	58.71	47.84	95.97	35.81	35.51	101.62	101.50	113.38	100.02	126.21	131.09	41.00	42.34	114.11	3.49	63.33	101.27	79.74	105.15	110.84	109.00	104.70	84.13	59.53	127.11	91.90	116.02	91.84	12.52	43.75	3.08	21.77	34.10	149.02	105.55
71.36	53.14	64.03	75.73	70.12	57.75	74.57	75.12	56.26	79.10	58.29	68.35	55.83	0.49	99.62	3.54	0.00	43.75	0.32	9.76	9.41	29.06	22.62	22.91	111.00	50.41	63.95	51.21	103.57	27.55	28.29	103.22	83.38	119.33	94.96	118.76	122.47	37.97	36.37	115.59	3.47	57.01	99.58	86.44	101.16	103.73	91.16	114.33	82.67	71.57	113.90	79.83	115.90	89.14	17.08	48.09	2.47	19.90	36.12	136.97	120.68
34.81	21.69	23.61	55.37	26.94	26.48	29.90	26.96	22.27	27.74	27.60	27.01	18.01	45.85	44.19	53.41	45.23	0.00	48.54	56.37	53.49	62.41	21.34	23.27	73.70	42.27	23.62	40.87	67.96	63.58	57.63	66.91	41.08	73.87	48.90	65.93	74.25	52.52	53.04	71.46	41.64	64.75	86.28	54.98	79.08	76.03	65.59	84.46	54.67	22.38	74.48	59.18	69.08	49.79	51.31	76.28	44.46	43.05	69.07	89.96	75.75
72.06	56.94	62.82	72.87	61.20	59.96	68.36	71.18	68.14	79.32	68.22	68.45	54.65	0.17	95.32	3.53	0.38	46.81	0.00	9.43	10.44	34.50	26.81	22.35	130.44	41.91	64.86	51.32	105.68	32.55	30.03	106.22	97.27	116.26	98.53	117.54	99.77	35.66	41.96	110.53	3.01	56.44	114.54	90.57	124.88	114.88	96.56	101.17	97.25	63.39	100.87	91.91	100.33	81.70	14.36	45.76	2.55	17.82	38.66	123.22	132.98
83.50	71.19	59.56	87.58	74.77	69.18	74.29	86.55	73.41	74.98	79.51	78.05	67.89	11.49	82.35	11.46	9.52	53.31	9.94	0.00	0.40	20.75	32.69	31.11	123.83	43.27	67.30	49.15	87.73	22.11	21.87	107.23	85.28	113.73	87.86	134.44	127.25	35.66	41.14	101.19	11.53	52.51	93.47	87.48	122.38	121.89	82.75	101.01	86.46	66.83	103.56	82.43	111.65	75.14	22.22	50.03	12.23	17.46	43.12	147.96	118.23
86.16	70.82	56.11	75.67	77.32	73.49	62.26	67.86	74.43	87.33	73.03	77.68	59.49	10.06	82.03	12.44	10.39	50.89	9.35	0.41	0.00	24.94	29.04	35.30	107.45	43.96	72.20	46.77	97.08	23.64	23.77	107.25	84.72	112.27	103.34	114.90	111.92	29.19	39.79	93.57	13.59	61.46	108.59	73.83	129.16	100.20	99.68	123.68	98.35	64.69	103.93	92.22	109.35	77.93	22.99	42.57	11.04	15.80	35.94	161.34	116.10
87.87	67.14	55.69	76.29	72.70	64.59	62.80	70.43	68.51	85.47	78.14	68.58	67.96	34.18	88.92	31.32	28.40	71.56	32.06	22.88	24.50	0.00	40.34	39.86	123.40	34.91	62.45	43.60	84.41	0.46	1.37	123.90	97.40	108.41	90.82	118.92	106.99	22.13	18.24	97.72	37.95	39.16	80.23	80.70	103.39	117.99	78.57	109.17	83.24	67.32	117.83	76.82	103.26	83.01	42.26	61.68	35.40	19.66	62.15	133.15	127.40
53.54	33.63	36.84	58.59	36.32	41.38	44.94	48.70	41.02	48.27	40.73	43.04	34.65	24.17	61.96	26.49	24.99	26.66	27.74	35.69	35.30	45.64	0.00	0.19	82.53	31.07	34.55	33.61	70.61	43.57	41.00	78.20	60.48	81.78	65.75	84.09	93.87	33.18	40.48	92.42	24.74	46.13	85.78	69.29	101.49	102.05	67.16	89.03	70.32	45.98	85.79	65.36	76.99	58.96	31.47	62.00	25.08	18.90	52.05	108.45	92.94
45.18	38.88	31.91	66.46	38.15	45.58	43.52	47.54	43.42	48.95	46.45	47.06	31.82	22.35	57.59	26.18	27.24	25.26	24.23	29.00	34.31	43.05	0.21	0.00	84.59	27.55	38.00	33.35	79.43	36.40	40.67	93.26	59.31	91.82	65.62	88.82	90.31	31.86	39.35	86.73	24.64	57.11	78.46	68.37	81.94	80.18	77.58	89.15	61.19	41.27	83.61	69.85	79.78	63.46	29.63	56.40	22.94	21.30	53.73	120.71	89.61
44.52	59.94	65.42	29.55	48.89	50.12	53.88	47.96	52.77	56.69	59.48	57.55	58.40	107.74	39.16	104.43	111.19	69.68	101.81	111.35	132.32	102.24	97.56	103.89	0.00	68.42	56.49	79.20	28.76	98.43	117.08	27.18	46.27	32.05	34.03	32.02	54.94	80.93	97.16	20.50	107.50	70.78	37.24	36.67	9.63	10.56	28.32	9.05	28.57	56.77	0.50	37.48	16.89	30.86	132.68	164.07	109.82	93.48	139.87	27.14	30.58
42.21	24.98	25.68	38.79	35.55	37.00	35.50	40.21	28.74	53.52	28.77	29.60	29.55	47.92	51.70	56.15	51.47	38.14	44.65	52.17	46.42	37.72	32.66	33.82	79.65	0.00	37.76	0.51	50.41	40.99	37.38	79.32	64.32	85.62	50.29	83.49	90.77	18.51	21.64	56.89	45.88	24.90	61.07	38.35	74.29	60.55	50.91	67.15	45.02	35.66	72.12	37.04	66.98	38.48	55.65	98.43	50.50	27.34	89.14	96.99	88.60
13.45	10.15	12.24	36.50	3.02	1.80	4.48	6.07	4.84	19.20	3.78	6.22	9.53	65.06	21.41	61.81	64.76	19.88	58.62	67.81	72.88	63.76	41.99	38.17	60.29	31.20	0.00	38.05	42.58	76.84	65.61	42.38	28.97	49.88	21.97	47.54	51.35	53.51	52.74	54.09	61.34	51.39	66.47	30.72	58.43	55.75	51.01	57.22	33.60	2.71	51.84	34.41	43.57	22.58	65.87	104.68	65.77	51.13	98.55	71.73	53.91
36.11	24.95	26.33	37.90	31.85	29.35	35.26	34.90	30.02	57.86	30.26	28.08	28.76	49.40	55.01	45.72	43.69	40.73	46.84	50.39	48.50	43.77	34.33	27.15	62.66	0.58	35.72	0.00	47.79	39.28	39.49	80.27	62.29	83.91	46.68	80.89	94.19	15.74	22.50	62.90	48.95	23.93	64.14	40.90	70.91	64.97	51.99	63.43	44.83	32.30	73.58	40.79	67.92	45.83	55.87	90.16	41.31	26.31	84.68	109.37	72.14
42.47	41.34	46.52	13.43	42.86	43.28	43.32	47.17	50.68	55.73	42.64	44.93	56.06	98.68	41.11	101.18	102.53	61.30	83.18	91.06	85.46	72.94	81.83	80.80	33.83	41.05	44.65	47.59	0.00	87.81	79.16	53.02	57.04	57.87	43.00	56.79	65.48	57.14	69.97	12.97	94.66	45.73	18.60	14.63	24.31	21.60	0.41	20.59	29.83	46.70	33.74	14.43	30.18	30.20	95.33	122.20	88.92	84.03	115.35	65.28	60.17
83.55	58.72	55.76	78.32	70.78	63.75	78.09	78.66	74.42	74.72	62.20	67.51	59.20	32.99	97.70	38.29	33.12	71.23	34.30	22.20	20.11	0.41	42.98	38.19	110.80	42.61	66.82	39.30	79.80	0.00	1.58	100.47	100.36	108.12	103.32	103.80	110.38	20.82	21.97	106.19	33.77	48.30	90.59	69.24	95.06	109.84	74.76	109.04	93.51	67.30	119.11	77.56	89.05	91.43	42.95	67.39	35.73	22.42	56.95	145.85	106.66
80.00	54.28	62.74	79.58	77.88	61.23	79.67	85.05	59.95	91.40	67.75	75.68	63.26	29.20	83.71	31.12	27.77	59.30	26.63	22.03	19.32	1.53	36.55	34.66	97.21	40.80	74.24	39.50	83.37	1.89	0.00	123.56	83.99	127.93	93.38	113.06	131.05	20.84	21.48	99.53	32.56	45.24	84.69	79.95	97.07	94.28	74.08	94.45	82.97	61.46	100.53	79.46	95.50	71.38	45.23	62.23	28.78	16.74	64.29	122.55	126.73
35.88	58.99	55.13	37.86	48.45	43.87	43.41	36.03	51.22	50.36	39.99	40.48	48.97	97.30	23.82	101.24	112.84	58.53	124.21	100.91	116.30	115.49	75.19	79.85	24.74	71.22	46.70	73.35	49.45	98.98	110.94	0.00	24.44	6.91	20.71	6.10	24.58	95.74	105.14	44.34	104.75	84.42	60.73	44.76	38.00	38.06	49.54	34.25	24.45	43.78	25.34	38.52	17.52	28.19	134.65	130.84	101.92	99.04	134.29	31.22	8.86
15.67	37.47	36.32	35.21	27.55	26.45	28.11	22.35	26.95	23.85	24.81	28.11	36.60	101.77	10.67	97.79	95.84	46.83	79.11	93.27	84.04	89.73	64.00	65.64	43.70	52.72	29.72	62.90	49.18	84.36	108.35	24.77	0.00	25.13	11.52	24.66	26.24	67.03	88.93	59.78	90.90	70.24	76.03	36.45	44.95	46.42	49.03	53.63	23.05	24.79	40.43	37.46	28.12	28.47	108.50	107.42	94.29	81.68	120.76	62.57	30.24
38.20	63.15	59.12	52.87	53.74	48.44	42.87	45.73	46.60	43.49	51.32	46.79	54.27	124.46	23.80	104.02	102.72	65.85	104.01	131.81	123.71	130.89	79.31	94.81	31.88	70.41	47.57	84.14	51.66	132.43	122.99	6.21	26.90	0.00	23.12	0.63	20.94	105.75	100.60	49.24	105.76	91.66	65.53	48.02	41.72	44.39	53.12	45.93	30.29	49.99	33.51	48.13	21.33	34.11	109.06	140.46	102.72	110.53	152.70	28.26	3.60
12.28	31.99	28.18	31.93	21.67	21.94	20.18	16.69	28.89	27.25	20.86	22.75	35.78	85.83	0.33	88.26	91.97	48.87	79.01	90.74	103.86	85.04	60.33	71.99	36.92	56.64	26.27	54.72	40.32	90.25	95.78	23.01	9.68	24.07	0.00	24.17	35.42	67.49	79.39	40.05	98.96	65.72	52.69	26.35	42.18	44.96	37.14	41.69	10.83	24.68	37.73	30.26	23.20	17.72	88.07	136.74	92.48	77.08	98.06	48.19	33.17
34.08	51.98	53.64	48.74	44.24	43.04	44.21	46.69	53.52	48.08	48.43	46.20	57.35	115.63	23.91	123.01	100.77	76.64	111.58	104.67	133.39	123.41	95.48	101.21	28.28	70.54	52.95	83.08	56.59	126.53	103.55	6.78	25.54	0.50	26.95	0.00	18.09	106.64	106.56	51.23	125.40	81.37	68.26	41.57	40.61	45.61	60.68	41.17	25.12	46.80	29.67	47.90	26.14	36.43	133.54	139.08	117.62	103.29	119.57	29.01	4.35
41.18	56.32	66.35	58.56	50.99	46.86	52.39	48.67	49.93	41.38	48.13	57.05	64.44	107.03	35.37	117.42	119.96	67.00	111.62	118.77	123.68	122.15	94.43	88.08	50.37	85.99	53.57	88.37	70.96	120.18	111.45	24.91	24.68	20.56	31.85	16.76	0.00	90.76	106.98	72.41	105.92	86.64	77.92	63.56	63.53	60.34	62.46	51.83	38.93	46.67	46.51	59.35	43.22	45.83	107.57	128.66	127.38	96.29	134.81	50.00	20.09
61.40	36.05	36.34	59.72	46.25	47.94	52.08	51.71	51.12	69.82	45.42	54.72	47.02	33.11	73.86	37.68	40.98	44.28	35.08	37.01	35.02	21.02	32.32	29.33	80.91	16.90	48.43	17.70	55.55	23.17	20.64	80.52	72.40	83.07	67.25	84.03	93.81	0.00	9.55	75.53	37.36	29.31	62.41	53.05	86.81	87.52	63.54	86.09	70.67	52.22	91.98	60.06	78.29	65.08	57.66	74.41	34.47	17.78	77.73	109.55	87.21
56.96	51.95	48.63	62.58	50.22	60.82	50.12	55.25	51.81	69.94	50.51	58.21	48.13	39.94	70.24	50.32	40.13	62.43	36.81	32.90	38.27	20.20	38.26	35.00	83.90	26.24	63.16	23.33	69.04	19.37	17.82	104.55	87.52	99.48	71.96	99.94	99.42	7.64	0.00	71.87	44.97	21.35	78.26	64.49	77.91	74.94	62.64	80.73	74.47	56.49	84.73	63.49	86.27	56.17	58.98	90.31	46.05	22.50	80.42	126.22	101.91
54.32	58.77	47.03	25.88	56.46	58.75	48.31	47.50	60.18	72.05	60.12	44.97	57.15	110.87	43.01	104.45	110.80	88.26	112.90	102.36	114.95	97.81	77.66	92.66	22.66	51.35	63.50	64.10	11.31	89.08	87.62	40.23	60.58	53.99	45.56	49.78	68.77	68.84	69.59	0.00	97.63	47.20	17.05	21.93	14.03	12.87	13.42	12.27	31.40	54.33	19.67	25.22	29.79	34.83	113.55	141.11	114.13	81.94	124.86	57.44	47.44
78.02	65.39	53.67	75.39	71.12	61.62	63.79	64.39	55.79	78.72	71.72	61.32	49.34	2.93	95.30	3.55	2.85	49.64	2.85	13.56	12.75	33.49	26.97	24.92	122.44	43.65	56.79	51.24	97.68	29.73	28.44	117.16	81.15	123.24	83.84	113.62	119.09	38.50	45.79	110.15	0.00	67.84	108.18	74.78	122.81	112.96	101.69	118.83	100.37	63.90	126.15	81.06	110.21	76.86	14.43	37.26	0.61	22.01	33.35	129.58	118.54
55.65	45.17	43.01	39.77	55.64	45.35	49.64	52.79	54.13	66.60	45.09	53.53	50.65	61.67	71.90	71.90	55.35	59.03	64.94	63.78	67.15	40.50	56.78	52.98	67.34	20.98	48.85	23.60	45.57	38.30	45.43	85.07	65.71	78.53	61.87	74.82	84.66	28.70	22.65	54.26	65.19	0.00	49.53	36.39	57.01	66.67	42.34	59.74	52.29	47.40	74.52	36.53	61.30	47.05	83.35	101.89	61.45	48.79	102.18	113.96	82.48
56.35	61.50	62.17	30.64	69.56	66.49	57.10	55.40	64.04	72.24	63.96	51.26	64.53	107.15	64.22	121.12	106.32	75.05	109.57	115.87	110.82	94.59	95.64	95.07	39.62	54.21	61.70	60.64	18.10	96.49	100.51	55.73	69.21	58.50	53.13	73.01	89.87	67.80	74.01	17.33	97.90	45.22	0.00	30.96	28.35	32.33	18.27	31.67	44.00	54.41	33.89	27.72	39.79	45.60	106.56	162.20	106.36	86.46	132.39	64.47	73.93
27.84	25.75	29.49	0.23	30.10	35.06	26.02	28.62	29.25	48.98	33.53	27.51	35.46	78.21	32.57	87.17	75.31	54.85	87.79	90.46	83.11	69.05	64.62	68.57	35.75	40.58	33.83	34.02	13.51	77.55	84.47	40.97	35.92	47.09	30.81	51.98	61.96	57.10	55.68	21.74	79.60	34.29	32.90	0.00	27.63	32.90	14.27	29.40	20.58	27.05	36.15	0.38	27.81	14.96	104.56	137.75	93.13	75.83	99.01	59.32	46.98
43.80	50.68	59.88	34.35	60.38	54.65	49.09	57.20	55.23	72.99	62.54	55.26	55.34	117.78	43.56	127.21	113.30	73.24	128.24	118.76	111.16	110.72	85.75	94.56	10.66	67.74	60.92	69.23	25.69	108.46	104.76	36.70	43.81	43.08	42.63	36.89	66.54	82.47	95.61	13.20	113.67	62.94	31.83	28.57	0.00	0.33	24.09	0.57	26.78	54.84	10.17	32.46	21.37	34.72	125.39	164.75	125.87	97.27	152.07	40.89	43.68
48.78	56.62	55.23	33.57	56.93	49.35	59.87	55.95	55.51	76.34	60.59	53.81	68.34	120.37	37.36	131.70	112.93	81.40	120.06	121.59	124.79	111.83	94.10	101.35	10.78	73.93	60.98	75.47	24.27	100.84	93.68	37.91	55.96	44.92	42.85	38.30	58.98	89.04	80.39	13.56	123.76	60.94	27.23	27.75	0.38	0.00	21.18	0.28	29.26	51.63	9.03	29.05	20.66	37.17	113.81	156.83	116.06	89.73	132.49	37.99	42.15
38.18	44.77	44.38	17.10	50.10	44.89	39.53	44.66	48.55	60.52	39.81	38.36	53.11	88.49	41.22	100.58	103.74	63.01	103.89	103.34	84.03	81.40	73.69	80.81	33.42	40.90	50.23	46.83	0.46	87.72	76.89	47.67	50.77	53.98	46.87	47.65	70.96	63.35	69.95	12.68	102.53	40.46	15.82	15.86	21.86	26.54	0.00	22.97	33.25	46.27	29.55	13.34	28.41	24.07	120.90	120.19	101.28	81.79	111.07	58.51	64.66
50.59	53.61	54.43	33.36	61.66	54.03	60.04	52.71	58.16	61.46	52.29	55.25	60.62	126.18	35.68	129.91	117.90	70.09	111.73	117.11	114.60	107.10	94.89	84.07	9.47	59.76	61.92	72.10	21.36	114.17	113.82	34.09	51.49	40.80	42.16	37.76	56.96	74.75	77.84	13.21	101.65	69.39	29.30	32.69	0.71	0.22	25.13	0.00	26.91	59.15	8.93	32.47	20.00	32.48	141.37	160.62	106.13	100.72	128.73	35.81	43.26
16.28	29.73	29.91	18.74	24.40	27.38	26.78	22.83	32.67	43.23	26.08	24.98	38.82	91.74	13.24	93.66	86.21	56.58	87.29	103.88	91.02	96.63	76.06	66.89	29.39	44.03	28.63	47.53	33.78	80.75	84.84	22.91	23.37	29.74	12.64	30.62	37.14	68.62	77.68	32.29	86.78	62.92	41.47	16.85	28.61	32.23	27.42	30.58	0.00	28.20	27.75	20.07	13.49	8.96	100.46	126.47	90.91	69.28	127.61	44.05	30.82
9.40	8.07	10.14	26.90	0.18	1.34	1.69	5.94	3.13	19.01	0.33	2.86	9.65	57.63	23.03	71.51	63.23	24.35	58.46	78.35	62.69	62.05	44.41	41.99	48.04	30.22	3.37	30.09	40.76	74.02	62.79	43.13	27.48	54.90	22.25	42.72	54.93	55.20	49.91	56.02	64.12	49.38	57.27	27.43	49.55	49.48	46.14	52.04	29.05	0.00	49.61	27.89	38.94	22.08	72.26	91.58	57.22	52.44	95.39	73.62	47.77
41.53	65.44	57.63	37.18	49.87	53.40	54.21	57.77	60.11	57.83	59.88	45.17	68.52	121.94	39.01	115.50	115.37	78.04	114.77	108.08	113.33	111.11	94.41	89.83	0.57	70.85	63.22	69.47	31.84	117.36	106.09	26.68	43.55	30.31	32.21	34.18	46.07	80.85	85.74	24.29	113.04	73.14	41.18	31.66	9.96	8.38	28.22	9.69	28.85	51.28	0.00	34.13	14.72	34.36	117.67	153.66	106.41	92.40	133.70	32.78	30.34
26.94	30.86	26.91	0.53	28.60	31.53	27.31	32.96	28.08	49.87	30.06	27.40	33.10	92.23	31.81	85.22	87.63	49.30	74.62	85.54	91.77	76.50	63.85	60.86	36.58	34.17	34.25	42.16	15.11	83.89	71.17	43.69	41.05	43.14	30.68	51.59	63.71	51.62	56.35	26.32	81.68	42.93	30.44	0.49	29.45	31.58	13.85	27.95	20.35	31.17	35.04	0.00	23.95	14.00	91.54	118.57	87.46	73.64	122.10	62.70	52.25
30.06	42.91	41.37	21.90	37.29	45.48	36.25	32.45	36.83	53.04	41.73	37.29	49.42	103.28	22.23	119.40	93.28	65.99	105.74	118.64	93.27	103.11	87.85	80.23	13.73	59.66	37.90	65.53	29.91	91.09	101.08	17.89	33.22	25.28	23.80	25.00	40.43	70.78	73.93	23.78	108.86	61.82	39.93	26.05	22.38	22.75	31.99	17.88	10.58	36.52	15.45	28.53	0.00	20.02	111.55	139.07	106.84	92.96	138.21	41.36	30.33
15.09	23.75	27.32	14.31	18.68	22.56	20.63	18.26	22.49	33.28	22.98	19.74	27.88	76.59	15.12	95.84	93.82	50.69	90.19	88.65	79.24	74.05	63.52	58.04	35.30	39.66	22.17	39.17	26.18	75.76	86.51	30.85	28.45	35.80	14.62	36.24	51.25	60.48	68.11	33.40	76.36	46.01	45.05	12.11	34.58	37.46	24.47	32.02	8.59	18.85	35.68	14.11	22.33	0.00	83.14	117.83	72.66	75.75	103.09	51.25	36.80
84.15	75.02	70.60	90.74	72.61	71.93	78.80	75.82	70.24	82.29	81.23	81.05	67.54	15.92	98.96	11.12	15.83	51.88	16.57	22.06	25.24	48.95	31.46	34.30	127.84	58.41	66.51	63.02	98.32	52.52	44.26	106.78	86.49	127.08	107.03	133.49	104.54	51.27	64.00	119.65	14.03	73.09	133.05	98.75	136.92	117.44	95.31	116.01	114.38	76.90	125.63	92.47	117.37	93.81	0.00	25.10	12.83	30.65	20.50	135.06	121.76
107.18	97.81	100.06	108.85	108.80	86.35	98.60	96.69	99.22	109.16	90.15	90.54	99.33	40.20	136.07	38.79	45.07	73.64	46.36	51.52	50.14	70.90	56.09	55.73	169.55	86.63	109.37	92.19	151.36	71.36	67.09	151.02	121.86	138.80	113.96	160.99	142.53	85.60	76.25	153.56	41.09	107.02	143.55	115.82	135.56	132.87	121.16	140.96	110.82	91.98	154.07	126.62	143.93	108.12	28.85	0.00	40.80	69.20	9.73	184.90	163.96
67.06	52.91	52.27	86.05	63.18	59.98	72.60	75.83	56.42	76.38	66.50	58.96	48.95	2.30	83.88	3.05	2.47	43.48	2.45	12.60	12.38	29.31	23.54	24.04	108.22	53.49	62.18	45.94	101.28	36.76	35.25	101.11	86.05	101.90	77.13	100.43	103.13	34.60	38.39	112.36	0.54	68.07	94.49	72.35	109.50	117.03	91.38	121.20	99.98	64.92	103.95	78.26	100.80	75.65	13.27	36.65	0.00	17.91	34.98	127.21	127.65
72.51	44.48	48.10	74.84	51.57	54.40	50.17	53.61	50.16	65.34	54.41	49.41	43.09	16.82	78.05	20.33	19.49	44.66	17.97	18.47	16.03	20.72	22.08	22.60	101.36	27.99	52.86	31.56	69.79	17.63	15.91	109.17	72.72	99.36	79.75	101.47	119.20	16.93	25.01	96.46	21.17	46.36	81.77	62.41	109.84	102.17	73.35	96.64	81.25	62.16	88.77	58.72	99.38	72.19	39.27	61.23	21.79	0.00	60.38	132.90	109.21
101.94	95.45	84.51	125.16	79.32	83.42	84.38	100.23	97.61	86.37	92.47	80.99	71.98	30.84	100.38	33.97	35.65	67.60	33.14	38.89	37.07	62.91	55.42	48.27	149.12	87.08	84.87	70.46	133.16	71.72	54.54	146.44	112.53	129.15	110.66	152.29	144.17	68.42	81.10	131.07	34.68	87.18	139.92	101.86	139.82	146.17	139.19	126.67	109.83	91.02	133.09	100.15	125.74	115.50	20.47	8.36	33.82	50.09	0.00	185.70	125.29
70.17	82.09	86.03	61.50	79.31	76.26	65.95	66.51	68.07	87.58	73.35	69.58	87.10	155.19	47.41	141.66	124.01	91.67	126.94	138.11	133.33	148.27	104.09	110.48	33.02	102.14	70.78	105.74	66.05	149.95	144.95	30.01	60.75	29.40	57.78	31.30	41.61	126.90	123.13	53.19	143.36	94.52	73.00	56.14	38.10	36.29	64.07	43.11	43.20	73.13	32.30	55.52	40.44	61.08	164.26	184.25	152.88	121.24	145.21	0.00	25.73
46.73	60.24	54.06	45.74	57.22	47.69	48.78	44.93	62.28	49.52	58.11	54.95	63.97	118.18	30.78	108.95	112.01	69.66	125.64	109.64	118.74	112.25	82.02	85.67	31.03	70.95	50.73	81.33	57.83	132.04	132.86	11.17	32.68	3.83	28.89	5.02	17.04	104.33	116.31	46.99	120.61	90.78	76.32	51.94	44.26	37.19	51.72	37.47	29.21	53.71	35.38	45.85	24.65	38.31	134.54	161.95	130.46	109.19	141.42	26.46	0.00
~
Delivery quantities;
1 20 9 1 6 9 8 6 1 6 9 4 4 0 1 1 10 8 5 2 0 0 1 1 4 10 10 6 3 3 0 3 4 2 2 2 1 3 3 2 6 1 2 2 4 4 3 6 2 4 4 2 4 1 2 2 0 1 6 0 
~
Pick-up quantities;
54 16 0 0 20 0 8 0 0 4 18 12 0 16 0 8 30 18 0 18 8 16 0 16 6 4 0 24 0 0 12 12 18 12 0 0 12 0 18 12 18 4 6 0 12 18 0 0 12 18 8 0 0 0 0 18 18 12 8 8 
~
Vehicle capacity; 
100 100 100 100 100 100 
~
