================================================================
ESTADISTICAS DE USO DE CPLEX
Job: 10
================================================================

ESTADISTICAS GLOBALES:
  Individuos evaluados:     6197
  Llamadas totales a CPLEX: 95246
  Tiempo total usado:       4865,203 segundos
  Porcentaje configurado:   25,0% del baseline por instancia
  NOTA: El presupuesto se calcula por instancia como: baseline_instancia × 25,0%
  Promedio llamadas/indiv:  15,37
  Promedio tiempo/indiv:    0,785 segundos
  Promedio tiempo/llamada:  0,051 segundos

ESTADISTICAS POR GENERACION:
Gen        Individuos      Llamadas        Tiempo Total (s)     Prom. Tiempo/Indiv  
--------------------------------------------------------------------------------
0          108             1123            19,031               0,176               
1          87              900             29,828               0,343               
2          77              743             14,422               0,187               
3          78              1537            81,516               1,045               
4          70              908             42,516               0,607               
5          64              1452            72,563               1,134               
6          67              1236            56,922               0,850               
7          64              716             17,984               0,281               
8          66              1173            60,172               0,912               
9          61              1137            52,859               0,867               
10         60              1222            54,172               0,903               
11         70              825             14,047               0,201               
12         59              979             53,344               0,904               
13         69              1013            14,984               0,217               
14         65              518             16,781               0,258               
15         58              940             56,406               0,973               
16         63              947             44,484               0,706               
17         62              1150            40,813               0,658               
18         63              1941            104,641              1,661               
19         67              1077            30,797               0,460               
20         64              752             3,406                0,053               
21         64              1475            103,750              1,621               
22         60              1431            79,906               1,332               
23         65              1214            69,125               1,063               
24         69              1907            106,141              1,538               
25         69              1195            25,156               0,365               
26         70              1482            80,219               1,146               
27         65              666             19,875               0,306               
28         66              1076            53,750               0,814               
29         58              365             5,984                0,103               
30         62              1105            65,391               1,055               
31         66              427             11,016               0,167               
32         57              358             11,125               0,195               
33         60              567             6,641                0,111               
34         51              600             26,047               0,511               
35         58              809             46,531               0,802               
36         57              579             15,391               0,270               
37         64              1011            34,719               0,542               
38         53              487             15,125               0,285               
39         61              729             21,469               0,352               
40         63              487             6,578                0,104               
41         60              1490            82,188               1,370               
42         54              630             12,750               0,236               
43         66              1498            91,969               1,393               
44         60              631             12,297               0,205               
45         66              1986            108,313              1,641               
46         65              1609            81,406               1,252               
47         69              1937            89,922               1,303               
48         57              1171            51,391               0,902               
49         62              628             2,453                0,040               
50         68              723             16,969               0,250               
51         61              960             42,234               0,692               
52         61              1511            67,313               1,103               
53         60              714             17,969               0,299               
54         63              861             31,547               0,501               
55         59              833             19,734               0,334               
56         58              685             22,125               0,381               
57         62              530             33,313               0,537               
58         64              942             39,766               0,621               
59         61              1348            88,156               1,445               
60         56              609             31,000               0,554               
61         58              982             31,938               0,551               
62         55              1110            24,984               0,454               
63         57              809             53,500               0,939               
64         51              1092            66,984               1,313               
65         55              992             67,172               1,221               
66         62              639             40,141               0,647               
67         58              1169            91,078               1,570               
68         64              70              5,297                0,083               
69         61              1115            83,734               1,373               
70         59              233             8,891                0,151               
71         63              554             23,109               0,367               
72         62              926             79,766               1,287               
73         53              996             82,578               1,558               
74         58              44              3,594                0,062               
75         57              423             31,922               0,560               
76         64              1090            88,750               1,387               
77         60              1339            113,203              1,887               
78         54              326             26,641               0,493               
79         56              1000            83,016               1,482               
80         61              634             41,109               0,674               
81         65              215             11,156               0,172               
82         60              1331            111,750              1,863               
83         55              847             51,516               0,937               
84         62              1435            115,859              1,869               
85         62              1299            99,297               1,602               
86         56              832             37,094               0,662               
87         64              474             29,813               0,466               
88         60              629             28,484               0,475               
89         56              1460            108,094              1,930               
90         56              749             51,734               0,924               
91         52              1100            75,156               1,445               
92         60              595             28,547               0,476               
93         58              1846            133,875              2,308               
94         60              843             32,078               0,535               
95         59              590             23,953               0,406               
96         57              788             35,219               0,618               
97         52              1272            89,844               1,728               
98         64              1083            87,531               1,368               
99         59              760             38,359               0,650               

================================================================
